"id_text","id_line","label","lemma","base","skip","entry"
"P273880",336,"b iii 64","dagsi[hook]N pa[branch]N mušen[bird]N","{ŋeš}dag-si pa mušen",0,"dagsi[hook]N_pa[branch]N_mušen[bird]N"
"P271911",12,"o i 6'","ig[door]N šurmen[cypress]N","ig {ŋeš}šu-ur₂-min₃",0,"ig[door]N_šurmen[cypress]N"
"P271911",62,"o i 42'","saŋdu[beam]N anta[upper]V/t","sag-du an-ta",0,"saŋdu[beam]N_anta[upper]V/t"
"P251686",10,"o 7","guza[chair]N zu[tooth]N kešed[bind]V/t","{ŋeš}gu-za zu₂ keš₂",0,"guza[chair]N_zu[tooth]N_kešed[bind]V/t"
"P273880",219,"b ii 8","emerah[jug]N tu[soup]N","{ŋeš}emerahₓ(|U.U.HUB₂|) tu₇",0,"emerah[jug]N_tu[soup]N"
"P247864",337,"o vi 21","pana[bow]N x-x[NA]NA tab[burn]V/t","{ŋeš}pana x-x tab",0,"pana[bow]N_x-x[NA]NA_tab[burn]V/t"
"P389437",4,"o 3","ŋeš[tree]N min[two]NU giŋ[unit]N","ŋeš min giŋ₄",0,"ŋeš[tree]N_min[two]NU_giŋ[unit]N"
"P271301",56,"o ii 4","pa[branch]N usuh[tree]N","{ŋeš}pa u₃-suh₅",0,"pa[branch]N_usuh[tree]N"
"P250364",174,"r v 2'","aʾaŋa[assignment]N Enlil[1]DN","a₂-aŋ₂-ŋa₂ {d}en-lil₂-ka",0,"aʾaŋa[assignment]N_Enlil[1]DN"
"P388265",49,"ii 32","ildag[poplar]N","{ŋeš}ildag₂",0,"ildag[poplar]N"
"P388265",152,"r i 30","al[hoe]N zu[tooth]N limmu[four]NU","{ŋeš}al zu₂ limmu₅",0,"al[hoe]N_zu[tooth]N_limmu[four]NU"
"P250363",12,"o 11'","usakar[moon]N ig[door]N","{ŋeš}u₄-sakar ig",0,"usakar[moon]N_ig[door]N"
"P332934",185,"o iii 21","ŋešnimbar[palm]N uhin[date]N ses[bitter]V/i","{ŋeš}ŋešnimbar u₄-hi-in ses",0,"ŋešnimbar[palm]N_uhin[date]N_ses[bitter]V/i"
"P370399",20,"o i 17'","x[NA]NA ŋešnimbar[palm]N","x ŋešnimbar",0,"x[NA]NA_ŋešnimbar[palm]N"
"P459218",77,"o iii 28","gag[nail]N har[ring]N apin[plow]N","{ŋeš}gag har apin",0,"gag[nail]N_har[ring]N_apin[plow]N"
"P346714",103,"r iii 25'","ŋešrin[scales]N 1(AŠ)[NA]NA gun[load]N","ŋeš-rin₂ 1(AŠ) gun",0,"ŋešrin[scales]N_1(AŠ)[NA]NA_gun[load]N"
"P250736",117,"o iv 10","bisaŋ[basket]N |LAGAB×U|[NA]NA aš-ba[NA]NA","{gi}bisaŋ |LAGAB×U| aš-ba",0,"bisaŋ[basket]N_|LAGAB×U|[NA]NA_aš-ba[NA]NA"
"P332934",339,"r iii 42'","{ŋeš}x[NA]NA","{ŋeš}x",0,"{ŋeš}x[NA]NA"
"P235262",87,"d i 30'","e[house]N usan[whip]N gigir[chariot]N","{ŋeš}e₂ usan₃ gigir",0,"e[house]N_usan[whip]N_gigir[chariot]N"
"P253866",45,"o ii 9'","guza[chair]N sirda[cnne]N","{ŋeš}gu-za sir₃-da",0,"guza[chair]N_sirda[cnne]N"
"Q000001",320,"320","amsi[elephant]N kur[mountain]N","am-si kur",0,"amsi[elephant]N_kur[mountain]N"
"P346714",94,"r iii 16'","malalum[container]N","{ŋeš}malla",0,"malalum[container]N"
"P459218",44,"o ii 24'","ŋešellag[tool]N","ŋeš-ellag",0,"ŋešellag[tool]N"
"P271549",6,"3'","ma[ship]N ni-in-x[NA]NA","ma₂ ni-in-x",0,"ma[ship]N_ni-in-x[NA]NA"
"P273880",574,"c iv 6","{ŋeš}gal-x[NA]NA","{ŋeš}gal-x",0,"{ŋeš}gal-x[NA]NA"
"Q000039",524,"468","ŋušur[harrow]N","{ŋeš}gana₂-ur₃",0,"ŋušur[harrow]N"
"P459217",179,"unknown","unknown","unknown",2,"unknown"
"P235262",65,"d i 8'","{ŋeš}peš-LU₂-HU[NA]NA ma[ship]N","{ŋeš}peš-LU₂-HU ma₂",0,"{ŋeš}peš-LU₂-HU[NA]NA_ma[ship]N"
"P332934",318,"r iii 21'","si[horn]N ma[ship]N","{ŋeš}si ma₂",0,"si[horn]N_ma[ship]N"
"P271301",40,"o i 37","peš[fig]N šergu[string]N","{ŋeš}peš₃ še-er-kum",0,"peš[fig]N_šergu[string]N"
"P271911",254,"o iv 23","ban[unit]N u[ten]NU","ba-an u",0,"ban[unit]N_u[ten]NU"
"P271301",240,"o v 13'","{ŋeš}gan-ešgiri-LUM[NA]NA","{ŋeš}gan-ešgiri-LUM",0,"{ŋeš}gan-ešgiri-LUM[NA]NA"
"P228105",23,"r ii 3","namuzum[a-tool]N","{ŋeš}na-mu-zum",0,"namuzum[a-tool]N"
"Q000039",680,"612","dub[tablet]N zamin[lyre]N","{ŋeš}dub za₃-mi₂",0,"dub[tablet]N_zamin[lyre]N"
"P273706",3,"o 2","dilimgal[dish]N","{ŋeš}dilim₂-gal",0,"dilimgal[dish]N"
"P432448",9,"o 3'","ŋešnu[tree]N","ŋeš-nu₁₁",0,"ŋešnu[tree]N"
"P346714",38,"r ii 06'","a[arm]N apin[plow]N","{ŋeš}a₂ apin",0,"a[arm]N_apin[plow]N"
"P271301",27,"o i 24","ŋeštinkaʾa[grape]N","{ŋeš}ŋeštin-ka₅-a",0,"ŋeštinkaʾa[grape]N"
"P273880",479,"c ii 23","ma[ship]N |ŠE.NAGA|[NA]NA","{ŋeš}ma₂ |ŠE.NAGA|",0,"ma[ship]N_|ŠE.NAGA|[NA]NA"
"Q000039",285,"249","x[NA]NA","x",0,"x[NA]NA"
"Q000001",116,"116","u[ewe]N sila[lamb]N utud[bear]V/t","u₈ sila₄ tud",0,"u[ewe]N_sila[lamb]N_utud[bear]V/t"
"P369718",2,"o 1","šudul[yoke]N margida[cart]N","{ŋeš}šudul₃ mar-gid₂-da",0,"šudul[yoke]N_margida[cart]N"
"P271911",535,"unknown","unknown","unknown",5,"unknown"
"P271301",295,"r i 23","šuʾa[stool]N niŋgula[greatness]N","{ŋeš}šuaₓ(|ŠU₂×(A.DIŠ)|) niŋ₂-gul-la",0,"šuʾa[stool]N_niŋgula[greatness]N"
"P247864",111,"o ii 48","ŋušur[beam]N","{ŋeš}ŋušur(|GA₂×NUN&NUN|)",0,"ŋušur[beam]N"
"Q000039",657,"591","kul[handle]N mar[shovel]N","{ŋeš}kul mar",0,"kul[handle]N_mar[shovel]N"
"P273880",345,"b iv 8","{ŋeš}niŋ₂-HAR-ra[NA]NA","{ŋeš}niŋ₂-HAR-ra",0,"{ŋeš}niŋ₂-HAR-ra[NA]NA"
"P273880",668,"d ii 3'","ŋeš[tree]N dim[create]V/t","ŋeš dim₂",0,"ŋeš[tree]N_dim[create]V/t"
"Q000039",574,"517","ban[unit]N","{ŋeš}ba-an",0,"ban[unit]N"
"P247864",26,"o i 23","allanum[oak]N","{ŋeš}al-la-nu-um",0,"allanum[oak]N"
"P271911",50,"o i 33'","aškud[~door]N","aškudₓ(|A₂.ZA.AN.MUŠ₃|)",0,"aškud[~door]N"
"P459216",31,"i 29","{ŋeš}x[NA]NA","{ŋeš}x",0,"{ŋeš}x[NA]NA"
"P250364",97,"unknown","unknown","unknown",999,"unknown"
"P250364",50,"unknown","unknown","unknown",999,"unknown"
"P271911",592,"r iv 48","x[NA]NA","x",0,"x[NA]NA"
"P347814",251,"d i 6'","{ŋeš}su-x[NA]NA","{ŋeš}su-x",0,"{ŋeš}su-x[NA]NA"
"P247864",90,"o ii 27","zarsi[plant]N","{ŋeš}zar-si",0,"zarsi[plant]N"
"P271771",26,"o iii 3","mes.TU[tree]N","{ŋeš}mes-TU",0,"mes.TU[tree]N"
"P273880",172,"b i 15'","saŋ[head]N guza[chair]N","{ŋeš}saŋ gu-za",0,"saŋ[head]N_guza[chair]N"
"P253233",77,"r iii 16'","hašhur[apple]N kur[mountain]N","{ŋeš}hašhur kur",0,"hašhur[apple]N_kur[mountain]N"
"P273880",51,"a ii 25'","bandudu[basket]N apin[plow]N","{ŋeš}ba-an-du₈-du₈ apin",0,"bandudu[basket]N_apin[plow]N"
"P459216",142,"r iii 9'","murgu[shoulder]N ma[ship]N","{ŋeš}murgu₂ ma₂",0,"murgu[shoulder]N_ma[ship]N"
"P459218",105,"o iv 26","ušub[brick-mold]N šeg[brick]N","{ŋeš}u₃-šub šeg₁₂",0,"ušub[brick-mold]N_šeg[brick]N"
"Q000039",344,"304","u[ride]V/t zipah[unit]N ma[ship]N","{ŋeš}u₅ zi-pa-ah ma₂",0,"u[ride]V/t_zipah[unit]N_ma[ship]N"
"P388265",4,"i 6","mes[tree]N giggi[black]V/i","{ŋeš}mes giggi",0,"mes[tree]N_giggi[black]V/i"
"P273880",63,"a ii 45'","zara[pivot]N gagsila[harness]N","{ŋeš}za-ra gag-sal₄",0,"zara[pivot]N_gagsila[harness]N"
"P429503",46,"o ii 15","ildag[poplar]N tur[small]V/i","{ŋeš}ildag₂ tur",0,"ildag[poplar]N_tur[small]V/i"
"P271911",142,"o ii 60","x[NA]NA","x",0,"x[NA]NA"
"P459217",40,"ii 16'","manu[wood]N duru[wet]V/i","{ŋeš}ma-nu duru₅",0,"manu[wood]N_duru[wet]V/i"
"P273880",548,"c iii 33","ŋešnimbar[palm]N x[NA]NA","{ŋeš}ŋešnimbar x",0,"ŋešnimbar[palm]N_x[NA]NA"
"P347815",10,"r 1","buniŋ[trough]N x-bi[NA]NA","{ŋeš}buniŋ x-bi",0,"buniŋ[trough]N_x-bi[NA]NA"
"P247864",398,"o vii 17'","{ŋeš}x[NA]NA","{ŋeš}x",0,"{ŋeš}x[NA]NA"
"Q000001",442,"441","uzu[flesh]N šag[heart]N šu[hand]N niŋin[encircle]V/t","uzu šag₄ šu niŋin₂",0,"uzu[flesh]N_šag[heart]N_šu[hand]N_niŋin[encircle]V/t"
"P346714",100,"r iii 22'","{ŋeš}x[NA]NA gur[rim]N","{ŋeš}x gur₂",0,"{ŋeš}x[NA]NA_gur[rim]N"
"P459218",71,"o iii 22","ama[mother]N apin[plow]N","{ŋeš}ama apin",0,"ama[mother]N_apin[plow]N"
"Q000001",41,"41","udu[sheep]N siʾilla[inspection]N","udu si-il-la₂",0,"udu[sheep]N_siʾilla[inspection]N"
"P370399",106,"o iv 3'","margida[cart]N x[NA]NA","{ŋeš}mar-gid₂-da x",0,"margida[cart]N_x[NA]NA"
"P273880",405,"c i 8","tukul[weapon]N","{ŋeš}tukul",0,"tukul[weapon]N"
"P273880",565,"c iii 50","ŋešnimbar[palm]N gun[load]N","{ŋeš}ŋešnimbar gun₂",0,"ŋešnimbar[palm]N_gun[load]N"
"P247864",393,"o vii 12'","{ŋeš}x[NA]NA","{ŋeš}x",0,"{ŋeš}x[NA]NA"
"P250736",164,"r i 18","{gi}UD-X[NA]NA","{gi}UD-X",0,"{gi}UD-X[NA]NA"
"Q000039",190,"157","ŋešnaruak[~stele]N","ŋeš-na-ru₂-a",0,"ŋešnaruak[~stele]N"
"P253866",10,"o i 5'","ilila[lever]N","{ŋeš}il₂-il₂",0,"ilila[lever]N"
"P388265",411,"r vi 55","gal[big]V/i","{ŋeš}gal",0,"gal[big]V/i"
"P271911",507,"r iii 40","x-|URU×GU|-ga[NA]NA","x-|URU×GU|-ga",0,"x-|URU×GU|-ga[NA]NA"
"Q000039",28,"25a","usuh[tree]N tur[small]V/i","{ŋeš}u₃-suh₅ tur",0,"usuh[tree]N_tur[small]V/i"
"P388265",289,"r iv 29","nukušu[~door]N","{ŋeš}nu-kuš₂",0,"nukušu[~door]N"
"Q000039",575,"518","ban[unit]N ya[five]NU sila[unit]N","{ŋeš}ba-an ia₂ sila₃",0,"ban[unit]N_ya[five]NU_sila[unit]N"
"P273880",431,"c i 36","kiri[nose]N gud[ox]N","{ŋeš}kiri₃ gud",0,"kiri[nose]N_gud[ox]N"
"P388265",225,"r iii 4","{ŋeš}gu-za{uruda}[NA]NA","{ŋeš}gu-za{uruda}",0,"{ŋeš}gu-za{uruda}[NA]NA"
"P117395",3,"o 2","pakud[~tree]N","{ŋeš}pa-kud",0,"pakud[~tree]N"
"P247864",244,"o iv 55","{ŋeš}KAL[NA]NA","{ŋeš}KAL",0,"{ŋeš}KAL[NA]NA"
"P273880",311,"b iii 39","al[hoe]N zu[tooth]N limmu[four]NU","{ŋeš}al zu₂ limmu₅",0,"al[hoe]N_zu[tooth]N_limmu[four]NU"
"P250736",111,"o iv 4","bisaŋ[basket]N gid[long]V/i","{gi}bisaŋ gid₂",0,"bisaŋ[basket]N_gid[long]V/i"
"P250736",183,"r i 37","gaba[chest]N erim[enemy]N","{gi}gaba erim₂",0,"gaba[chest]N_erim[enemy]N"
"P297185",4,"2","tiʾarum[tree]N","{ŋeš}ti-a-ru-um",0,"tiʾarum[tree]N"
"Q000039",89,"71","ŋešnimbar[palm]N šab[cut]V/t","{ŋeš}ŋešnimbar šab",0,"ŋešnimbar[palm]N_šab[cut]V/t"
"P447996",209,"r iii 10","x-a[NA]NA","x-a",0,"x-a[NA]NA"
"P347814",41,"a ii 12'","{ŋeš}x[NA]NA","{ŋeš}x",0,"{ŋeš}x[NA]NA"
"Q000001",403,"402","uzu[flesh]N","uzu",0,"uzu[flesh]N"
"P235262",111,"d ii 16'","margida[cart]N Subir[1]GN","{ŋeš}mar-gid₂-da su-bir₄{ki}",0,"margida[cart]N_Subir[1]GN"
"Q000001",351,"351","nim[fly]N urdib[cub]N","nim ur-dib",0,"nim[fly]N_urdib[cub]N"
"P273880",247,"b ii 40","bariga[unit]N","{ŋeš}ba-ri₂-ga",0,"bariga[unit]N"
"P459217",145,"r ii 14'","sumungi[tool]N","{ŋeš}sumun-gi₄",0,"sumungi[tool]N"
"Q000039",563,"506","udug[weapon]N","{ŋeš}udug₂",0,"udug[weapon]N"
"P273880",264,"b ii 57","epig[drinking-vessel]N diš[one]NU ma-na[NA]NA","{ŋeš}epig diš ma-na",0,"epig[drinking-vessel]N_diš[one]NU_ma-na[NA]NA"
"Q000039",724,"652","ŋišgal[station]N","{ŋeš}ŋišgal",0,"ŋišgal[station]N"
"Q000001",232,"232","amar[young]N mu[year]N 1(aš)[NA]NA","amar mu 1(aš)",0,"amar[young]N_mu[year]N_1(aš)[NA]NA"
"P271911",301,"o iv 60","šunir[emblem]N","šu-nir",0,"šunir[emblem]N"
"P332934",69,"o i 13'","lamhal[nut]N","{ŋeš}lam-hal",0,"lamhal[nut]N"
"Q000039",379,"336","saŋdur[seat]N gigir[chariot]N","{ŋeš}saŋ-dur₂ gigir",0,"saŋdur[seat]N_gigir[chariot]N"
"P271301",114,"o iii 2","mes[tree]N giggi[black]V/i","{ŋeš}mes giggi",0,"mes[tree]N_giggi[black]V/i"
"P347814",144,"b ii 28'","maršu[spade]N","{ŋeš}mar-šu",0,"maršu[spade]N"
"Q000001",138,"138","maš[goat]N gaba[chest]N","maš₂ gaba",0,"maš[goat]N_gaba[chest]N"
"P273880",96,"a iii 34'","GUL[~chariot]N gigir[chariot]N","{ŋeš}GUL gigir",0,"GUL[~chariot]N_gigir[chariot]N"
"P250364",108,"r i 8'","balaŋdi[instrument]N","{ŋeš}balaŋ-di",0,"balaŋdi[instrument]N"
"P459217",135,"r i 22'","x-na[NA]NA","x-na",0,"x-na[NA]NA"
"P271320",59,"r ii' 7'","umbin[wheel]N margida[cart]N","{ŋeš}umbin mar-gid₂-da",0,"umbin[wheel]N_margida[cart]N"
"P247864",301,"o v 49","ŋešdi[rung]N ma[ship]N","ŋeš-di₅ ma₂",0,"ŋešdi[rung]N_ma[ship]N"
"P332934",27,"o i 23","tila[grapevine]N ŋeštin[vine]N","{ŋeš}illat ŋeštin",0,"tila[grapevine]N_ŋeštin[vine]N"
"P271911",128,"o ii 48","ala[drum]N","a₂-la₂",0,"ala[drum]N"
"Q000001",229,"229","amar[young]N banda[junior]V/i","amar banda₃{da}",0,"amar[young]N_banda[junior]V/i"
"P247864",10,"o i 7","ŋešaʾabak[tree]N me-luh-ha[NA]NA","ŋeš-ab-ba me-luh-ha",0,"ŋešaʾabak[tree]N_me-luh-ha[NA]NA"
"P459217",156,"r iii 13","guza[chair]N sirda[cnne]N","{ŋeš}gu-za sir₃-da",0,"guza[chair]N_sirda[cnne]N"
"P388265",4,"i 6","mes[tree]N giggi[black]V/i","{ŋeš}mes giggi",0,"mes[tree]N_giggi[black]V/i"
"P253923",4,"o 2","KI.KAL[bottom]N margida[cart]N","{ŋeš}|KI.KAL| mar-gid₂-da",0,"KI.KAL[bottom]N_margida[cart]N"
"P332934",272,"r ii 1'","{ŋeš}x[NA]NA","{ŋeš}x",0,"{ŋeš}x[NA]NA"
"P225059",4,"o i 1","emerah[jug]N","{ŋeš}emerah",0,"emerah[jug]N"
"P271911",77,"o ii 6","ilila[lever]N","{+il-li-il}il₂",0,"ilila[lever]N"
"P370399",129,"o iv 26'","ig[door]N","{ŋeš}ig",0,"ig[door]N"
"P271301",213,"o iv 47","zarlamtum[plant]N","{ŋeš}zar-lam-tum",0,"zarlamtum[plant]N"
"P332934",363,"r iv 20","zara[pivot]N gigir[chariot]N","{ŋeš}za-ra gigir",0,"zara[pivot]N_gigir[chariot]N"
"P271911",614,"r v 11","alan[statue]N","alan",0,"alan[statue]N"
"P228196",22,"22","dara[unmng]N","{ŋeš}{+da-ra}dara₅",0,"dara[unmng]N"
"P271519",14,"o ii' 6","šuʾa[stool]N x[NA]NA","{ŋeš}šu₂-a x",0,"šuʾa[stool]N_x[NA]NA"
"P247864",56,"o i 53","hašhur[apple]N","{ŋeš}hašhur",0,"hašhur[apple]N"
"P271911",577,"r iv 37","niŋšuluh[cleaning-equipment]N","niŋ-šu-luh-ha",0,"niŋšuluh[cleaning-equipment]N"
"Q000001",498,"494","uzu[flesh]N niŋkiŋgia[liver]N","uzu niŋ₂-kiŋ₂-gi₄-a",0,"uzu[flesh]N_niŋkiŋgia[liver]N"
"P459218",58,"o iii 9","ŋešrin[scales]N x-x[NA]NA","ŋeš-rin₂ x-x",0,"ŋešrin[scales]N_x-x[NA]NA"
"P271301",215,"o iv 49","gizulumma[nettle?]N","{ŋeš}gi-zu₂-lum-ma",0,"gizulumma[nettle?]N"
"P253230",38,"o ii 16","apin[plow]N šu[hand]N","{ŋeš}apin šu",0,"apin[plow]N_šu[hand]N"
"P271911",62,"o i 42'","saŋdu[beam]N anta[upper]V/t","sag-du an-ta",0,"saŋdu[beam]N_anta[upper]V/t"
"P273880",553,"c iii 38","pešmur[date-palm-spine]N ŋešnimbar[palm]N","{ŋeš}peš-murgu₂(LUM) ŋešnimbar",0,"pešmur[date-palm-spine]N_ŋešnimbar[palm]N"
"P273880",167,"b i 10'","guza[chair]N namlugal[kingship]N","{ŋeš}gu-za nam-lugal",0,"guza[chair]N_namlugal[kingship]N"
"P459216",62,"iii 1","ŋešnimbar[palm]N x[NA]NA","{ŋeš}ŋešnimbar x",0,"ŋešnimbar[palm]N_x[NA]NA"
"P347814",49,"a ii 20'","{ŋeš}x[NA]NA","{ŋeš}x",0,"{ŋeš}x[NA]NA"
"Q000001",383,"382","šah[pig]N namerim[oath]N","šah₂ nam-erim₂",0,"šah[pig]N_namerim[oath]N"
"P273880",439,"c i 44","miriza[plank]N","{ŋeš}mi-ri₂-za",0,"miriza[plank]N"
"P388265",131,"r i 9","saŋ[head]N apin[plow]N","{ŋeš}saŋ apin",0,"saŋ[head]N_apin[plow]N"
"P459217",64,"iii 14","{ŋeš}mi-ri₂-x-eš-x[NA]NA","{ŋeš}mi-ri₂-x-eš-x",0,"{ŋeš}mi-ri₂-x-eš-x[NA]NA"
"P271771",72,"o v 2","gizulumma[nettle?]N","{ŋeš}gi-zu₂-lum-ma",0,"gizulumma[nettle?]N"
"P253866",87,"o iii 20'","ba[tool]N še[barley]N","{ŋeš}ba še",0,"ba[tool]N_še[barley]N"
"P346869",4,"o 3","ŋirigub[footstool]N","{ŋeš}ŋiri₃-gub",0,"ŋirigub[footstool]N"
"P370399",72,"o iii 11'","izzi[wall]N guza[chair]N","{ŋeš}ezem gu-za",0,"izzi[wall]N_guza[chair]N"
"P253233",8,"o i 3","dilim[spoon]N banšur[table]N","{ŋeš}dilim₂ banšur",0,"dilim[spoon]N_banšur[table]N"
"P332934",245,"o iv 16'","huš[plant]N","{ŋeš}maš-huš",0,"huš[plant]N"
"P271771",38,"o iii 15","mirišŋara[tree]N","{ŋeš}mi-ri₂-iš-ma-nu-um",0,"mirišŋara[tree]N"
"P332934",212,"o iii 50","su[fibers]N peš[comb]V/t ŋešnimbar[palm]N","{ŋeš}su₁₁ peš ŋešnimbar",0,"su[fibers]N_peš[comb]V/t_ŋešnimbar[palm]N"
"P332934",319,"r iii 22'","igi[face]N ma[ship]N","{ŋeš}igi ma₂",0,"igi[face]N_ma[ship]N"
"P271301",108,"o ii 56","mes[tree]N Meluhha[1]GN","{ŋeš}mes me-luh-ha",0,"mes[tree]N_Meluhha[1]GN"
"P271911",52,"o i 35'","eš[rope]N aškud[~door]N","eš₂ aškudₓ(|A₂.ZA.AN.MUŠ₃|)",0,"eš[rope]N_aškud[~door]N"
"Q000001",169,"169","kir[lamb]N dili[single]V/i ur[pluck]V/t","kir₁₁ dili ur₄",0,"kir[lamb]N_dili[single]V/i_ur[pluck]V/t"
"P253866",70,"o iii 3'","niŋurlimmu[creature]N","{ŋeš}niŋ₂-ur₂-limmu₂",0,"niŋurlimmu[creature]N"
"Q000001",118,"118","u[ewe]N sila[lamb]N šub[fall]V/t","u₈ sila₄ šub",0,"u[ewe]N_sila[lamb]N_šub[fall]V/t"
"P271911",259,"o iv 26","eš[three]NU sila[unit]N","eš₅ sila₃",0,"eš[three]NU_sila[unit]N"
"P459217",87,"iv 9","pakud[~tree]N ŋešnimbar[palm]N","{ŋeš}pa-kud ŋešnimbar",0,"pakud[~tree]N_ŋešnimbar[palm]N"
"P332934",258,"o iv 29'","pa[branch]N kud[cut]V/t","{ŋeš}pa kud",0,"pa[branch]N_kud[cut]V/t"
"P251778",2,"o 1","bad[leg]N","{ŋeš}bad",0,"bad[leg]N"
"P271301",146,"o iii 34","ŋešnimbar[palm]N gun[load]N","{ŋeš}ŋešnimbar gun",0,"ŋešnimbar[palm]N_gun[load]N"
"P273880",702,"unknown","unknown","unknown",2,"unknown"
"P347814",175,"c i 31'","{ŋeš}x[NA]NA suhur[tool]N","{ŋeš}x suhur",0,"{ŋeš}x[NA]NA_suhur[tool]N"
"P429503",24,"o i 21","ŋeštin[vine]N igi[eye]N gud[ox]N","{ŋeš}ŋeštin igi gud",0,"ŋeštin[vine]N_igi[eye]N_gud[ox]N"
"P273880",467,"c ii 11","egir[back]N ma[ship]N","{ŋeš}egir₅ ma₂",0,"egir[back]N_ma[ship]N"
"Q000039",246,"210","šuʾa[stool]N niŋgula[greatness]N","{ŋeš}šu₂-a niŋ₂-gu-la",0,"šuʾa[stool]N_niŋgula[greatness]N"
"P370399",73,"o iii 12'","umbin[base]N guza[chair]N","{ŋeš}umbin gu-za",0,"umbin[base]N_guza[chair]N"
"P235262",59,"d i 2'","ad[log]N ma[ship]N","{ŋeš}ad ma₂",0,"ad[log]N_ma[ship]N"
"P250364",155,"r iii 21'","{ŋeš}ŠID-x[NA]NA ak[do]V/t","{ŋeš}ŠID-x ak",0,"{ŋeš}ŠID-x[NA]NA_ak[do]V/t"
"P447996",152,"r i 34","hara[shoot]N ŋešnimbar[palm]N","{ŋeš}ha-ra ŋešnimbar",0,"hara[shoot]N_ŋešnimbar[palm]N"
"Q000001",215,"215","ab[cow]N ib[hips]N gig[sick]V/i","ab₂ ib₂ gig",0,"ab[cow]N_ib[hips]N_gig[sick]V/i"
"P273880",114,"a iv 2'","nukušu[~door]N ana[upper]AJ","{ŋeš}nu-kuš₂ an-na",0,"nukušu[~door]N_ana[upper]AJ"
"P273880",473,"c ii 17","ma[ship]N gal[big]V/i","{ŋeš}ma₂ gu-la",0,"ma[ship]N_gal[big]V/i"
"P347814",37,"a ii 8'","{ŋeš}x[NA]NA","{ŋeš}x",0,"{ŋeš}x[NA]NA"
"P346714",84,"r iii 06'","kur[wood]N","{ŋeš}kur",0,"kur[wood]N"
"Q000039",685,"617","ŋešgudi[instrument]N","ŋeš-gu₃-di",0,"ŋešgudi[instrument]N"
"P271301",228,"o v 1'","{ŋeš}x[NA]NA","{ŋeš}x",0,"{ŋeš}x[NA]NA"
"P273880",579,"unknown","unknown","unknown",2,"unknown"
"Q000039",132,"109","numun[seed]N asal[poplar]N","{ŋeš}numun asal₂",0,"numun[seed]N_asal[poplar]N"
"P247864",451,"r i 11","ŋešnud[bed]N umbin[nail]N","ŋeš-nud umbin",0,"ŋešnud[bed]N_umbin[nail]N"
"Q000039",243,"207","šuʾa[stool]N burgul[stone-cutter]N","{ŋeš}šu₂-a bur-gul",0,"šuʾa[stool]N_burgul[stone-cutter]N"
"P349893",1,"1","ma[ship]N","{ŋeš}ma₂",0,"ma[ship]N"
"P370399",153,"o v 7'","{ŋeš}EZEN[NA]NA","{ŋeš}EZEN",0,"{ŋeš}EZEN[NA]NA"
"P271301",147,"o iii 35","ŋešnimbar[palm]N ŋal[be]V/i","{ŋeš}ŋešnimbar ŋal₂",0,"ŋešnimbar[palm]N_ŋal[be]V/i"
"P388265",66,"iii 16","suhur[tuft]N","{ŋeš}suhur",0,"suhur[tuft]N"
"P459217",72,"iii 22","ŋešnimbar[palm]N","{ŋeš}ŋešnimbar",0,"ŋešnimbar[palm]N"
"P271911",524,"r iii 53","ubila[charcoal]N","u₅-bil₂-la₂",0,"ubila[charcoal]N"
"P332934",89,"o ii 6","manu[wood]N ah[dry]V/i","{ŋeš}ma-nu e₃",0,"manu[wood]N_ah[dry]V/i"
"P247864",12,"o i 9","šagkal[tree]N","{ŋeš}šag₄-kal",0,"šagkal[tree]N"
"P253230",6,"o i 2","apin[plow]N šudu[equipped]AJ","{ŋeš}apin šu-du₇",0,"apin[plow]N_šudu[equipped]AJ"
"P370399",69,"o iii 8'","guza[chair]N šuniŋin[total]N banda[junior]V/i","{ŋeš}gu-za šu-niŋin₂ banda₃{da}",0,"guza[chair]N_šuniŋin[total]N_banda[junior]V/i"
"Q000039",258,"222","ŋešnud[bed]N ur₄-ma[NA]NA","ŋeš-nud ur₄-ma",0,"ŋešnud[bed]N_ur₄-ma[NA]NA"
"P271911",208,"o iii 50'","gag[nail]N zu[tooth]N ŋušur[harrow]N","gag zu₂ niŋ₂-gan₂-ur₃",0,"gag[nail]N_zu[tooth]N_ŋušur[harrow]N"
"P273880",436,"c i 41","KID.da[twig]N sil[split]V/i","{ŋeš}KID-da zi-l·a",0,"KID.da[twig]N_sil[split]V/i"
"Q000039",175,"145d","{ŋeš}GU₇[NA]NA","{ŋeš}GU₇",0,"{ŋeš}GU₇[NA]NA"
"P235262",89,"d i 32'","sahargi[dust-guard]N gigir[chariot]N","{ŋeš}sahar-gi gigir",0,"sahargi[dust-guard]N_gigir[chariot]N"
"P388265",98,"iv 15","tubala[harness]N ŋešnimbar[palm]N","{ŋeš}tubaₓ(TUG₂) ŋešnimbar",0,"tubala[harness]N_ŋešnimbar[palm]N"
"P273880",12,"a i 8'","{ŋeš}x-x[NA]NA","{ŋeš}x-x",0,"{ŋeš}x-x[NA]NA"
"P459784",4,"2'","šenu[tree]N","{ŋeš}še-nu",0,"šenu[tree]N"
"Q000039",411,"366","šudul[yoke]N margida[cart]N","{ŋeš}šudul₄ mar-gid₂-da",0,"šudul[yoke]N_margida[cart]N"
"P429503",142,"r ii' 18'","murgu[shoulder]N $SIG₄[NA]NA ma[ship]N","{ŋeš}mu-kun $SIG₄ ma₂",0,"murgu[shoulder]N_$SIG₄[NA]NA_ma[ship]N"
"Q000039",326,"288","Maʾana[1]ON","{ŋeš}ma₂-an-na",0,"Maʾana[1]ON"
"P235262",65,"d i 8'","{ŋeš}peš-LU₂-HU[NA]NA ma[ship]N","{ŋeš}peš-LU₂-HU ma₂",0,"{ŋeš}peš-LU₂-HU[NA]NA_ma[ship]N"
"P388265",435,"t.e. iii 7","{ŋeš}x[NA]NA","{ŋeš}x",0,"{ŋeš}x[NA]NA"
"Q000039",629,"563","habuda[hoe]N","{ŋeš}ha-bu-da",0,"habuda[hoe]N"
"Q000001",273,"273","muš[snake]N kindar[hole]N","muš ki-in-dar",0,"muš[snake]N_kindar[hole]N"
"P247864",412,"o vii 31'","{ŋeš}x-za-ab[NA]NA x-x[NA]NA","{ŋeš}x-za-ab x-x",0,"{ŋeš}x-za-ab[NA]NA_x-x[NA]NA"
"P347814",268,"unknown","unknown","unknown",9,"unknown"
"P271301",365,"r ii 49","ma[ship]N x[NA]NA","{ŋeš}ma₂ x",0,"ma[ship]N_x[NA]NA"
"P271911",10,"o i 4'","ig[door]N papah[cella]N","ig pa-pa-ah",0,"ig[door]N_papah[cella]N"
"P271911",257,"unknown","unknown","unknown",1,"unknown"
"P250364",90,"o v 11","sa[net]N dul[cover]V/t","{ŋeš}sa dul",0,"sa[net]N_dul[cover]V/t"
"P346714",159,"unknown","unknown","unknown",1,"unknown"
"P459227",4,"o i 1'","x-KA[NA]NA","x-KA",0,"x-KA[NA]NA"
"P273880",273,"b ii 66","banšurzaggula[table]N","{ŋeš}banšurₓ(|URU×IGI.URUDA|)-zag-gu-la₂",0,"banšurzaggula[table]N"
"P247864",373,"o vi 57","{ŋeš}kiŋ₂-BAD[NA]NA","{ŋeš}kiŋ₂-BAD",0,"{ŋeš}kiŋ₂-BAD[NA]NA"
"P250364",82,"o v 3","sa[net]N","{ŋeš}sa",0,"sa[net]N"
"P459217",176,"r iv 10","guza[chair]N mes[tree]N","{ŋeš}gu-za {ŋeš}mes",0,"guza[chair]N_mes[tree]N"
"P253228",56,"r i 20","{ŋeš}x[NA]NA x-gid₂[NA]NA","{ŋeš}x x-gid₂",0,"{ŋeš}x[NA]NA_x-gid₂[NA]NA"
"P437074",43,"b i 4''","peškal[tree]N","{ŋeš}peš₇-kal",0,"peškal[tree]N"
"P297195",2,"o 1","{ŋeš}ad-x[NA]NA","{ŋeš}ad-x",0,"{ŋeš}ad-x[NA]NA"
"P429503",110,"r i' 14'","buniŋ[trough]N x[NA]NA","{ŋeš}buniŋ x",0,"buniŋ[trough]N_x[NA]NA"
"P271911",593,"r iv 49","x[NA]NA","x",0,"x[NA]NA"
"P271301",356,"r ii 40","miriza[plank]N zag[side]N gi[turn]V/i","{ŋeš}mi-ri₂-za zag gi",0,"miriza[plank]N_zag[side]N_gi[turn]V/i"
"P271911",219,"o iii 59'","alšub[tool]N","al-u₃-šub",0,"alšub[tool]N"
"P250364",126,"r ii 11'","{ŋeš}x-x[NA]NA","{ŋeš}x-x",0,"{ŋeš}x-x[NA]NA"
"P388265",93,"iv 10","ŋešnimbar[palm]N kur[burn]V/t","{ŋeš}ŋešnimbar kur",0,"ŋešnimbar[palm]N_kur[burn]V/t"
"P271911",330,"r i 20'","LAGAB[NA]NA illar[weapon]N","LAGAB illar",0,"LAGAB[NA]NA_illar[weapon]N"
"P437074",68,"b ii 11'","{ŋeš}ha-ia₃[NA]NA","{ŋeš}ha-ia₃",0,"{ŋeš}ha-ia₃[NA]NA"
"P247864",106,"o ii 43","girah[tool]N gal[big]V/i","{ŋeš}|ŠU.DIM₂| gal",0,"girah[tool]N_gal[big]V/i"
"P247864",134,"o iii 8","apin[plow]N šu[hand]N","{ŋeš}apin šu",0,"apin[plow]N_šu[hand]N"
"P447996",13,"o iii 9'","šeše[tree]N","{ŋeš}še-še",0,"šeše[tree]N"
"P271911",258,"o iv 25","šušana[fraction]N sila[unit]N","šušana sila₃",0,"šušana[fraction]N_sila[unit]N"
"P370399",85,"o iii 24'","kaŋeškarak[table]N x[NA]NA","{ŋeš}ka-ŋeš-kara₄ x",0,"kaŋeškarak[table]N_x[NA]NA"
"P271301",6,"o i 3","esi[tree]N","{ŋeš}esi",0,"esi[tree]N"
"P459217",175,"r iv 9","guza[chair]N taškarin[boxwood]N","{ŋeš}gu-za {ŋeš}taškarin",0,"guza[chair]N_taškarin[boxwood]N"
"P253230",36,"o ii 14","apin[plow]N tugsaga[plow]N","{ŋeš}apin dug₃-sig₁₈",0,"apin[plow]N_tugsaga[plow]N"
"P247864",247,"o iv 58","illar[weapon]N","{ŋeš}illar",0,"illar[weapon]N"
"P273880",639,"d i 19'","{ŋeš}zig₃-ga[NA]NA","{ŋeš}zig₃-ga",0,"{ŋeš}zig₃-ga[NA]NA"
"Q000039",360,"318","zinhur[~ship]N","{ŋeš}zi-in-hur",0,"zinhur[~ship]N"
"P271771",143,"unknown","unknown","unknown",999,"unknown"
"P247864",388,"o vii 7'","{ŋeš}pil-ka-tum[NA]NA","{ŋeš}pil-ka-tum",0,"{ŋeš}pil-ka-tum[NA]NA"
"P447996",127,"r i 9","ŋešnimbar[palm]N ug[die]V/t","{ŋeš}ŋešnimbar al-ug₅-ga",0,"ŋešnimbar[palm]N_ug[die]V/t"
"P388265",140,"r i 18","da[side-board]N apin[plow]N","{ŋeš}da apin",0,"da[side-board]N_apin[plow]N"
"P388265",106,"iv 23","igi[eye]N ŋešnimbar[palm]N","{ŋeš}igi ŋešnimbar",0,"igi[eye]N_ŋešnimbar[palm]N"
"P250364",113,"r i 13'","{ŋeš}x[NA]NA","{ŋeš}x",0,"{ŋeš}x[NA]NA"
"P271911",440,"r ii 42","e[house]N gud.si.AŠ[ram]N","e₂ gud-si-AŠ",0,"e[house]N_gud.si.AŠ[ram]N"
"P273880",358,"b iv 21","zanarum[lyre]N","{ŋeš}za-na-ru-um",0,"zanarum[lyre]N"
"Q000039",583,"525a","ŋeš[tree]N eš[three]NU giŋ[unit]N","ŋeš eš₅ giŋ₄",0,"ŋeš[tree]N_eš[three]NU_giŋ[unit]N"
"P437074",157,"c i 22'","bad[leg]N ŋešnud[bed]N","{ŋeš}bad nud",0,"bad[leg]N_ŋešnud[bed]N"
"P271911",401,"unknown","unknown","unknown",1,"unknown"
"P273880",576,"c iv 8","{ŋeš}x[NA]NA","{ŋeš}x",0,"{ŋeš}x[NA]NA"
"Q000039",658,"592","sugin[rot]N","{ŋeš}sugin(BAD)",0,"sugin[rot]N"
"Q000039",325,"287","ma[ship]N tur[small]V/i","{ŋeš}ma₂ tur",0,"ma[ship]N_tur[small]V/i"
"Q000039",155,"131","mašgurum[plant]N","{ŋeš}maš-gurum",0,"mašgurum[plant]N"
"Q000039",689,"621","ebir[vessel-stand]N","{ŋeš}ebir",0,"ebir[vessel-stand]N"
"P271771",118,"r ii 5'","{ŋeš}banšur-zag-gu-la[NA]NA","{ŋeš}banšur-zag-gu-la",0,"{ŋeš}banšur-zag-gu-la[NA]NA"
"P271911",90,"unknown","unknown","unknown",1,"unknown"
"P273880",568,"c iii 54","ŋušur[beam]N","{ŋeš}ŋušur",0,"ŋušur[beam]N"
"P388265",264,"r iv 4","{ŋeš}x[NA]NA","{ŋeš}x",0,"{ŋeš}x[NA]NA"
"P388265",31,"ii 14","{ŋeš}NE-dar[NA]NA","{ŋeš}NE-dar",0,"{ŋeš}NE-dar[NA]NA"
"P250371",12,"r 1","mud[tube]N gigir[chariot]N","{ŋeš}mud gigir",0,"mud[tube]N_gigir[chariot]N"
"P247864",71,"o ii 8","ŋešnimbar[palm]N","{ŋeš}ŋešnimbar",0,"ŋešnimbar[palm]N"
"P271771",24,"o iii 1","mes[tree]N halub[tree]N harran[route]N","{ŋeš}mes ha-lu-ub har-ra",0,"mes[tree]N_halub[tree]N_harran[route]N"
"P253866",111,"r i 14","x-x[NA]NA","x-x",0,"x-x[NA]NA"
"P347814",113,"b i 43'","gu[neck]N zirigum[irrigation-device]N","{ŋeš}gu₂ zi-ri₂-gum",0,"gu[neck]N_zirigum[irrigation-device]N"
"P332934",17,"o i 13","ŋeš[tree]N su[red]V/i","ŋeš su₄",0,"ŋeš[tree]N_su[red]V/i"
"P273880",86,"a iii 24'","u[planking]N ŋal[be]V/i gigir[chariot]N","{ŋeš}u₅ ŋal₂ gigir",0,"u[planking]N_ŋal[be]V/i_gigir[chariot]N"
"P370399",131,"o iv 28'","ig[door]N kan[gate]N","{ŋeš}ig kan₄",0,"ig[door]N_kan[gate]N"
"P253228",56,"r i 20","{ŋeš}x[NA]NA x-gid₂[NA]NA","{ŋeš}x x-gid₂",0,"{ŋeš}x[NA]NA_x-gid₂[NA]NA"
"P273880",675,"d ii 10'","ŋeš[tree]N sukud[height]N","ŋeš sukud",0,"ŋeš[tree]N_sukud[height]N"
"Q000001",383,"382","šah[pig]N namerim[oath]N","šah₂ nam-erim₂",0,"šah[pig]N_namerim[oath]N"
"Q000001",401,"400","zibin[caterpillar]N","|DAG.KISIM₅×TAK₄|",0,"zibin[caterpillar]N"
"P224996",4,"o i 1","guza[chair]N","{ŋeš}gu-za",0,"guza[chair]N"
"P271911",478,"r iii 17","tukul[weapon]N še[barley]N x-x[NA]NA","tukul še x-x",0,"tukul[weapon]N_še[barley]N_x-x[NA]NA"
"Q000001",458,"457","uzu[flesh]N ŋiripadra[bone]N lugud[short]V/i","uzu ŋiri₃-pad-ra₂ lugud₂",0,"uzu[flesh]N_ŋiripadra[bone]N_lugud[short]V/i"
"P346714",163,"unknown","unknown","unknown",2,"unknown"
"P370399",43,"o ii 16","ŋirigub[footstool]N lammar[deity]N","{ŋeš}ŋiri₃-gub {d}lama",0,"ŋirigub[footstool]N_lammar[deity]N"
"P332934",78,"o i 22'","ildag[poplar]N tur[small]V/i","{ŋeš}ildag₂ tur",0,"ildag[poplar]N_tur[small]V/i"
"P370399",148,"o v 2'","{ŋeš}LA-KAB-AB₂-DU[NA]NA","{ŋeš}LA-KAB-AB₂-DU",0,"{ŋeš}LA-KAB-AB₂-DU[NA]NA"
"Q000039",480,"429","madal[pole]N","{ŋeš}mudla(BU)",0,"madal[pole]N"
"P271911",595,"unknown","unknown","unknown",1,"unknown"
"P253866",61,"o ii 25'","guza[chair]N šah[pig]N šum[slaughter]V/t","{ŋeš}gu-za šah₂ šum",0,"guza[chair]N_šah[pig]N_šum[slaughter]V/t"
"P271301",240,"o v 13'","{ŋeš}gan-ešgiri-LUM[NA]NA","{ŋeš}gan-ešgiri-LUM",0,"{ŋeš}gan-ešgiri-LUM[NA]NA"
"P459217",77,"iii 27","ŋešnimbar[palm]N x-x[NA]NA","{ŋeš}ŋešnimbar x-x",0,"ŋešnimbar[palm]N_x-x[NA]NA"
"P346866",3,"o 2","gilim[foliage]N abzu[water]N","{ŋeš}gilim abzu",0,"gilim[foliage]N_abzu[water]N"
"P332934",158,"o ii 74","ŋešnimbar[palm]N al-x[NA]NA","{ŋeš}ŋešnimbar al-x",0,"ŋešnimbar[palm]N_al-x[NA]NA"
"P370399",97,"o iii 36'","a[arm]N apin[plow]N","{ŋeš}a₂ apin",0,"a[arm]N_apin[plow]N"
"P346714",177,"r v 13'","še[barley]N rah[beat]V/t","{ŋeš}še ra-ah",0,"še[barley]N_rah[beat]V/t"
"P388265",283,"r iv 23","ig[door]N kan[gate]N bar[outside]V/t","{ŋeš}ig kan₄ bar",0,"ig[door]N_kan[gate]N_bar[outside]V/t"
"P332939",17,"o i 14","ŋeštinkira[berry]N","{ŋeš}ŋeštin-ŋir₂",0,"ŋeštinkira[berry]N"
"P459216",118,"r ii 3'","dilim[spoon]N","{ŋeš}dilim₂",0,"dilim[spoon]N"
"P388265",84,"iv 1","asal[poplar]N","{ŋeš}asal₂",0,"asal[poplar]N"
"Q000039",36,"30","šennur[plum]N","{ŋeš}šennur",0,"šennur[plum]N"
"P347814",217,"c ii 23'","mar[shovel]N x[NA]NA","{ŋeš}mar x",0,"mar[shovel]N_x[NA]NA"
"P253866",80,"o iii 13'","naŋa[mortar]N","{ŋeš}naŋa₃",0,"naŋa[mortar]N"
"P388265",221,"r ii 49","guza[chair]N kaskal[way]N","{ŋeš}gu-za kaskal",0,"guza[chair]N_kaskal[way]N"
"P459216",102,"r i 7'","guza[chair]N al-x[NA]NA","{ŋeš}gu-za al-x",0,"guza[chair]N_al-x[NA]NA"
"P271301",313,"r i 41","{ŋeš}kab[NA]NA ŋešnud[bed]N","{ŋeš}kab nud",0,"{ŋeš}kab[NA]NA_ŋešnud[bed]N"
"P347814",188,"c i 44'","dur[board]N šeg[brick]N","{ŋeš}dur₂ šeg₁₂",0,"dur[board]N_šeg[brick]N"
"P247864",43,"o i 40","manu[wood]N","{ŋeš}ma-nu",0,"manu[wood]N"
"P459217",51,"iii 1","mes[tree]N Meluhha[1]GN","{ŋeš}mes me-luh-ha",0,"mes[tree]N_Meluhha[1]GN"
"P271911",307,"unknown","unknown","unknown",2,"unknown"
"P332934",147,"o ii 63","ŋešnimbar[palm]N","{ŋeš}ŋešnimbar",0,"ŋešnimbar[palm]N"
"Q000039",698,"629","zabar[bronze]N gub[stand]V/i","{ŋeš}zabar gub",0,"zabar[bronze]N_gub[stand]V/i"
"P250364",19,"o i 16","zara[pivot]N gigir[chariot]N","{ŋeš}za-ra gigir",0,"zara[pivot]N_gigir[chariot]N"
"Q000001",259,"259","eme[donkey]N ŋeš[penis]N zu[know]V/t","eme₅ ŋeš₃ zu-zu",0,"eme[donkey]N_ŋeš[penis]N_zu[know]V/t"
"P349171",7,"o ii 2'","ŋešnud[bed]N šatuku[mattress]N siki[hair]N uzud[goat]N in-x[NA]NA","ŋeš-nud šag₄-tuku siki uzud in-x",0,"ŋešnud[bed]N_šatuku[mattress]N_siki[hair]N_uzud[goat]N_in-x[NA]NA"
"P347814",178,"c i 34'","al[hoe]N zu[tooth]N","{ŋeš}al zu₂",0,"al[hoe]N_zu[tooth]N"
"P250364",66,"o iv 6","al[hoe]N","{ŋeš}al",0,"al[hoe]N"
"P370399",195,"o vii 7'","{ŋeš}x[NA]NA magid[boatman]N","{ŋeš}x ma₂-gid₂",0,"{ŋeš}x[NA]NA_magid[boatman]N"
"P273880",209,"b i 59'","e[house]N balak[spindle]N","{ŋeš}e₂ balak",0,"e[house]N_balak[spindle]N"
"P250736",113,"o iv 6","bisaŋ[basket]N nushu[container]N","{gi}bisaŋ nu-us-hu-um",0,"bisaŋ[basket]N_nushu[container]N"
"P250361",19,"o ii 7'","ama[mother]N apin[plow]N","{ŋeš}ama apin",0,"ama[mother]N_apin[plow]N"
"P429503",68,"o iii 7","gag[nail]N kiri[orchard]N","{ŋeš}gag {ŋeš}kiri₆",0,"gag[nail]N_kiri[orchard]N"
"P459218",47,"o ii 27'","madal[pole]N","{ŋeš}madla(BU)",0,"madal[pole]N"
"P250736",81,"o iii 15","gigur[container]N ara[grind]V/t","gi-gur ar₃-ra",0,"gigur[container]N_ara[grind]V/t"
"P459218",79,"o iii 30","gag[nail]N leʾum[board]N apin[plow]N","{ŋeš}gag li apin",0,"gag[nail]N_leʾum[board]N_apin[plow]N"
"P273880",164,"b i 7'","guza[chair]N x-x-x[NA]NA","{ŋeš}gu-za x-x-x",0,"guza[chair]N_x-x-x[NA]NA"
"P346714",178,"r v 14'","x[NA]NA še[barley]N rah[beat]V/t","x še ra-ah",0,"x[NA]NA_še[barley]N_rah[beat]V/t"
"Q000039",562,"505","mitum[weapon]N saŋ[head]N ninnu[fifty]NU","{ŋeš}mi-tum saŋ ninnu",0,"mitum[weapon]N_saŋ[head]N_ninnu[fifty]NU"
"P271301",195,"o iv 29","{ŋeš}niŋ₂-šul[NA]NA ŋešnimbar[palm]N","{ŋeš}niŋ₂-šul ŋešnimbar",0,"{ŋeš}niŋ₂-šul[NA]NA_ŋešnimbar[palm]N"
"P347814",80,"b i 5'","{ŋeš}x[NA]NA apin[plow]N","{ŋeš}x apin",0,"{ŋeš}x[NA]NA_apin[plow]N"
"P429503",174,"r iii' 17'","zara[pivot]N margida[cart]N","{ŋeš}za-ra mar-gid₂-da",0,"zara[pivot]N_margida[cart]N"
"P332939",16,"o i 13","ŋeštin[vine]N","{ŋeš}ŋeštin",0,"ŋeštin[vine]N"
"P388265",8,"i 10","elammakum[tree]N","{ŋeš}e-lam-kum",0,"elammakum[tree]N"
"P273880",135,"a iv 32'","guza[chair]N dus[bathroom]N","{ŋeš}gu-za du₁₀-us₂",0,"guza[chair]N_dus[bathroom]N"
"P492330",13,"o i 11","{ŋeš}tir-ra-te[NA]NA","{ŋeš}tir-ra-te",0,"{ŋeš}tir-ra-te[NA]NA"
"P271301",403,"r iii 36","ma[ship]N nimin[forty]NU gur[unit]N","{ŋeš}ma₂ nimin gur",0,"ma[ship]N_nimin[forty]NU_gur[unit]N"
"P388265",137,"r i 15","niŋkud[~plowshare]N apin[plow]N","{ŋeš}niŋ₂-kud apin",0,"niŋkud[~plowshare]N_apin[plow]N"
"P370399",187,"unknown","unknown","unknown",1,"unknown"
"P247864",109,"o ii 46","{ŋeš}x-zi[NA]NA BAD-x[NA]NA","{ŋeš}x-zi BAD-x",0,"{ŋeš}x-zi[NA]NA_BAD-x[NA]NA"
"Q000039",491,"439","ŋešrin[scales]N mana[unit]N","ŋeš-rin₂ ma-na",0,"ŋešrin[scales]N_mana[unit]N"
"P247864",155,"o iii 29","umbin[wheel]N margida[cart]N","{ŋeš}umbin mar-gid₂-da",0,"umbin[wheel]N_margida[cart]N"
"P273880",362,"b iv 25","{ŋeš}x[NA]NA","{ŋeš}x",0,"{ŋeš}x[NA]NA"
"P370399",63,"o iii 2'","guza[chair]N šagkal[tree]N","{ŋeš}gu-za šag₄-kal",0,"guza[chair]N_šagkal[tree]N"
"Q000039",491,"439","ŋešrin[scales]N mana[unit]N","ŋeš-rin₂ ma-na",0,"ŋešrin[scales]N_mana[unit]N"
"P370399",130,"o iv 27'","ig[door]N kigal[platform]N","{ŋeš}ig ki-gal",0,"ig[door]N_kigal[platform]N"
"P429503",86,"o iii 25","ŋešnimbar[palm]N x[NA]NA","{ŋeš}ŋešnimbar x",0,"ŋešnimbar[palm]N_x[NA]NA"
"P347814",268,"unknown","unknown","unknown",9,"unknown"
"P388265",431,"t.e. iii 3","šu[handle]N","{ŋeš}šu",0,"šu[handle]N"
"P271320",15,"o i 9'","guza[chair]N lugal[king]N","{ŋeš}gu-za lugal",0,"guza[chair]N_lugal[king]N"
"P271301",291,"r i 19","šuʾa[stool]N šuʾi[barber]N","{ŋeš}šuaₓ(|ŠU₂×(A.DIŠ)|) šu-i",0,"šuʾa[stool]N_šuʾi[barber]N"
"P347814",253,"d i 8'","šul[youth]V/i katar[praise]N","{ŋeš}šul ka-tar",0,"šul[youth]V/i_katar[praise]N"
"Q000039",428,"381","ig[door]N maštab[twin]N","{ŋeš}ig maš-tab",0,"ig[door]N_maštab[twin]N"
"P247864",396,"o vii 15'","{ŋeš}x[NA]NA x-x[NA]NA","{ŋeš}x x-x",0,"{ŋeš}x[NA]NA_x-x[NA]NA"
"P429504",42,"r i 5'","guza[chair]N ŋeš-x[NA]NA","{ŋeš}gu-za ŋeš-x",0,"guza[chair]N_ŋeš-x[NA]NA"
"P492330",7,"o i 5","ŋeš[tree]N sal[thin]V/i","ŋeš sal",0,"ŋeš[tree]N_sal[thin]V/i"
"P459228",4,"o 3","šerhazum[nut]N","{ŋeš}še-er-ha-zum",0,"šerhazum[nut]N"
"P432448",9,"o 3'","ŋešnu[tree]N","ŋeš-nu₁₁",0,"ŋešnu[tree]N"
"P271301",281,"r i 9","bad[leg]N guza[chair]N","{ŋeš}bad gu-za",0,"bad[leg]N_guza[chair]N"
"P271771",106,"r i 12'","šuʾa[stool]N","{ŋeš}šuaₓ(|ŠU₂×(A.DIŠ)|)",0,"šuʾa[stool]N"
"P370399",153,"o v 7'","{ŋeš}EZEN[NA]NA","{ŋeš}EZEN",0,"{ŋeš}EZEN[NA]NA"
"P271911",277,"o iv 41","sa[net]N","sa-a",0,"sa[net]N"
"P429503",113,"r i' 17'","buniŋ[trough]N x[NA]NA","{ŋeš}buniŋ x",0,"buniŋ[trough]N_x[NA]NA"
"P271301",345,"r ii 29","buniŋ[trough]N šukud[fisherman]N","{ŋeš}buniŋ(|LAGAB×A|) šu-ku₆",0,"buniŋ[trough]N_šukud[fisherman]N"
"P271771",58,"o iv 14","mud[stump]N ŋešnimbar[palm]N","{ŋeš}mud ŋešnimbar",0,"mud[stump]N_ŋešnimbar[palm]N"
"Q000039",704,"635","zu[tooth]N gud.si.AŠ[ram]N","{ŋeš}zu₂ gud-si-AŠ",0,"zu[tooth]N_gud.si.AŠ[ram]N"
"P271911",94,"o ii 20","saŋ[head]N balak[spindle]N","saŋ balak",0,"saŋ[head]N_balak[spindle]N"
"P271771",84,"o v 14","gilim[foliage]N abzu[water]N","{ŋeš}gu₂-gilim abzu",0,"gilim[foliage]N_abzu[water]N"
"P273880",609,"c iv 43","leʾum[board]N","{ŋeš}le-um",0,"leʾum[board]N"
"P272243",43,"r ii 9","x[NA]NA","x",0,"x[NA]NA"
"Q000039",126,"103","pešmur[~palm]N ŋešnimbar[palm]N","{ŋeš}peš-mur₇ ŋešnimbar",0,"pešmur[~palm]N_ŋešnimbar[palm]N"
"P271911",507,"r iii 40","x-|URU×GU|-ga[NA]NA","x-|URU×GU|-ga",0,"x-|URU×GU|-ga[NA]NA"
"P388265",105,"iv 22","{ŋeš}šag₄-šag₄-ga[NA]NA ŋešnimbar[palm]N","{ŋeš}šag₄-šag₄-ga ŋešnimbar",0,"{ŋeš}šag₄-šag₄-ga[NA]NA_ŋešnimbar[palm]N"
"Q000039",471,"421a","garig[comb]N eban[pair]N","{ŋeš}ga-rig₂ e₂-pa-na",0,"garig[comb]N_eban[pair]N"
"X100003",17,"r 1","ŋeštinzug[grape]N","{ŋeš}ŋeštin-zug₂",0,"ŋeštinzug[grape]N"
"P250736",156,"r i 10","ig[door]N guruš[cut]V/t","{gi}ig guru₅",0,"ig[door]N_guruš[cut]V/t"
"P271911",259,"o iv 26","eš[three]NU sila[unit]N","eš₅ sila₃",0,"eš[three]NU_sila[unit]N"
"P332934",191,"o iii 27","ŋešnimbar[palm]N uhin[date]N sissig[green]V/i","{ŋeš}ŋešnimbar u₄-hi-in sig₇-sig₇",0,"ŋešnimbar[palm]N_uhin[date]N_sissig[green]V/i"
"P347814",104,"b i 34'","x[NA]NA kun-x[NA]NA","x kun-x",0,"x[NA]NA_kun-x[NA]NA"
"P273880",34,"a ii 1'","dub[knee]N bar[outside]V/t apin[plow]N","{ŋeš}dub₃ bar apin",0,"dub[knee]N_bar[outside]V/t_apin[plow]N"
"P346714",72,"r ii 40'","nura[~loom]N","{ŋeš}nir-ra",0,"nura[~loom]N"
"P228096",14,"o i 12","garig[comb]N siki[hair]N","{ŋeš}ga-rig₂ siki",0,"garig[comb]N_siki[hair]N"
"P271771",41,"o iii 18","tiʾarum[tree]N","{ŋeš}ti-ia-lum",0,"tiʾarum[tree]N"
"Q000039",104,"83","ama[mother]N ŋešnimbar[palm]N","{ŋeš}ama ŋešnimbar",0,"ama[mother]N_ŋešnimbar[palm]N"
"P346714",36,"r ii 04'","gag[nail]N x-x[NA]NA","{ŋeš}gag x-x",0,"gag[nail]N_x-x[NA]NA"
"P235262",86,"d i 29'","e[house]N gigir[chariot]N","{ŋeš}e₂ gigir",0,"e[house]N_gigir[chariot]N"
"P429503",105,"r i' 9'","{ŋeš}x-x[NA]NA","{ŋeš}x-x",0,"{ŋeš}x-x[NA]NA"
"P447996",215,"r iii 16","x-us₂[NA]NA ma[ship]N","x-us₂ ma₂",0,"x-us₂[NA]NA_ma[ship]N"
"P388265",425,"t.e. ii 4","gi[thicket]N gub[stand]V/i","{ŋeš}gi gub",0,"gi[thicket]N_gub[stand]V/i"
"P247864",103,"o ii 40","ba[tool]N sim[sieve]V/t","{ŋeš}ba sim",0,"ba[tool]N_sim[sieve]V/t"
"Q000039",419,"374","ig[door]N","{ŋeš}ig",0,"ig[door]N"
"P253866",81,"o iii 14'","naŋasikaz[pestle]N","{ŋeš}naŋa₃-zi₃-gaz",0,"naŋasikaz[pestle]N"
"P250736",241,"r iii 2","utul[tureen]N","{dug}utul₂",0,"utul[tureen]N"
"P253230",34,"o ii 12","apin[plow]N šudu[equipped]AJ","{ŋeš}apin šu-du₇",0,"apin[plow]N_šudu[equipped]AJ"
"P253887",10,"r 2","ma[ship]N niš[twenty]NU gur[unit]N","ma₂ niš gur",0,"ma[ship]N_niš[twenty]NU_gur[unit]N"
"P253230",14,"o i 9","apin[plow]N tugsaga[plow]N","{ŋeš}apin dug₃-sig₁₈",0,"apin[plow]N_tugsaga[plow]N"
"P332934",317,"r iii 20'","ki[place]N ma[ship]N","{ŋeš}ki ma₂",0,"ki[place]N_ma[ship]N"
"Q000001",149,"149","maš[goat]N babbar[white]V/i","maš₂ babbar",0,"maš[goat]N_babbar[white]V/i"
"P332939",9,"o i 6","ŋešgana[tree]N","ŋeš-kin₂",0,"ŋešgana[tree]N"
"P347814",63,"a ii 34'","gur[rim]N","{ŋeš}gur₂",0,"gur[rim]N"
"P271301",301,"r i 29","ŋešnud[bed]N kinud[bedroom]N","ŋeš-nud ki-nud",0,"ŋešnud[bed]N_kinud[bedroom]N"
"P388265",204,"r ii 31","niŋ[thing]N diš[one]NU sila[unit]N","{ŋeš}niŋ₂ diš sila₃",0,"niŋ[thing]N_diš[one]NU_sila[unit]N"
"P247864",182,"o iii 56","umbin[wheel]N gigir[chariot]N","{ŋeš}umbin gigir",0,"umbin[wheel]N_gigir[chariot]N"
"P388265",234,"r iii 13","guza[chair]N lugal[king]N","{ŋeš}gu-za lugal",0,"guza[chair]N_lugal[king]N"
"P271301",200,"o iv 34","{ŋeš}NE[NA]NA asal[poplar]N","{ŋeš}NE asal₂",0,"{ŋeš}NE[NA]NA_asal[poplar]N"
"P346714",57,"r ii 25'","šudu[equipped]AJ apin[plow]N","{ŋeš}šu-du₇ apin",0,"šudu[equipped]AJ_apin[plow]N"
"P332934",86,"o ii 3","ŋipar[tree]N","{ŋeš}ŋi₆-par₄",0,"ŋipar[tree]N"
"Q000039",61,"51b","mes.TU[tree]N","{ŋeš}mes-TU",0,"mes.TU[tree]N"
"Q000001",202,"202","gud[ox]N gu[neck]N ŋar[place]V/t","gud gu₂ ŋar",0,"gud[ox]N_gu[neck]N_ŋar[place]V/t"
"P432448",13,"o 7'","ŋešgana[tree]N babbar[white]V/i","ŋeš-kin₂ babbar",0,"ŋešgana[tree]N_babbar[white]V/i"
"P388330",11,"r 9","{ŋeš}man-na-kam[NA]NA","{ŋeš}man-na-kam",0,"{ŋeš}man-na-kam[NA]NA"
"P250364",122,"r ii 7'","nisiki[comb]N","{ŋeš}niŋ₂-sigₓ(UMBIN)",0,"nisiki[comb]N"
"P432448",8,"o 2'","esi[tree]N","{ŋeš}esi",0,"esi[tree]N"
"P271911",573,"r iv 34","raba[clamp]N","{+ra-ab}rab₃",0,"raba[clamp]N"
"Q000001",366,"366","pešašaga[rodent]N","peš₂-a-šag₄-ga",0,"pešašaga[rodent]N"
"P271301",89,"o ii 37","manu[wood]N kalag[strong]V/i","{ŋeš}ma-nu kalag",0,"manu[wood]N_kalag[strong]V/i"
"P437074",117,"b iii 3''","{ŋeš}x[NA]NA","{ŋeš}x",0,"{ŋeš}x[NA]NA"
"P271911",431,"r ii 36","gag[pock]N ešla[band]N","gag eš₂-la₂",0,"gag[pock]N_ešla[band]N"
"P492330",36,"r i 6'","{ŋeš}saŋ-x[NA]NA","{ŋeš}saŋ-x",0,"{ŋeš}saŋ-x[NA]NA"
"P332939",11,"o i 8","ŋešgana[tree]N giggi[black]V/i","ŋeš-kin₂ giggi",0,"ŋešgana[tree]N_giggi[black]V/i"
"P273880",718,"unknown","unknown","unknown",2,"unknown"
"P332939",57,"r ii' 1'","{ŋeš}x[NA]NA margida[cart]N","{ŋeš}x mar-gid₂-da",0,"{ŋeš}x[NA]NA_margida[cart]N"
"P459217",35,"ii 11'","kur[wood]N","{ŋeš}kur",0,"kur[wood]N"
"P273880",476,"c ii 20","ma[ship]N laga[slag]N","{ŋeš}ma₂ la-ga",0,"ma[ship]N_laga[slag]N"
"P347814",178,"c i 34'","al[hoe]N zu[tooth]N","{ŋeš}al zu₂",0,"al[hoe]N_zu[tooth]N"
"Q000039",264,"228","izzi[wall]N ŋešnud[bed]N","{ŋeš}i-zi nud",0,"izzi[wall]N_ŋešnud[bed]N"
"P271301",230,"o v 3'","{ŋeš}x[NA]NA","{ŋeš}x",0,"{ŋeš}x[NA]NA"
"P228196",21,"21","{ŋeš}{+du-rum}duru₄[NA]NA","{ŋeš}{+du-rum}duru₄",0,"{ŋeš}{+du-rum}duru₄[NA]NA"
"P346714",37,"r ii 05'","da[side-board]N apin[plow]N","{ŋeš}da apin",0,"da[side-board]N_apin[plow]N"
"P250736",319,"r iv 37","bad[wall]N","bad₃",0,"bad[wall]N"
"Q000001",440,"439","uzu[flesh]N šaggar[meat]N","uzu šag₄-gar-gar-ra",0,"uzu[flesh]N_šaggar[meat]N"
"P250736",303,"r iv 21","šeg[brick]N alura[baked]AJ","šeg₁₂ al-ur₃-ra",0,"šeg[brick]N_alura[baked]AJ"
"Q000001",495,"491","uzu[flesh]N uš[membrane]N","uzu |E₂×SAL|",0,"uzu[flesh]N_uš[membrane]N"
"P247864",125,"o ii 62","gag[nail]N sal[thin]V/i apin[plow]N","{ŋeš}gag sal apin",0,"gag[nail]N_sal[thin]V/i_apin[plow]N"
"Q000039",370,"328","e[house]N usan[whip]N gigir[chariot]N","{ŋeš}e₂ usan₃ gigir",0,"e[house]N_usan[whip]N_gigir[chariot]N"
"P273880",247,"b ii 40","bariga[unit]N","{ŋeš}ba-ri₂-ga",0,"bariga[unit]N"
"P271911",457,"r ii 57","gam[haft]N ŋiri[dagger]N šuʾi[barber]N","kin ŋiri₂ šu-i",0,"gam[haft]N_ŋiri[dagger]N_šuʾi[barber]N"
"P253230",11,"o i 6","apin[plow]N šu[hand]N","{ŋeš}apin šu",0,"apin[plow]N_šu[hand]N"
"Q000039",472,"422","balak[spindle]N","{ŋeš}balak",0,"balak[spindle]N"
"P271771",127,"r ii 14'","emerah[jug]N tu[soup]N","{ŋeš}emerahₓ(|UD.HUB₂|) tu₇",0,"emerah[jug]N_tu[soup]N"
"Q000039",32,"27","pa[branch]N usuh[tree]N","{ŋeš}pa u₃-suh₅",0,"pa[branch]N_usuh[tree]N"
"P459226",33,"o ii 13'","manu[wood]N kalag[strong]V/i","{ŋeš}ma-nu kalag",0,"manu[wood]N_kalag[strong]V/i"
"P332934",250,"o iv 21'","arina[madder]N","{ŋeš}i-ri-na",0,"arina[madder]N"
"P437074",81,"b ii 5''","{ŋeš}HUB₂[NA]NA","{ŋeš}HUB₂",0,"{ŋeš}HUB₂[NA]NA"
"P349893",5,"5","madal[pole]N","{ŋeš}madla(BU)",0,"madal[pole]N"
"P253228",20,"o ii 1","saŋkul[bolt]N gigir[chariot]N","{ŋeš}sag-gul gigir₂",0,"saŋkul[bolt]N_gigir[chariot]N"
"P346714",50,"r ii 18'","šudul[yoke]N apin[plow]N","{ŋeš}šu₂-dul₄ apin",0,"šudul[yoke]N_apin[plow]N"
"P250363",4,"o 3'","ig[door]N papah[cella]N","{ŋeš}ig pap-pah",0,"ig[door]N_papah[cella]N"
"P370399",111,"o iv 8'","DUB.du₃[~vehicle]N ŋar[place]V/t","{ŋeš}ŠID ŋar",0,"DUB.du₃[~vehicle]N_ŋar[place]V/t"
"P250736",72,"o iii 6","kid[mat]N KA.izi[burning]N ana[upper]AJ","{gi}kid KA-izi an-na",0,"kid[mat]N_KA.izi[burning]N_ana[upper]AJ"
"P247864",379,"o vi 63","gu[neck]N harmušen[snare]N","{ŋeš}gu₂ har-mušen-na",0,"gu[neck]N_harmušen[snare]N"
"P247864",295,"o v 43","{ŋeš}x-x[NA]NA","{ŋeš}x-x",0,"{ŋeš}x-x[NA]NA"
"P429503",184,"r iii' 27'","igi[eye]N margida[cart]N","{ŋeš}igi mar-gid₂-da",0,"igi[eye]N_margida[cart]N"
"P271301",172,"o iv 6","{ŋeš}zi-x[NA]NA","{ŋeš}zi-x",0,"{ŋeš}zi-x[NA]NA"
"P271301",347,"r ii 31","naŋa[mortar]N še[barley]N","{ŋeš}naŋa₃ še",0,"naŋa[mortar]N_še[barley]N"
"P271301",461,"r iv 42","{ŋeš}LIŠ[NA]NA usan[whip]N","{ŋeš}LIŠ usan₃",0,"{ŋeš}LIŠ[NA]NA_usan[whip]N"
"P271320",38,"r i' 5'","gabaŋal[guard]N gigir[chariot]N","{ŋeš}gaba-gal gigir",0,"gabaŋal[guard]N_gigir[chariot]N"
"P332934",344,"r iv 1","šag[heart]N hul[rejoice]V/i","{ŋeš}šag₄ hul₂",0,"šag[heart]N_hul[rejoice]V/i"
"P459217",46,"ii 22'","KID.da[twig]N","{ŋeš}KID-da",0,"KID.da[twig]N"
"P273880",442,"c i 47","zena[weapon]N mah[great]V/i","{ŋeš}ze₂-na mah",0,"zena[weapon]N_mah[great]V/i"
"P459217",92,"iv 14","zena[midrib]N ŋešnimbar[palm]N","{ŋeš}ze₂-na ŋešnimbar",0,"zena[midrib]N_ŋešnimbar[palm]N"
"P271911",624,"r v 3'","ŋeš[tree]N šuniŋin[total]N","ŋeš šu-niŋ₂-niŋin₂",0,"ŋeš[tree]N_šuniŋin[total]N"
"P250736",113,"o iv 6","bisaŋ[basket]N nushu[container]N","{gi}bisaŋ nu-us-hu-um",0,"bisaŋ[basket]N_nushu[container]N"
"Q000001",234,"234","amar[young]N giggi[black]V/i","amar giggi",0,"amar[young]N_giggi[black]V/i"
"Q000039",662,"596","dagsi[hook]N eban[pair]N","{ŋeš}dag-si e-ba-na",0,"dagsi[hook]N_eban[pair]N"
"P271771",57,"o iv 13","gag[nail]N zena[midrib]N ŋešnimbar[palm]N","{ŋeš}gag zi-na ŋešnimbar",0,"gag[nail]N_zena[midrib]N_ŋešnimbar[palm]N"
"P271911",608,"r v 4","ganum[stand]N tur[small]V/i","ŋa₂-an-nu tur",0,"ganum[stand]N_tur[small]V/i"
"P247864",433,"o vii 52'","guza[chair]N ma₂-gan-na[NA]NA","{ŋeš}gu-za ma₂-gan-na",0,"guza[chair]N_ma₂-gan-na[NA]NA"
"P346714",154,"r iv 37'","ti[arrow]N","{ŋeš}ti",0,"ti[arrow]N"
"P271771",8,"o ii 6","numun[seed]N usuh[tree]N","{ŋeš}numun u₃-suh₅",0,"numun[seed]N_usuh[tree]N"
"P250736",319,"r iv 37","bad[wall]N","bad₃",0,"bad[wall]N"
"P332934",10,"o i 6","ŋešgana[tree]N","ŋeš-kin₂",0,"ŋešgana[tree]N"
"Q000001",328,"328","niŋziŋal[living-creature]N eden[back]N","niŋ₂-zi-ŋal₂ eden",0,"niŋziŋal[living-creature]N_eden[back]N"
"Q000039",284,"248","kuŋ[stair]N me[Being]N nu-KU[NA]NA","{ŋeš}kuŋ₄ me nu-KU",0,"kuŋ[stair]N_me[Being]N_nu-KU[NA]NA"
"P251686",11,"o 8","guza[chair]N tu[bath?]N","{ŋeš}gu-za tu₅",0,"guza[chair]N_tu[bath?]N"
"P228105",6,"o i 4'","namulum[wooden-object]N","{ŋeš}na-mu-ul-lum",0,"namulum[wooden-object]N"
"P459216",129,"unknown","unknown","unknown",8,"unknown"
"P347814",143,"b ii 27'","dimmaršu[instrument]N","{ŋeš}dim₃-mar-šu",0,"dimmaršu[instrument]N"
"P272243",28,"r i 9","ŋešnimbar[palm]N ŋal[be]V/i","{ŋeš}ŋešnimbar ŋal₂",0,"ŋešnimbar[palm]N_ŋal[be]V/i"
"P247864",373,"o vi 57","{ŋeš}kiŋ₂-BAD[NA]NA","{ŋeš}kiŋ₂-BAD",0,"{ŋeš}kiŋ₂-BAD[NA]NA"
"Q000001",437,"436","uzu[flesh]N šagmah[intestine]N","uzu šag₄-mah",0,"uzu[flesh]N_šagmah[intestine]N"
"P346714",158,"r iv 41'","gag[nail]N šu[NA]NA eš[three]NU","{ŋeš}gag šu eš",0,"gag[nail]N_šu[NA]NA_eš[three]NU"
"P370399",122,"o iv 19'","gag[nail]N umbin[wheel]N gigir[chariot]N","{ŋeš}gag umbin gigir",0,"gag[nail]N_umbin[wheel]N_gigir[chariot]N"
"Q000001",274,"274","muš[snake]N kiʾuš[waste]N","muš ki-uš₂",0,"muš[snake]N_kiʾuš[waste]N"
"Q000039",600,"541","šul[youth]V/i katar[praise]N","{ŋeš}šul ka-tar",0,"šul[youth]V/i_katar[praise]N"
"P272532",3,"o 1","guza[chair]N gar[knob]N urud[copper]N ŋar[place]V/t","{ŋeš}gu-za gar₃ urud ŋar",0,"guza[chair]N_gar[knob]N_urud[copper]N_ŋar[place]V/t"
"P388265",277,"r iv 17","ig[door]N i[oil]N","{ŋeš}ig i₃",0,"ig[door]N_i[oil]N"
"P347814",29,"unknown","unknown","unknown",999,"unknown"
"P253238",24,"r 1","ildag[poplar]N kur[mountain]N","{ŋeš}ildag₂ kur",0,"ildag[poplar]N_kur[mountain]N"
"P273880",296,"b iii 20","isimu[sprout]N","{ŋeš}isimu₃{+mu₂}",0,"isimu[sprout]N"
"P459218",66,"o iii 17","apin[plow]N saŋ[head]N tuku[acquire]V/t","{ŋeš}apin saŋ tuku",0,"apin[plow]N_saŋ[head]N_tuku[acquire]V/t"
"P250736",36,"o ii 8","ubzal[reeds]N","{gi}ub-zal",0,"ubzal[reeds]N"
"P225059",6,"o i 3","emerah[jug]N x[NA]NA","{ŋeš}emerah x",0,"emerah[jug]N_x[NA]NA"
"P332934",27,"o i 23","tila[grapevine]N ŋeštin[vine]N","{ŋeš}illat ŋeštin",0,"tila[grapevine]N_ŋeštin[vine]N"
"P247864",383,"o vii 2'","{ŋeš}x[NA]NA","{ŋeš}x",0,"{ŋeš}x[NA]NA"
"P250363",18,"r 5","{ŋeš}x[NA]NA","{ŋeš}x",0,"{ŋeš}x[NA]NA"
"P429505",4,"2'","ŋešnimbar[palm]N dar[split]V/t","{ŋeš}ŋešnimbar dar",0,"ŋešnimbar[palm]N_dar[split]V/t"
"P250736",302,"r iv 20","arha[half-brick]N","SIG₄-AB₂",0,"arha[half-brick]N"
"Q000039",10,"8","ŋeštin[vine]N","{ŋeš}ŋeštin",0,"ŋeštin[vine]N"
"P253866",90,"o iii 23'","niŋna[incense]N mud[blood]N","{ŋeš}niŋ₂-na mud",0,"niŋna[incense]N_mud[blood]N"
"P388265",398,"r vi 39","{ŋeš}la-ma[NA]NA","{ŋeš}la-ma",0,"{ŋeš}la-ma[NA]NA"
"P247864",425,"o vii 44'","guza[chair]N gid[drag]V/t ilimmu[nine]NU kuš[skin]N","{ŋeš}gu-za gid₂ ilimmu kuš",0,"guza[chair]N_gid[drag]V/t_ilimmu[nine]NU_kuš[skin]N"
"P332934",87,"o ii 4","manu[wood]N","{ŋeš}ma-nu",0,"manu[wood]N"
"P273880",483,"c ii 27","ma[ship]N ŋeš[sixty]NU gur[unit]N","{ŋeš}ma₂ ŋeš₂ gur",0,"ma[ship]N_ŋeš[sixty]NU_gur[unit]N"
"P273880",464,"c ii 8","si[horn]N ma[ship]N","{ŋeš}si ma₂",0,"si[horn]N_ma[ship]N"
"P271301",354,"r ii 38","{ŋeš}e₂-bal[NA]NA","{ŋeš}e₂-bal",0,"{ŋeš}e₂-bal[NA]NA"
"Q000039",197,"163a","guza[chair]N munus[woman]N","{ŋeš}gu-za munus",0,"guza[chair]N_munus[woman]N"
"P459216",183,"r iv 15'","ŋešdal[crossbar]N margida[cart]N","ŋeš-dal mar-gid₂-da",0,"ŋešdal[crossbar]N_margida[cart]N"
"P271792",17,"r 13'","x-da[NA]NA","x-da",0,"x-da[NA]NA"
"P247864",14,"o i 11","lam[tree]N tur[small]V/i","{ŋeš}lam tur",0,"lam[tree]N_tur[small]V/i"
"P273880",403,"c i 6","kan[gate]N","{ŋeš}kan₄",0,"kan[gate]N"
"Q000039",318,"280","ma[ship]N ninnu[fifty]NU gur[unit]N","{ŋeš}ma₂ ninnu gur",0,"ma[ship]N_ninnu[fifty]NU_gur[unit]N"
"Q000001",363,"363","peš[mouse]N","peš₂",0,"peš[mouse]N"
"P273880",692,"d ii 28'","SAL.UŠ[sheath]N šuʾi[barber]N","{ŋeš}|SAL.UŠ.DI| šu-i",0,"SAL.UŠ[sheath]N_šuʾi[barber]N"
"P271911",296,"unknown","unknown","unknown",1,"unknown"
"P388265",239,"r iii 18","ŋeš.nud.AŠ.nud[bed]N","ŋeš-nud-AŠ",0,"ŋeš.nud.AŠ.nud[bed]N"
"Q000039",553,"497","tukul[weapon]N šu[hand]N","{ŋeš}tukul šu",0,"tukul[weapon]N_šu[hand]N"
"Q000039",465,"416","niŋmenbulug[~loom]N","{ŋeš}niŋ₂-menbulug₂(|BULUG&BULUG|)",0,"niŋmenbulug[~loom]N"
"P347814",20,"a i 35'","saŋkul[bolt]N","{ŋeš}saŋ-kul",0,"saŋkul[bolt]N"
"P388265",381,"r vi 22","raba[clamp]N","{ŋeš}rab₃",0,"raba[clamp]N"
"P253233",67,"r ii 17'","peš[fig]N kur[mountain]N","{ŋeš}peš₃ kur",0,"peš[fig]N_kur[mountain]N"
"P235262",71,"d i 14'","ma[ship]N nimin[forty]NU gur[unit]N","{ŋeš}ma₂ nimin gur",0,"ma[ship]N_nimin[forty]NU_gur[unit]N"
"Q000001",419,"418","uzu[flesh]N gumur[spine]N","uzu gu₂-mur₇",0,"uzu[flesh]N_gumur[spine]N"
"Q000001",219,"219","ab[cow]N si[horn]N ŋal[be]V/i","ab₂ si ŋal₂",0,"ab[cow]N_si[horn]N_ŋal[be]V/i"
"P459216",96,"r i 1'","{ŋeš}x[NA]NA","{ŋeš}x",0,"{ŋeš}x[NA]NA"
"P271301",181,"o iv 15","{ŋeš}lagab[NA]NA ŋešnimbar[palm]N","{ŋeš}lagab ŋešnimbar",0,"{ŋeš}lagab[NA]NA_ŋešnimbar[palm]N"
"P273880",710,"d iii 1'","{ŋeš}x[NA]NA","{ŋeš}x",0,"{ŋeš}x[NA]NA"
"P247864",10,"o i 7","ŋešaʾabak[tree]N me-luh-ha[NA]NA","ŋeš-ab-ba me-luh-ha",0,"ŋešaʾabak[tree]N_me-luh-ha[NA]NA"
"P459225",16,"r ii 3'","šukara[tool]N","{ŋeš}šu-kara₂",0,"šukara[tool]N"
"P250736",45,"o ii 17","garadin[bundle]N","{gi}garadin",0,"garadin[bundle]N"
"P459218",26,"o ii 5'","niŋzu[~loom]N","{ŋeš}niŋ₂-zu",0,"niŋzu[~loom]N"
"P370399",52,"o ii 25'","ŋešnud[bed]N","ŋeš-nud",0,"ŋešnud[bed]N"
"P459216",36,"ii 4","manu[wood]N","{ŋeš}ma-nu",0,"manu[wood]N"
"P459226",39,"o iii 3'","{ŋeš}x[NA]NA","{ŋeš}x",0,"{ŋeš}x[NA]NA"
"P271301",286,"r i 14","na[box]N tur[small]V/i","{ŋeš}na tur",0,"na[box]N_tur[small]V/i"
"P271549",12,"7'","x[NA]NA","x",0,"x[NA]NA"
"P273880",537,"c iii 22","{ŋeš}niŋ₂-ak-da[NA]NA ŋešnimbar[palm]N","{ŋeš}niŋ₂-ak-da ŋešnimbar",0,"{ŋeš}niŋ₂-ak-da[NA]NA_ŋešnimbar[palm]N"
"P250736",112,"o iv 5","bisaŋ[basket]N x[NA]NA","{gi}bisaŋ x",0,"bisaŋ[basket]N_x[NA]NA"
"P332934",143,"o ii 59","ŋeš[tree]N gibil[sprout]N","ŋeš gibil",0,"ŋeš[tree]N_gibil[sprout]N"
"Q000001",253,"253","eme[donkey]N","eme₃(|SAL.ANŠE|)",0,"eme[donkey]N"
"P429503",173,"r iii' 16'","hara[container]N margida[cart]N","{ŋeš}ha-ra mar-gid₂-da",0,"hara[container]N_margida[cart]N"
"Q000001",504,"500","uzu[flesh]N umbin[nail]N","uzu umbin",0,"uzu[flesh]N_umbin[nail]N"
"P271549",14,"9'","x[NA]NA","x",0,"x[NA]NA"
"P429503",118,"r i' 22'","naŋa[mortar]N esir[bitumen]N","{ŋeš}naŋa₃ esir₂",0,"naŋa[mortar]N_esir[bitumen]N"
"P332934",364,"r iv 21","gag[nail]N zara[pivot]N gigir[chariot]N","{ŋeš}gag za-ra gigir",0,"gag[nail]N_zara[pivot]N_gigir[chariot]N"
"P250736",102,"o iii 36","mansim[sieve]N hal[divide]V/t","{gi}ma-an-sim hal",0,"mansim[sieve]N_hal[divide]V/t"
"P271911",475,"r iii 14","tukul[weapon]N lugal[king]N","tukul lugal",0,"tukul[weapon]N_lugal[king]N"
"P273880",246,"b ii 39","ban[unit]N ya[five]NU sila[unit]N","{ŋeš}ba-an ia₂ sila₃",0,"ban[unit]N_ya[five]NU_sila[unit]N"
"P459218",61,"o iii 12","apin[plow]N x[NA]NA","{ŋeš}apin x",0,"apin[plow]N_x[NA]NA"
"P370399",163,"o v 17'","madal[pole]N","{ŋeš}mudla(BU)",0,"madal[pole]N"
"Q000001",50,"50","udu[sheep]N namerim[oath]N","udu nam-erim₂",0,"udu[sheep]N_namerim[oath]N"
"Q000039",300,"263","miriza[plank]N","{ŋeš}mi-ri₂-za",0,"miriza[plank]N"
"P370399",72,"o iii 11'","izzi[wall]N guza[chair]N","{ŋeš}ezem gu-za",0,"izzi[wall]N_guza[chair]N"
"P271320",11,"unknown","unknown","unknown",1,"unknown"
"P332934",324,"r iii 27'","anše[equid]N ma[ship]N","{ŋeš}anše ma₂",0,"anše[equid]N_ma[ship]N"
"Q000001",470,"467","uzu[flesh]N ma-gi[NA]NA","uzu ma-gi",0,"uzu[flesh]N_ma-gi[NA]NA"
"P459218",37,"o ii 17'","balak[spindle]N","{ŋeš}balak",0,"balak[spindle]N"
"P250736",288,"r iv 6","x[NA]NA šu[hand]N","x šu",0,"x[NA]NA_šu[hand]N"
"Q000001",404,"403","uzu[flesh]N saŋdu[head]N","uzu saŋ-du",0,"uzu[flesh]N_saŋdu[head]N"
"P346714",123,"r iv 03'","niŋ[thing]N ban[unit]N","{ŋeš}niŋ₂ ban₂",0,"niŋ[thing]N_ban[unit]N"
"Q000001",144,"144","maš[goat]N kur[mountain]N","maš₂ kur",0,"maš[goat]N_kur[mountain]N"
"Q000039",19,"17","šeše[tree]N","{ŋeš}še-še",0,"šeše[tree]N"
"Q000039",544,"488","gag[nail]N šum[garlic]N bal[dig]V/t","{ŋeš}gag šum₂ ba-al",0,"gag[nail]N_šum[garlic]N_bal[dig]V/t"
"P429503",85,"o iii 24","ŋešnimbar[palm]N x[NA]NA","{ŋeš}ŋešnimbar x",0,"ŋešnimbar[palm]N_x[NA]NA"
"P271301",231,"o v 4'","ba[tool]N","{ŋeš}ba",0,"ba[tool]N"
"P447996",206,"unknown","unknown","unknown",7,"unknown"
"P250364",118,"r ii 3'","{ŋeš}uri[NA]NA","{ŋeš}uri",0,"{ŋeš}uri[NA]NA"
"P273880",323,"b iii 51","illar[weapon]N pa[branch]N mušen[bird]N","{ŋeš}illar pa mušen",0,"illar[weapon]N_pa[branch]N_mušen[bird]N"
"P459217",102,"iv 24","hara[shoot]N ŋešnimbar[palm]N","{ŋeš}ha-ra ŋešnimbar",0,"hara[shoot]N_ŋešnimbar[palm]N"
"P332934",347,"r iv 4","gigir[chariot]N Enlil[1]DN","{ŋeš}gigir {d}50",0,"gigir[chariot]N_Enlil[1]DN"
"P437074",74,"b ii 17'","{ŋeš}x-x[NA]NA","{ŋeš}x-x",0,"{ŋeš}x-x[NA]NA"
"P250736",303,"r iv 21","šeg[brick]N alura[baked]AJ","šeg₁₂ al-ur₃-ra",0,"šeg[brick]N_alura[baked]AJ"
"P370399",203,"o viii 4'","x-si-x[NA]NA","x-si-x",0,"x-si-x[NA]NA"
"P332930",24,"r 3","ma[ship]N dirig[float]V/i","{ŋeš}ma₂ dirig",0,"ma[ship]N_dirig[float]V/i"
"P273880",473,"c ii 17","ma[ship]N gal[big]V/i","{ŋeš}ma₂ gu-la",0,"ma[ship]N_gal[big]V/i"
"Q000039",29,"25b","usuh[tree]N pa[branch]N kud[cut]V/t","{ŋeš}u₃-suh₅ pa kud",0,"usuh[tree]N_pa[branch]N_kud[cut]V/t"
"P459217",55,"iii 5","eren[cedar]N","{ŋeš}eren",0,"eren[cedar]N"
"P388265",386,"r vi 27","banšur[table]N","{ŋeš}banšurₓ(|URU×IGI|)",0,"banšur[table]N"
"P253866",10,"o i 5'","ilila[lever]N","{ŋeš}il₂-il₂",0,"ilila[lever]N"
"P272243",12,"o i' 8'","ŋešnimbar[palm]N Dilmun[1]GN","{ŋeš}ŋešnimbar dilmun",0,"ŋešnimbar[palm]N_Dilmun[1]GN"
"Q000039",600,"541","šul[youth]V/i katar[praise]N","{ŋeš}šul ka-tar",0,"šul[youth]V/i_katar[praise]N"
"P429503",27,"o i 24","garan[bunch]N ŋeštin[vine]N","{ŋeš}ga-ra-na ŋeštin",0,"garan[bunch]N_ŋeštin[vine]N"
"P437074",19,"a iii 1'","ŋešnimbar[palm]N x[NA]NA","{ŋeš}ŋešnimbar x",0,"ŋešnimbar[palm]N_x[NA]NA"
"P459216",82,"iii 21","pešbandazi[offshoot]N ŋešnimbar[palm]N","{ŋeš}peš-banda₃-zi ŋešnimbar",0,"pešbandazi[offshoot]N_ŋešnimbar[palm]N"
"P250364",149,"r iii 15'","{ŋeš}ra-x-x[NA]NA","{ŋeš}ra-x-x",0,"{ŋeš}ra-x-x[NA]NA"
"P271911",478,"r iii 17","tukul[weapon]N še[barley]N x-x[NA]NA","tukul še x-x",0,"tukul[weapon]N_še[barley]N_x-x[NA]NA"
"P273880",341,"b iv 4","dub[tablet]N zamin[lyre]N","{ŋeš}dub za₃-mi₂",0,"dub[tablet]N_zamin[lyre]N"
"P370399",191,"o vii 3'","ma[ship]N ya[five]NU gur[unit]N","{ŋeš}ma₂ ia₂ gur",0,"ma[ship]N_ya[five]NU_gur[unit]N"
"P271301",388,"r iii 21","ti[rib]N ma[ship]N","{ŋeš}ti ma₂",0,"ti[rib]N_ma[ship]N"
"P271301",67,"o ii 15","ildag[poplar]N kur[mountain]N","{ŋeš}ildag₂ kur",0,"ildag[poplar]N_kur[mountain]N"
"Q000039",365,"323","šibir[staff]N","{ŋeš}šibir",0,"šibir[staff]N"
"Q000001",26,"26","udu[sheep]N šurum[litter]N","udu šurum₆-ma",0,"udu[sheep]N_šurum[litter]N"
"P253230",34,"o ii 12","apin[plow]N šudu[equipped]AJ","{ŋeš}apin šu-du₇",0,"apin[plow]N_šudu[equipped]AJ"
"P250736",82,"o iii 16","gigur[container]N šu[hand]N šub[fall]V/t","gi-gur šu šub",0,"gigur[container]N_šu[hand]N_šub[fall]V/t"
"P429503",79,"o iii 18","ŋešnimbar[palm]N x[NA]NA","{ŋeš}ŋešnimbar x",0,"ŋešnimbar[palm]N_x[NA]NA"
"P253245",19,"o 15","ŋirigub[footstool]N","{ŋeš}ŋiri₃-gub",0,"ŋirigub[footstool]N"
"Q000039",253,"217","ŋešnud[bed]N gu[neck]N zig[rise]V/t","ŋeš-nud gu₂ zig₃",0,"ŋešnud[bed]N_gu[neck]N_zig[rise]V/t"
"Q000001",341,"341","uman[insect]N zid[flour]N","umanₓ(|HI×AŠ₂|) zid₂",0,"uman[insect]N_zid[flour]N"
"P332939",51,"r i' 10'","gigir[chariot]N","{ŋeš}gigir",0,"gigir[chariot]N"
"P225065",6,"o i 3","ig[door]N x[NA]NA","{ŋeš}ig x",0,"ig[door]N_x[NA]NA"
"P492330",16,"unknown","unknown","unknown",999,"unknown"
"P247864",209,"o iv 20","{ŋeš}x-x-x[NA]NA","{ŋeš}x-x-x",0,"{ŋeš}x-x-x[NA]NA"
"P409465",5,"5","Matuša[1]ON","{ŋeš}ma₂-tuš-a",0,"Matuša[1]ON"
"P312012",1,"1","naŋa[mortar]N ŋeši[sesame]N","{ŋeš}naŋa₃ {še}ŋeš-i₃",0,"naŋa[mortar]N_ŋeši[sesame]N"
"P273880",514,"c ii 59","ŋešnimbar[palm]N kud[cut]V/t","{ŋeš}ŋešnimbar kud",0,"ŋešnimbar[palm]N_kud[cut]V/t"
"P297194",7,"o 6","numun[seed]N usuh[tree]N","{ŋeš}numun u₃-suh₅",0,"numun[seed]N_usuh[tree]N"
"Q000039",763,"692","antibal[sign]N gu[eat]V/t","{ŋeš}an-ti-bal gu₇",0,"antibal[sign]N_gu[eat]V/t"
"Q000039",448,"399","saŋkul[bolt]N nim[high]V/i","{ŋeš}saŋ-kul nim",0,"saŋkul[bolt]N_nim[high]V/i"
"P459226",28,"o ii 8'","{ŋeš}x[NA]NA","{ŋeš}x",0,"{ŋeš}x[NA]NA"
"P459218",112,"o iv 33","dupsik[basket]N","{ŋeš}dupsik",0,"dupsik[basket]N"
"P247864",10,"o i 7","ŋešaʾabak[tree]N me-luh-ha[NA]NA","ŋeš-ab-ba me-luh-ha",0,"ŋešaʾabak[tree]N_me-luh-ha[NA]NA"
"P459216",64,"iii 3","šag[heart]N ŋešnimbar[palm]N","{ŋeš}šag₄ ŋešnimbar",0,"šag[heart]N_ŋešnimbar[palm]N"
"P271301",327,"r ii 11","emerah[jug]N ŋeštug[ear]N","{ŋeš}emerah ŋeštug",0,"emerah[jug]N_ŋeštug[ear]N"
"P347814",198,"c ii 4'","ŋeš[tree]N x[NA]NA x[NA]NA","ŋeš x x",0,"ŋeš[tree]N_x[NA]NA_x[NA]NA"
"P271911",140,"o ii 59","dilim[spoon]N ŋešrin[scales]N","dilim₂ rin₂",0,"dilim[spoon]N_ŋešrin[scales]N"
"Q000001",445,"444","uzu[flesh]N šag[heart]N us[follow]V/t","uzu šag₄ us₂",0,"uzu[flesh]N_šag[heart]N_us[follow]V/t"
"Q000039",187,"155a","ba[tool]N gur[unit]N","{ŋeš}ba gur",0,"ba[tool]N_gur[unit]N"
"Q000039",95,"76","ŋešnimbar[palm]N izi[fire]N gu[eat]V/t","{ŋeš}ŋešnimbar izi gu₇",0,"ŋešnimbar[palm]N_izi[fire]N_gu[eat]V/t"
"P332939",57,"r ii' 1'","{ŋeš}x[NA]NA margida[cart]N","{ŋeš}x mar-gid₂-da",0,"{ŋeš}x[NA]NA_margida[cart]N"
"P459228",4,"o 3","šerhazum[nut]N","{ŋeš}še-er-ha-zum",0,"šerhazum[nut]N"
"P388265",224,"r iii 3","guza[chair]N malah[sailor]N","{ŋeš}gu-za ma₂-lah₅",0,"guza[chair]N_malah[sailor]N"
"P250368",4,"o 2","mud[stump]N gaz[kill]V/t ŋešnimbar[palm]N","{ŋeš}mud gaz ŋešnimbar",0,"mud[stump]N_gaz[kill]V/t_ŋešnimbar[palm]N"
"P250736",61,"o ii 35","dur[bond]N aŋi[wave]N","{gi}dur a-ŋi₆",0,"dur[bond]N_aŋi[wave]N"
"P388265",395,"r vi 36","gag[nail]N ŋešla[key]N","{ŋeš}gag ŋeš-la₂",0,"gag[nail]N_ŋešla[key]N"
"Q000001",99,"99","udu[sheep]N hi[mix]V/t","udu hi",0,"udu[sheep]N_hi[mix]V/t"
"P370399",172,"o v 26'","gal[big]V/i UD-HUB₂-x[NA]NA","{ŋeš}gal UD-HUB₂-x",0,"gal[big]V/i_UD-HUB₂-x[NA]NA"
"P271911",478,"r iii 17","tukul[weapon]N še[barley]N x-x[NA]NA","tukul še x-x",0,"tukul[weapon]N_še[barley]N_x-x[NA]NA"
"P388265",205,"r ii 32","niŋ[thing]N 1/2(diš)[NA]NA sila[unit]N","{ŋeš}niŋ₂ 1/2(diš) sila₃",0,"niŋ[thing]N_1/2(diš)[NA]NA_sila[unit]N"
"P447996",83,"o v 8","hašhur[apple]N kurdilum[fruit-tree]N","{ŋeš}hašhur kur-di-lum",0,"hašhur[apple]N_kurdilum[fruit-tree]N"
"P273880",64,"a ii 46'","umbin[wheel]N gagsila[harness]N","{ŋeš}umbin gag-sal₄",0,"umbin[wheel]N_gagsila[harness]N"
"Q000001",299,"299","nig[dog]N","nig",0,"nig[dog]N"
"P437074",120,"b iii 6''","{ŋeš}x[NA]NA","{ŋeš}x",0,"{ŋeš}x[NA]NA"
"P271911",176,"unknown","unknown","unknown",1,"unknown"
"P389511",9,"o 8","šagkal[tree]N","{ŋeš}šag₄-kal",0,"šagkal[tree]N"
"Q000039",731,"658","{ŋeš}EN[NA]NA ninda[vessel]N","{ŋeš}EN ninda₂",0,"{ŋeš}EN[NA]NA_ninda[vessel]N"
"P389511",13,"o 12","urzinum[tree]N","{ŋeš}ur-zi-nu-um",0,"urzinum[tree]N"
"P271911",387,"r ii 5","alŋarsura[drumstick]N","a₂-la₂-gan₂-ur₃",0,"alŋarsura[drumstick]N"
"P273880",83,"a iii 14'","{ŋeš}x[NA]NA","{ŋeš}x",0,"{ŋeš}x[NA]NA"
"P271911",231,"o iv 5","gag[nail]N šum[garlic]N sal[thin]V/i","gag šum₂ sal",0,"gag[nail]N_šum[garlic]N_sal[thin]V/i"
"P370399",125,"o iv 22'","{ŋeš}x[NA]NA gigir[chariot]N","{ŋeš}x gigir",0,"{ŋeš}x[NA]NA_gigir[chariot]N"
"P347814",102,"unknown","unknown","unknown",1,"unknown"
"P273880",266,"b ii 59","laharuhšu[quiver-(for-chariot)]N","{ŋeš}la-ha-ru-uh₂-šu",0,"laharuhšu[quiver-(for-chariot)]N"
"P247864",357,"o vi 41","{ŋeš}x-x-da[NA]NA","{ŋeš}x-x-da",0,"{ŋeš}x-x-da[NA]NA"
"P332939",12,"o i 9","ŋešgana[tree]N su[red]V/i","ŋeš-kin₂ sa₅",0,"ŋešgana[tree]N_su[red]V/i"
"P271911",357,"r i 41'","mar[shovel]N ninda[bread]N gur[thick]V/i","mar ninda gur₄",0,"mar[shovel]N_ninda[bread]N_gur[thick]V/i"
"P271911",469,"r iii 6","hedu[ornament]N","he₂-du₇",0,"hedu[ornament]N"
"Q000039",36,"30","šennur[plum]N","{ŋeš}šennur",0,"šennur[plum]N"
"P273880",592,"c iv 26","gam[crook]N x-x[NA]NA","{ŋeš}gam₃ x-x",0,"gam[crook]N_x-x[NA]NA"
"P271911",119,"o ii 40","zub[stick]N","{+zu-u-bi}zubi",0,"zub[stick]N"
"P247864",331,"o vi 15","epana[quiver]N","{ŋeš}e₂-pana",0,"epana[quiver]N"
"P253230",53,"t.e. 3","x-x-du-um[NA]NA","x-x-du-um",0,"x-x-du-um[NA]NA"
"P250364",13,"o i 10","guza[chair]N gigir[chariot]N","{ŋeš}gu-za gigir",0,"guza[chair]N_gigir[chariot]N"
"P423759",4,"o 3","dubla[tower]N apin[plow]N","{ŋeš}dub-la₂ apin",0,"dubla[tower]N_apin[plow]N"
"P492330",20,"o ii 3","tukul[weapon]N šeŋ[rain]V/i","{ŋeš}tukul šeŋ₃-šeŋ₃",0,"tukul[weapon]N_šeŋ[rain]V/i"
"P388265",327,"r v 12","ŋešŋiri[fetters]N","ŋeš-ŋiri₃",0,"ŋešŋiri[fetters]N"
"P437074",70,"b ii 13'","tun[container]N","{ŋeš}{gi}tun₃",0,"tun[container]N"
"P370399",41,"o ii 14'","{ŋeš}GIR₂+KI[NA]NA","{ŋeš}GIR₂+KI",0,"{ŋeš}GIR₂+KI[NA]NA"
"P332934",303,"r iii 6'","ma[ship]N Idlurugu[1]DN","{ŋeš}ma₂ {d}id₂-lu₂-ru-gu₂",0,"ma[ship]N_Idlurugu[1]DN"
"P250736",173,"r i 27","gakkul[mash-tub]N","{gi}gakkul₃",0,"gakkul[mash-tub]N"
"P459217",104,"iv 26","{ŋeš}ki-x-x-x[NA]NA","{ŋeš}ki-x-x-x",0,"{ŋeš}ki-x-x-x[NA]NA"
"P250736",54,"o ii 28","{gi}x[NA]NA šu[hand]N","{gi}x šu",0,"{gi}x[NA]NA_šu[hand]N"
"P437074",117,"b iii 3''","{ŋeš}x[NA]NA","{ŋeš}x",0,"{ŋeš}x[NA]NA"
"P273880",687,"d ii 23'","ŋeš[tree]N kiŋar[area]N zag[side]N la[hang]V/t","ŋeš ki-ŋar zag la₂",0,"ŋeš[tree]N_kiŋar[area]N_zag[side]N_la[hang]V/t"
"P459217",103,"unknown","unknown","unknown",1,"unknown"
"P271911",449,"unknown","unknown","unknown",1,"unknown"
"Q000039",677,"609b","dimlumagurak[instrument]N","{ŋeš}dim₃-{lu₂}ma₂-gur₈",0,"dimlumagurak[instrument]N"
"P447996",199,"r ii 36","mala[boat]N","{ŋeš}ma₂-la₂",0,"mala[boat]N"
"X100003",28,"r 12","peš[fig]N Subir[1]GN","{ŋeš}peš₃ su-bir{ki}",0,"peš[fig]N_Subir[1]GN"
"P347814",209,"c ii 15","niŋ[thing]N ya[five]NU giŋ[unit]N","{ŋeš}niŋ₂ ia₂ giŋ₄",0,"niŋ[thing]N_ya[five]NU_giŋ[unit]N"
"P128345",4,"o 3","garig[comb]N saŋdu[head]N","{ŋeš}ga-rig₂ saŋ-du",0,"garig[comb]N_saŋdu[head]N"
"P250364",42,"o ii 17","apin[plow]N kešed[bind]V/t","{ŋeš}apin keš₂-r·a",0,"apin[plow]N_kešed[bind]V/t"
"P271301",38,"o i 35","peš[fig]N Martu[1]GN","{ŋeš}peš₃ mar-tu{ki}",0,"peš[fig]N_Martu[1]GN"
"P273880",368,"b iv 35","ligima[shoot]N","{ŋeš}ligima",0,"ligima[shoot]N"
"P332934",233,"o iv 4'","zarsi[plant]N","{ŋeš}zar",0,"zarsi[plant]N"
"P271320",48,"r i' 14'","{ŋeš}x[NA]NA","{ŋeš}x",0,"{ŋeš}x[NA]NA"
"P273880",410,"c i 13","tukul[weapon]N Inana[1]DN","{ŋeš}tukul {d}inana",0,"tukul[weapon]N_Inana[1]DN"
"Q000001",164,"164","sila[lamb]N ga[milk]N gu[eat]V/t","sila₄ ga gu₇",0,"sila[lamb]N_ga[milk]N_gu[eat]V/t"
"Q000001",287,"287","urnig[lioness]N","ur-nig",0,"urnig[lioness]N"
"Q000039",637,"571","kušedim[tool]N","{ŋeš}kuš₃-e-dim₂",0,"kušedim[tool]N"
"P271911",282,"o iv 46","sa[net]N hurda[mat-door]N","sa hur-da",0,"sa[net]N_hurda[mat-door]N"
"P271301",276,"r i 4","guza[chair]N |NUN&NUN|-x[NA]NA","{ŋeš}gu-za |NUN&NUN|-x",0,"guza[chair]N_|NUN&NUN|-x[NA]NA"
"P370399",57,"o ii 30'","ŋešnud[bed]N umbin[nail]N sal[thin]V/i","ŋeš-nud umbin sal",0,"ŋešnud[bed]N_umbin[nail]N_sal[thin]V/i"
"P347814",274,"d ii 2'","{ŋeš}x[NA]NA","{ŋeš}x",0,"{ŋeš}x[NA]NA"
"P247864",441,"r i 1","guza[chair]N x[NA]NA","{ŋeš}gu-za x",0,"guza[chair]N_x[NA]NA"
"P273880",512,"c ii 57","ŋešnimbar[palm]N suhuš[offshoot]N","{ŋeš}ŋešnimbar suhušₓ(TUR)",0,"ŋešnimbar[palm]N_suhuš[offshoot]N"
"P388265",156,"r i 34","sugin[rot]N","{ŋeš}sugin",0,"sugin[rot]N"
"P332934",45,"o i 41","hašhur[apple]N aʾabak[sea]N","{ŋeš}hašhur a-ab-ba",0,"hašhur[apple]N_aʾabak[sea]N"
"Q000001",63,"63","udu[sheep]N bala[turn]V/t zag[side]N urri[~sheep]N","udu bala zag ur₂-ri-a",0,"udu[sheep]N_bala[turn]V/t_zag[side]N_urri[~sheep]N"
"P492330",40,"r i 10'","{ŋeš}x[NA]NA","{ŋeš}x",0,"{ŋeš}x[NA]NA"
"P250736",166,"r i 20","{gi}x-x[NA]NA x[NA]NA","{gi}x-x x",0,"{gi}x-x[NA]NA_x[NA]NA"
"P332934",51,"o i 47","šenu[tree]N","{ŋeš}še-nu₂",0,"šenu[tree]N"
"P349171",3,"unknown","unknown","unknown",999,"unknown"
"P271792",11,"r 1'","x[NA]NA","x",0,"x[NA]NA"
"P253866",28,"o i 23'","ig[door]N dib[board]N","{ŋeš}ig dib",0,"ig[door]N_dib[board]N"
"P250736",269,"r iii 30","ubur[breast]N imin[seven]NU","{dug}ubur imin",0,"ubur[breast]N_imin[seven]NU"
"P253230",15,"o i 10","apin[plow]N zir[break]V/t","{ŋeš}apin zi",0,"apin[plow]N_zir[break]V/t"
"P271301",217,"o iv 51","tulubum[tree]N","{ŋeš}dal-bu-um",0,"tulubum[tree]N"
"P271301",193,"o iv 27","aʾan[spadix]N ŋešnimbar[palm]N","{ŋeš}an-na ŋešnimbar",0,"aʾan[spadix]N_ŋešnimbar[palm]N"
"P388265",217,"r ii 45","guza[chair]N","{ŋeš}gu-za",0,"guza[chair]N"
"P459217",178,"r iv 12","guza[chair]N gar[knob]N","{ŋeš}gu-za gar₃",0,"guza[chair]N_gar[knob]N"
"P273880",59,"a ii 33'","apin[plow]N zir[break]V/t","{ŋeš}apin zi",0,"apin[plow]N_zir[break]V/t"
"P271911",199,"unknown","unknown","unknown",1,"unknown"
"P273880",93,"a iii 31'","kag[mouth]N umbin[wheel]N gigir[chariot]N","{ŋeš}ka umbin gigir",0,"kag[mouth]N_umbin[wheel]N_gigir[chariot]N"
"P247864",214,"o iv 25","garig[comb]N saŋ[head]N","{ŋeš}ga-rig₂ saŋ",0,"garig[comb]N_saŋ[head]N"
"Q000001",455,"454","uzu[flesh]N saŋ[head]N tuhul[hip]N","uzu saŋ tugul(|NAGAR.ZA@t|)",0,"uzu[flesh]N_saŋ[head]N_tuhul[hip]N"
"P247864",232,"o iv 43","ig[door]N i[oil]N","{ŋeš}ig i₃",0,"ig[door]N_i[oil]N"
"P346714",113,"r iii 35'","al[hoe]N zu[tooth]N min[two]NU","{ŋeš}al zu₂ min",0,"al[hoe]N_zu[tooth]N_min[two]NU"
"P250736",175,"r i 29","gakkul[mash-tub]N kaš[beer]N","{gi}gakkul₃ kaš",0,"gakkul[mash-tub]N_kaš[beer]N"
"Q000039",694,"626","ganum[stand]N ga[milk]N","{ŋeš}ga-an-nu ga",0,"ganum[stand]N_ga[milk]N"
"P235262",57,"unknown","unknown","unknown",15,"unknown"
"P228196",6,"6","ganum[stand]N ga[milk]N","{ŋeš}gan-nu ga",0,"ganum[stand]N_ga[milk]N"
"P271301",62,"o ii 10","lamgal[nut]N","{ŋeš}lam-gal",0,"lamgal[nut]N"
"P253866",19,"o i 14'","šerim[~loom]N","{ŋeš}|TAG.TUG₂|",0,"šerim[~loom]N"
"Q000039",494,"442","apin[plow]N","{ŋeš}apin",0,"apin[plow]N"
"P429503",32,"o ii 1","šennur[plum]N kur[mountain]N","{ŋeš}šennur kur",0,"šennur[plum]N_kur[mountain]N"
"P459216",101,"r i 6'","guza[chair]N gar[knob]N kugsig[gold]N ŋar[place]V/t","{ŋeš}gu-za gar₃ kug-sig₁₇ ŋar",0,"guza[chair]N_gar[knob]N_kugsig[gold]N_ŋar[place]V/t"
"P235262",109,"d ii 14'","DUB.du₃[~vehicle]N ŋar[place]V/t","{ŋeš}šid-du₁₀ ŋar",0,"DUB.du₃[~vehicle]N_ŋar[place]V/t"
"P273880",429,"c i 34","guru[store]N","{ŋeš}guru₇",0,"guru[store]N"
"P273880",178,"unknown","unknown","unknown",8,"unknown"
"P347516",2,"o 1","ŋešnud[bed]N","ŋeš-nud",0,"ŋešnud[bed]N"
"Q000001",320,"320","amsi[elephant]N kur[mountain]N","am-si kur",0,"amsi[elephant]N_kur[mountain]N"
"P250364",74,"o iv 14","al[hoe]N zu[tooth]N min[two]NU","{ŋeš}al zu₂ min",0,"al[hoe]N_zu[tooth]N_min[two]NU"
"P273880",585,"c iv 18","{ŋeš}x[NA]NA","{ŋeš}x",0,"{ŋeš}x[NA]NA"
"P388265",134,"r i 12","šu[hand]N burud[perforate]V/t apin[plow]N","{ŋeš}šu bur₃-bur₃ apin",0,"šu[hand]N_burud[perforate]V/t_apin[plow]N"
"P459216",100,"r i 5'","guza[chair]N x[NA]NA","{ŋeš}gu-za x",0,"guza[chair]N_x[NA]NA"
"P271911",360,"r i 44'","mar[shovel]N šerah[shovel]N innu[straw]N","mar še-ra-ah in-nu",0,"mar[shovel]N_šerah[shovel]N_innu[straw]N"
"Q000001",173,"173","ašgar[kid]N ŋeš[penis]N zu[know]V/t","{munus}aš₂-gar₃ ŋeš₃ zu",0,"ašgar[kid]N_ŋeš[penis]N_zu[know]V/t"
"P332934",36,"o i 32","ama[mother]N peš[fig]N","{ŋeš}ama peš₃",0,"ama[mother]N_peš[fig]N"
"P271301",350,"r ii 34","naŋasikaz[pestle]N","{ŋeš}naŋa₃-si₃-gaz",0,"naŋasikaz[pestle]N"
"P332934",51,"o i 47","šenu[tree]N","{ŋeš}še-nu₂",0,"šenu[tree]N"
"P247864",228,"o iv 39","barda[crossbar]N ig[door]N","{ŋeš}bar-da₃ ig",0,"barda[crossbar]N_ig[door]N"
"P247864",276,"o v 24","{ŋeš}al-gi[NA]NA","{ŋeš}al-gi",0,"{ŋeš}al-gi[NA]NA"
"P459216",146,"r iii 13'","{ŋeš}gu₂-AB[NA]NA ma[ship]N","{ŋeš}gu₂-AB ma₂",0,"{ŋeš}gu₂-AB[NA]NA_ma[ship]N"
"Q000039",524,"468","ŋušur[harrow]N","{ŋeš}gana₂-ur₃",0,"ŋušur[harrow]N"
"P250364",175,"unknown","unknown","unknown",999,"unknown"
"P370399",6,"o i 3'","x[NA]NA ŋešnimbar[palm]N","x ŋešnimbar",0,"x[NA]NA_ŋešnimbar[palm]N"
"P447996",208,"r iii 9","x-du₃[NA]NA","x-du₃",0,"x-du₃[NA]NA"
"P271911",181,"o iii 27'","x[NA]NA","x",0,"x[NA]NA"
"P347814",241,"c ii 47'","dimlumagurak[instrument]N","{ŋeš}dim₃-{lu₂}ma₂-gur₈",0,"dimlumagurak[instrument]N"
"P388265",215,"r ii 43","ŋirigub[footstool]N","{ŋeš}ŋir₃-gub{uruda}",0,"ŋirigub[footstool]N"
"P271301",349,"r ii 33","naŋa[mortar]N esir[bitumen]N ea[~bitumen]N","{ŋeš}naŋa₃ esir e₃-a",0,"naŋa[mortar]N_esir[bitumen]N_ea[~bitumen]N"
"P250736",140,"o iv 33","kag[mouth]N gir[oven]N","ka gir₃",0,"kag[mouth]N_gir[oven]N"
"Q000001",481,"478","uzu[flesh]N ellaŋgun[kidney]N bar[outside]V/t","uzu ellaŋ₂-gun₃ bar",0,"uzu[flesh]N_ellaŋgun[kidney]N_bar[outside]V/t"
"P253230",19,"o i 14","apin[plow]N tugsaga[plow]N","{ŋeš}apin dug₃-sig₁₈",0,"apin[plow]N_tugsaga[plow]N"
"P273880",477,"c ii 21","magaz[bench]N","{ŋeš}ma₂-gaz",0,"magaz[bench]N"
"P271911",447,"r ii 49","lah[bring]V/t gud.si.AŠ[ram]N","lah₅ gud-si-AŠ",0,"lah[bring]V/t_gud.si.AŠ[ram]N"
"P271911",180,"o iii 26'","šusaŋ[compressor]N apin[plow]N","su-saŋ-ŋa₂ apin",0,"šusaŋ[compressor]N_apin[plow]N"
"Q000039",695,"627","ganum[stand]N kaš[beer]N","{ŋeš}ga-an-nu kaš",0,"ganum[stand]N_kaš[beer]N"
"P346714",130,"r iv 10'","niŋ[thing]N diš[one]NU giŋ[unit]N","{ŋeš}niŋ₂ diš giŋ₄",0,"niŋ[thing]N_diš[one]NU_giŋ[unit]N"
"P332934",268,"unknown","unknown","unknown",999,"unknown"
"P388265",117,"iv 34","pa[branch]N ŋešnimbar[palm]N","{ŋeš}pa-pa ŋešnimbar",0,"pa[branch]N_ŋešnimbar[palm]N"
"Q000039",222,"187","guza[chair]N ki[place]N uš[die]V/i","{ŋeš}gu-za ki uš₂",0,"guza[chair]N_ki[place]N_uš[die]V/i"
"P332934",131,"o ii 48","girim[flower]N","{ŋeš}gi-rim",0,"girim[flower]N"
"Q000039",748,"677","dih[weed]N","{ŋeš}dih₃",0,"dih[weed]N"
"Q000001",59,"59","udu[sheep]N gabaria[offering]N","udu gaba-ri-a",0,"udu[sheep]N_gabaria[offering]N"
"P332934",86,"o ii 3","ŋipar[tree]N","{ŋeš}ŋi₆-par₄",0,"ŋipar[tree]N"
"P271301",195,"o iv 29","{ŋeš}niŋ₂-šul[NA]NA ŋešnimbar[palm]N","{ŋeš}niŋ₂-šul ŋešnimbar",0,"{ŋeš}niŋ₂-šul[NA]NA_ŋešnimbar[palm]N"
"P253238",18,"o 15'","šennur[plum]N","{ŋeš}šennur",0,"šennur[plum]N"
"P253887",6,"o 3","ma[ship]N ŋeš[sixty]NU gur[unit]N","ma₂ ŋeš₂{+mi-iš?} gur",0,"ma[ship]N_ŋeš[sixty]NU_gur[unit]N"
"P459217",45,"ii 21'","KID.da[twig]N","{ŋeš}KID-da",0,"KID.da[twig]N"
"P432448",4,"unknown","unknown","unknown",2,"unknown"
"Q000001",370,"370","pešsilagaz[rodent]N","peš₂-{dug}sila₃-gaz-gaz",0,"pešsilagaz[rodent]N"
"P347814",254,"d i 9'","šul[youth]V/i $DU[NA]NA tur[small]V/i","{ŋeš}šul $DU tur",0,"šul[youth]V/i_$DU[NA]NA_tur[small]V/i"
"Q000001",327,"327","azalulu[multitude]N","a-za-lu-lu",0,"azalulu[multitude]N"
"P271301",249,"o v 22'","guza[chair]N niŋba[gift]N","{ŋeš}gu-za niŋ₂-ba",0,"guza[chair]N_niŋba[gift]N"
"P388265",240,"r iii 19","ŋešnud[bed]N kinud[bedroom]N","ŋeš-nud ki-nud",0,"ŋešnud[bed]N_kinud[bedroom]N"
"P459218",122,"r i 8","tukul[weapon]N ur[root]N","{ŋeš}tukul ur₂",0,"tukul[weapon]N_ur[root]N"
"P271911",214,"o iii 55'","al[hoe]N zu[tooth]N min[two]NU","al zu₂ min₅",0,"al[hoe]N_zu[tooth]N_min[two]NU"
"P250736",133,"o iv 26","gi[reed]N dar[split]V/t","gi dar",0,"gi[reed]N_dar[split]V/t"
"P297194",2,"o 1","lam[tree]N","{ŋeš}lam",0,"lam[tree]N"
"P253866",70,"o iii 3'","niŋurlimmu[creature]N","{ŋeš}niŋ₂-ur₂-limmu₂",0,"niŋurlimmu[creature]N"
"P271911",619,"r v 15","az[bear]N","az",0,"az[bear]N"
"P273880",635,"d i 8'","x-x[NA]NA","x-x",0,"x-x[NA]NA"
"P250364",160,"r iii 26'","ŋeš[tree]N šuniŋin[total]N","ŋeš šu-niŋin₂",0,"ŋeš[tree]N_šuniŋin[total]N"
"P388265",201,"r ii 28","ban[unit]N banmin[vessel]N","{ŋeš}ba-an banmin",0,"ban[unit]N_banmin[vessel]N"
"P250364",86,"o v 7","sašušgal[net]N","{ŋeš}sa-šu₂-uš-gal",0,"sašušgal[net]N"
"P273880",418,"c i 21","dur[board]N","{ŋeš}dur₂",0,"dur[board]N"
"P224996",5,"o i 2","guza[chair]N gid[long]V/i","{ŋeš}gu-za gid₂",0,"guza[chair]N_gid[long]V/i"
"P347814",42,"a ii 13'","{ŋeš}x[NA]NA","{ŋeš}x",0,"{ŋeš}x[NA]NA"
"P332934",160,"o ii 76","ŋešnimbar[palm]N x[NA]NA","{ŋeš}ŋešnimbar x",0,"ŋešnimbar[palm]N_x[NA]NA"
"P273880",387,"b iv 55","zamrutum[lance]N","{ŋeš}za₃-mi-ri₂-tum",0,"zamrutum[lance]N"
"P271301",464,"r iv 45","margida[cart]N Subir[1]GN","{ŋeš}mar-gid₂-da su-bir₄{ki}",0,"margida[cart]N_Subir[1]GN"
"P273880",237,"b ii 26","garig[comb]N saŋdu[head]N","{ŋeš}ga-rig₂ saŋ-du",0,"garig[comb]N_saŋdu[head]N"
"P253228",45,"r i 9","dada[tree]N","{ŋeš}da-da",0,"dada[tree]N"
"P247864",305,"o v 53","anše[equid]N ma[ship]N","{ŋeš}anše ma₂",0,"anše[equid]N_ma[ship]N"
"P273880",152,"a iv 49'","guza[chair]N kadu[cover]N du[build]V/t","{ŋeš}gu-za ka-du₃ du₃",0,"guza[chair]N_kadu[cover]N_du[build]V/t"
"P273880",559,"c iii 44","ŋešnimbar[palm]N Meluhha[1]GN","{ŋeš}ŋešnimbar me-luh-ha",0,"ŋešnimbar[palm]N_Meluhha[1]GN"
"P429504",49,"unknown","unknown","unknown",1,"unknown"
"P429503",107,"r i' 11'","buniŋ[trough]N x[NA]NA","{ŋeš}buniŋ x",0,"buniŋ[trough]N_x[NA]NA"
"P271911",485,"r iii 23","lirum[strength]N","lirum",0,"lirum[strength]N"
"P447996",63,"o iv 32","ŋeštin[vine]N sur[press]V/t","{ŋeš}ŋeštin sur",0,"ŋeštin[vine]N_sur[press]V/t"
"P459218",29,"o ii 8'","{ŋeš}da-šu-du₇-tug₂-ga[NA]NA","{ŋeš}da-šu-du₇-tug₂-ga",0,"{ŋeš}da-šu-du₇-tug₂-ga[NA]NA"
"P332934",393,"r iv 27'","x[NA]NA margida[cart]N","x mar-gid₂-da",0,"x[NA]NA_margida[cart]N"
"Q000039",611,"550","šunir[emblem]N","{ŋeš}šu-nir",0,"šunir[emblem]N"
"P459217",107,"iv 29","ŋešnimbar[palm]N al-x[NA]NA","{ŋeš}ŋešnimbar al-x",0,"ŋešnimbar[palm]N_al-x[NA]NA"
"P247864",159,"o iii 33","šudul[yoke]N margida[cart]N","{ŋeš}šu₂-dul₄ mar-gid₂-da",0,"šudul[yoke]N_margida[cart]N"
"P253228",77,"r ii 16'","hašhur[apple]N kur[mountain]N","{ŋeš}hašhur kur",0,"hašhur[apple]N_kur[mountain]N"
"P271911",109,"o ii 33","lagab[block]N","{+la-ga-me}lagab",0,"lagab[block]N"
"Q000001",472,"469","uzu[flesh]N i[oil]N tab[double]V/t","uzu i₃ tab",0,"uzu[flesh]N_i[oil]N_tab[double]V/t"
"P459216",5,"i 3","ŋešnu[tree]N","ŋeš-nu₁₁",0,"ŋešnu[tree]N"
"Q000039",565,"508","dur[board]N","{ŋeš}dur₂",0,"dur[board]N"
"P273880",490,"c ii 34","maʾaddir[ferryboat]N","{ŋeš}ma₂-addir",0,"maʾaddir[ferryboat]N"
"P370399",139,"o iv 36'","ig[door]N šinig[tamarisk]N","{ŋeš}ig šinig",0,"ig[door]N_šinig[tamarisk]N"
"P459226",19,"o i 16'","hašhur[apple]N peš[fig]N","{ŋeš}hašhur peš₃",0,"hašhur[apple]N_peš[fig]N"
"P347814",145,"unknown","unknown","unknown",4,"unknown"
"P273880",98,"a iii 36'","{ŋeš}x-x[NA]NA","{ŋeš}x-x",0,"{ŋeš}x-x[NA]NA"
"P247864",40,"o i 37","KID.da[twig]N","{ŋeš}KID-da",0,"KID.da[twig]N"
"P273880",665,"unknown","unknown","unknown",999,"unknown"
"P224986",4,"o i 1","guza[chair]N anše[equid]N","{ŋeš}gu-za anše",0,"guza[chair]N_anše[equid]N"
"P229426",9,"o 8","pap[relation]N pa-a[NA]NA PAP[NA]NA","pap pa-a PAP",0,"pap[relation]N_pa-a[NA]NA_PAP[NA]NA"
"P250736",161,"r i 15","gihan[basket]N","gi-ha-an",0,"gihan[basket]N"
"P346714",94,"r iii 16'","malalum[container]N","{ŋeš}malla",0,"malalum[container]N"
"P271771",128,"r ii 15'","emerah[jug]N kaš[beer]N","{ŋeš}emerahₓ(|UD.HUB₂|) kaš",0,"emerah[jug]N_kaš[beer]N"
"P271301",94,"o ii 42","tir[forest]N eren[cedar]N","{ŋeš}tir {ŋeš}eren",0,"tir[forest]N_eren[cedar]N"
"P273880",268,"b ii 61","banšur[table]N urud[copper]N","{ŋeš}banšurₓ(|URU×IGI.URUDA|) urud",0,"banšur[table]N_urud[copper]N"
"P253866",67,"unknown","unknown","unknown",999,"unknown"
"Q000039",581,"524","ŋeš[tree]N u[ten]NU giŋ[unit]N","ŋeš u giŋ₄",0,"ŋeš[tree]N_u[ten]NU_giŋ[unit]N"
"P271911",573,"r iv 34","raba[clamp]N","{+ra-ab}rab₃",0,"raba[clamp]N"
"P447996",218,"r iii 19","x-la[NA]NA ma[ship]N","x-la ma₂",0,"x-la[NA]NA_ma[ship]N"
"P271301",281,"r i 9","bad[leg]N guza[chair]N","{ŋeš}bad gu-za",0,"bad[leg]N_guza[chair]N"
"Q000039",661,"595","dagsi[hook]N","{ŋeš}dag-si",0,"dagsi[hook]N"
"P271792",16,"r 12'","x-x[NA]NA","x-x",0,"x-x[NA]NA"
"P332939",7,"o i 4","halub[tree]N","{ŋeš}ha-lu-ub₂",0,"halub[tree]N"
"P250736",181,"r i 35","pa[branch]N gi[reed]N","{gi}pa gi",0,"pa[branch]N_gi[reed]N"
"P345549",2,"o 1","umbin[wheel]N margida[cart]N","{ŋeš}umbin mar-gid₂-da",0,"umbin[wheel]N_margida[cart]N"
"P273880",187,"b i 37'","ŋešnud[bed]N {ŋeš}x[NA]NA","ŋeš-nud {ŋeš}x",0,"ŋešnud[bed]N_{ŋeš}x[NA]NA"
"P346714",61,"r ii 29'","gag[nail]N zara[pivot]N ŋušur[harrow]N","{ŋeš}gag za-ra gana₂-ur₃",0,"gag[nail]N_zara[pivot]N_ŋušur[harrow]N"
"P459216",143,"r iii 10'","ad[log]N ma[ship]N","{ŋeš}ad ma₂",0,"ad[log]N_ma[ship]N"
"P332934",232,"o iv 3'","{ŋeš}SIG₂-LAM-x[NA]NA","{ŋeš}SIG₂-LAM-x",0,"{ŋeš}SIG₂-LAM-x[NA]NA"
"P346714",108,"r iii 30'","al[hoe]N saŋ[head]N","{ŋeš}al saŋ",0,"al[hoe]N_saŋ[head]N"
"P271301",68,"o ii 16","ildag[poplar]N kur[mountain]N","{ŋeš}ildag₂ kur",0,"ildag[poplar]N_kur[mountain]N"
"P247864",215,"o iv 26","garig[comb]N siki[hair]N","{ŋeš}ga-rig₂ siki",0,"garig[comb]N_siki[hair]N"
"Q000039",621,"555","pana[bow]N","{ŋeš}pana",0,"pana[bow]N"
"P271911",573,"r iv 34","raba[clamp]N","{+ra-ab}rab₃",0,"raba[clamp]N"
"P271320",9,"o i 4'","guza[chair]N nimala[~chair]N","{ŋeš}gu-za ni₂-ma-la₂",0,"guza[chair]N_nimala[~chair]N"
"P250363",4,"o 3'","ig[door]N papah[cella]N","{ŋeš}ig pap-pah",0,"ig[door]N_papah[cella]N"
"P250736",245,"r iii 6","utul[tureen]N MAR.TU[westerner]N","{dug}utul₂ MAR-TU",0,"utul[tureen]N_MAR.TU[westerner]N"
"P347814",34,"a ii 5'","saŋ[head]N balak[spindle]N","{ŋeš}saŋ balak",0,"saŋ[head]N_balak[spindle]N"
"Q000001",426,"425","uzu[flesh]N masila[heel]N TUM[NA]NA","uzu ma-sila₃ TUM",0,"uzu[flesh]N_masila[heel]N_TUM[NA]NA"
"P253228",10,"o i 7","al[hoe]N zu[tooth]N diš[one]NU","{ŋeš}al zu₂ diš",0,"al[hoe]N_zu[tooth]N_diš[one]NU"
"P347814",266,"d i 21'","{ŋeš}x[NA]NA","{ŋeš}x",0,"{ŋeš}x[NA]NA"
"P271911",115,"unknown","unknown","unknown",1,"unknown"
"Q000039",340,"300","anše[equid]N ma[ship]N","{ŋeš}anše ma₂",0,"anše[equid]N_ma[ship]N"
"Q000039",382,"339","gag[nail]N mud[tube]N gigir[chariot]N","{ŋeš}gag mud gigir",0,"gag[nail]N_mud[tube]N_gigir[chariot]N"
"P253238",4,"o 1'","šinig[tamarisk]N","{ŋeš}šinig",0,"šinig[tamarisk]N"
"Q000001",184,"184","gud[ox]N babbar[white]V/i","gud babbar",0,"gud[ox]N_babbar[white]V/i"
"P347814",257,"d i 12'","{ŋeš}x[NA]NA","{ŋeš}x",0,"{ŋeš}x[NA]NA"
"P429503",69,"o iii 8","gibil[sprout]N","{ŋeš}gibil",0,"gibil[sprout]N"
"Q000039",651,"585","mar[shovel]N im[clay]N","{ŋeš}mar im",0,"mar[shovel]N_im[clay]N"
"P229426",9,"o 8","pap[relation]N pa-a[NA]NA PAP[NA]NA","pap pa-a PAP",0,"pap[relation]N_pa-a[NA]NA_PAP[NA]NA"
"P117395",3,"o 2","pakud[~tree]N","{ŋeš}pa-kud",0,"pakud[~tree]N"
"P271549",13,"8'","x[NA]NA","x",0,"x[NA]NA"
"Q000039",520,"464","ninda[seed-funnel]N apin[plow]N","{ŋeš}ninda₂ apin",0,"ninda[seed-funnel]N_apin[plow]N"
"P271911",542,"r iv 12","x[NA]NA","x",0,"x[NA]NA"
"P253866",75,"o iii 8'","{ŋeš}HI-KU[NA]NA","{ŋeš}HI-KU",0,"{ŋeš}HI-KU[NA]NA"
"P332934",54,"o i 50","x-x[NA]NA","x-x",0,"x-x[NA]NA"
"P459225",8,"r i 3'","e[house]N pana[bow]N","{ŋeš}e₂ pana",0,"e[house]N_pana[bow]N"
"P273880",508,"c ii 53","aga[ax]N","{ŋeš}aga",0,"aga[ax]N"
"P250364",173,"r v 1'","mu[year]N Samsuʾiluna[01]RN lugal[king]N","mu sa-am-su-i-lu-na lugal",0,"mu[year]N_Samsuʾiluna[01]RN_lugal[king]N"
"Q000039",191,"158","šibir[staff]N šudu[equipped]AJ","{ŋeš}šibir šu-du₇",0,"šibir[staff]N_šudu[equipped]AJ"
"Q000039",343,"303","saŋ[head]N ma[ship]N","{ŋeš}saŋ ma₂",0,"saŋ[head]N_ma[ship]N"
"P273880",477,"c ii 21","magaz[bench]N","{ŋeš}ma₂-gaz",0,"magaz[bench]N"
"P235262",23,"unknown","unknown","unknown",999,"unknown"
"P228196",13,"13","ebir[vessel-stand]N","{ŋeš}{+e-bi-ir}ebir",0,"ebir[vessel-stand]N"
"P332934",377,"r iv 11'","margida[cart]N Martu[1]GN","{ŋeš}mar-gid₂-da mar-tu{ki}",0,"margida[cart]N_Martu[1]GN"
"P247864",406,"o vii 25'","{ŋeš}x-zi[NA]NA","{ŋeš}x-zi",0,"{ŋeš}x-zi[NA]NA"
"P247864",202,"o iv 13","{ŋeš}x-x-x[NA]NA","{ŋeš}x-x-x",0,"{ŋeš}x-x-x[NA]NA"
"P332934",12,"o i 8","ŋešgana[tree]N giggi[black]V/i","ŋeš-kin₂ giggi",0,"ŋešgana[tree]N_giggi[black]V/i"
"P388265",382,"r vi 23","dub[knee]N bar[outside]V/t","{ŋeš}dub₃ bar",0,"dub[knee]N_bar[outside]V/t"
"P235262",102,"d ii 7'","gagsila[harness]N","{ŋeš}gag-sila₃",0,"gagsila[harness]N"
"P388265",160,"r i 38","ellag[ball]N","{ŋeš}ellag",0,"ellag[ball]N"
"Q000001",141,"141","maš[goat]N gub[~sheep]V/t","maš₂ gub",0,"maš[goat]N_gub[~sheep]V/t"
"Q000039",166,"141a","buniŋ[trough]N","{ŋeš}buniŋ",0,"buniŋ[trough]N"
"P271320",11,"unknown","unknown","unknown",1,"unknown"
"P459218",72,"o iii 23","{ŋeš}PA-GUD-KAM[NA]NA apin[plow]N","{ŋeš}PA-GUD-KAM apin",0,"{ŋeš}PA-GUD-KAM[NA]NA_apin[plow]N"
"P228596",5,"5","ganum[stand]N kaš[beer]N","{ŋeš}gan-nu-um kaš",0,"ganum[stand]N_kaš[beer]N"
"P370399",52,"o ii 25'","ŋešnud[bed]N","ŋeš-nud",0,"ŋešnud[bed]N"
"P250736",320,"r iv 38","bad[wall]N gal[big]V/i","bad₃ gu-la",0,"bad[wall]N_gal[big]V/i"
"Q000001",292,"292","urdib[cub]N","ur-dib",0,"urdib[cub]N"
"P429503",173,"r iii' 16'","hara[container]N margida[cart]N","{ŋeš}ha-ra mar-gid₂-da",0,"hara[container]N_margida[cart]N"
"P247864",82,"o ii 19","{ŋeš}x[NA]NA ŋešnimbar[palm]N","{ŋeš}x ŋešnimbar",0,"{ŋeš}x[NA]NA_ŋešnimbar[palm]N"
"P247864",72,"o ii 9","ŋešnimbar[palm]N kur[mountain]N","{ŋeš}ŋešnimbar kur",0,"ŋešnimbar[palm]N_kur[mountain]N"
"P299494",1,"1","na[box]N","{ŋeš}na",0,"na[box]N"
"P271549",5,"unknown","unknown","unknown",1,"unknown"
"Q000039",190,"157","ŋešnaruak[~stele]N","ŋeš-na-ru₂-a",0,"ŋešnaruak[~stele]N"
"P388265",288,"r iv 28","saŋkul[bolt]N","{ŋeš}saŋ-kul",0,"saŋkul[bolt]N"
"P429503",12,"o i 9","ŋešgana[tree]N su[red]V/i","ŋeš-kin₂ sa₅",0,"ŋešgana[tree]N_su[red]V/i"
"P235262",122,"d ii 27'","KI.KAL[bottom]N margida[cart]N","{ŋeš}|KI.KAL| mar-gid₂-da",0,"KI.KAL[bottom]N_margida[cart]N"
"P271911",214,"o iii 55'","al[hoe]N zu[tooth]N min[two]NU","al zu₂ min₅",0,"al[hoe]N_zu[tooth]N_min[two]NU"
"P247864",75,"o ii 12","pakud[~tree]N ŋešnimbar[palm]N","{ŋeš}pa-kud ŋešnimbar",0,"pakud[~tree]N_ŋešnimbar[palm]N"
"P271911",173,"o iii 20'","ninda[seed-funnel]N apin[plow]N","ninda₂ apin",0,"ninda[seed-funnel]N_apin[plow]N"
"Q000001",212,"212","ab[cow]N utud[bear]V/t","ab₂ tud",0,"ab[cow]N_utud[bear]V/t"
"P332930",4,"o 2","magur[barge]N","{ŋeš}ma₂-gur",0,"magur[barge]N"
"P273880",560,"c iii 45","{ŋeš}x-x[NA]NA ŋešnimbar[palm]N","{ŋeš}x-x ŋešnimbar",0,"{ŋeš}x-x[NA]NA_ŋešnimbar[palm]N"
"P273880",139,"a iv 36'","guza[chair]N gurum[bend]V/t","{ŋeš}gu-za gurum",0,"guza[chair]N_gurum[bend]V/t"
"Q000001",178,"178","gud[ox]N mah[mature]V/i","gud mah₂",0,"gud[ox]N_mah[mature]V/i"
"P271911",19,"o i 12'","ig[door]N gal[big]V/i","ig gu-la",0,"ig[door]N_gal[big]V/i"
"P235262",48,"c ii 24'","buniŋ[trough]N tur[small]V/i","{ŋeš}buniŋ tur",0,"buniŋ[trough]N_tur[small]V/i"
"P332934",78,"o i 22'","ildag[poplar]N tur[small]V/i","{ŋeš}ildag₂ tur",0,"ildag[poplar]N_tur[small]V/i"
"P273880",205,"b i 55'","ilila[lever]N","{ŋeš}il₂-il₂",0,"ilila[lever]N"
"P332934",134,"o ii 51","mirišŋara[tree]N","{ŋeš}mi-ri₂-ša",0,"mirišŋara[tree]N"
"P332939",8,"o i 5","šagkal[tree]N","{ŋeš}šag₄-ul₄",0,"šagkal[tree]N"
"Q000039",704,"635","zu[tooth]N gud.si.AŠ[ram]N","{ŋeš}zu₂ gud-si-AŠ",0,"zu[tooth]N_gud.si.AŠ[ram]N"
"P273880",485,"c ii 29","ma[ship]N nimin[forty]NU gur[unit]N","{ŋeš}ma₂ nimin gur",0,"ma[ship]N_nimin[forty]NU_gur[unit]N"
"P247864",46,"o i 43","manu[wood]N izi[fire]N","{ŋeš}ma-nu izi",0,"manu[wood]N_izi[fire]N"
"P251495",4,"4","al[hoe]N saŋ[head]N ŋal[be]V/i","{ŋeš}al saŋ ŋal₂",0,"al[hoe]N_saŋ[head]N_ŋal[be]V/i"
"Q000001",392,"391","dadamul[animal]N","da-da-mul",0,"dadamul[animal]N"
"P349173",2,"o 1","ig[door]N maštab[twin]N","{ŋeš}ig maš-tab",0,"ig[door]N_maštab[twin]N"
"Q000039",6,"6","ŋešgana[tree]N","ŋeš-kin₂",0,"ŋešgana[tree]N"
"P271301",363,"r ii 47","ma[ship]N x[NA]NA","{ŋeš}ma₂ x",0,"ma[ship]N_x[NA]NA"
"P429504",42,"r i 5'","guza[chair]N ŋeš-x[NA]NA","{ŋeš}gu-za ŋeš-x",0,"guza[chair]N_ŋeš-x[NA]NA"
"P346714",121,"r iv 01'","niŋ[thing]N x[NA]NA","{ŋeš}niŋ₂ x",0,"niŋ[thing]N_x[NA]NA"
"P296528",14,"r v 1'","urnum[cedar]N","{ŋeš}ur-nu-um",0,"urnum[cedar]N"
"P247864",185,"o iii 59","{ŋeš}|LAGAB×KUL|[NA]NA gigir[chariot]N","{ŋeš}|LAGAB×KUL| gigir",0,"{ŋeš}|LAGAB×KUL|[NA]NA_gigir[chariot]N"
"P332934",262,"o iv 33'","medim[wooden-object]N","{ŋeš}me-dim₂",0,"medim[wooden-object]N"
"P271301",179,"o iv 13","su[fibers]N gal[big]V/i ŋešnimbar[palm]N","{ŋeš}su₁₁ gu-la ŋešnimbar",0,"su[fibers]N_gal[big]V/i_ŋešnimbar[palm]N"
"P273880",698,"d ii 41'","{ŋeš}x[NA]NA","{ŋeš}x",0,"{ŋeš}x[NA]NA"
"Q000001",353,"353","nim[fly]N inun[ghee]N","nim i₃-nun",0,"nim[fly]N_inun[ghee]N"
"P429503",45,"o ii 14","ildag[poplar]N tur[small]V/i","{ŋeš}ildag₂ tur",0,"ildag[poplar]N_tur[small]V/i"
"P429505",7,"5'","ŋešnimbar[palm]N šeŋ[cook]V/t","{ŋeš}ŋešnimbar šeŋ₆",0,"ŋešnimbar[palm]N_šeŋ[cook]V/t"
"P247864",193,"o iv 4","{ŋeš}x-x[NA]NA gigir[chariot]N","{ŋeš}x-x gigir",0,"{ŋeš}x-x[NA]NA_gigir[chariot]N"
"P247864",178,"o iii 52","gabaŋal[guard]N gigir[chariot]N","{ŋeš}gaba-gal gigir",0,"gabaŋal[guard]N_gigir[chariot]N"
"P250364",47,"o ii 22","kašu[~plow]N apin[plow]N","{ŋeš}ka-šu₂ apin",0,"kašu[~plow]N_apin[plow]N"
"P271911",387,"r ii 5","alŋarsura[drumstick]N","a₂-la₂-gan₂-ur₃",0,"alŋarsura[drumstick]N"
"P253228",94,"r iii 11'","{ŋeš}x-KAL[NA]NA","{ŋeš}x-KAL",0,"{ŋeš}x-KAL[NA]NA"
"P347814",176,"c i 32'","al[hoe]N","{ŋeš}al",0,"al[hoe]N"
"P388265",170,"r i 48","{ŋeš}KAK[NA]NA $IŠ[NA]NA","{ŋeš}KAK $IŠ",0,"{ŋeš}KAK[NA]NA_$IŠ[NA]NA"
"P250736",190,"r i 44","{dug}x-x[NA]NA","{dug}x-x",0,"{dug}x-x[NA]NA"
"P271301",335,"r ii 19","kuŋ[stair]N","{ŋeš}kuŋ₄",0,"kuŋ[stair]N"
"P253887",6,"o 3","ma[ship]N ŋeš[sixty]NU gur[unit]N","ma₂ ŋeš₂{+mi-iš?} gur",0,"ma[ship]N_ŋeš[sixty]NU_gur[unit]N"
"P250736",273,"r iii 34","šurin[oven]N","{im}šu-rin",0,"šurin[oven]N"
"P247864",28,"o i 25","tiʾarum[tree]N","{ŋeš}ti-ia-rum",0,"tiʾarum[tree]N"
"P273880",389,"b iv 57","negipum[tool]N","{ŋeš}ne-gi-pu-um",0,"negipum[tool]N"
"P388265",44,"ii 27","šumsikil[vegetable]N","{ŋeš}šum₂-sikil",0,"šumsikil[vegetable]N"
"P250736",316,"r iv 34","sahar[dust]N DU-DU[NA]NA","sahar DU-DU",0,"sahar[dust]N_DU-DU[NA]NA"
"P429504",48,"r i 11'","guza[chair]N gar[knob]N x[NA]NA","{ŋeš}gu-za gar₃ x",0,"guza[chair]N_gar[knob]N_x[NA]NA"
"P447996",35,"o iv 4","šinig[tamarisk]N","{ŋeš}šinig",0,"šinig[tamarisk]N"
"Q000039",443,"394b","šugi[bolt]N","{ŋeš}šu-ga",0,"šugi[bolt]N"
"P273880",682,"unknown","unknown","unknown",2,"unknown"
"P271911",13,"o i 7'","ig[door]N usuh[tree]N","ig {ŋeš}u₃-suh₅",0,"ig[door]N_usuh[tree]N"
"P228196",8,"8","ganum[stand]N tur[small]V/i","{ŋeš}gan-nu tur",0,"ganum[stand]N_tur[small]V/i"
"P271911",530,"unknown","unknown","unknown",1,"unknown"
"Q000039",272,"236","umbin[base]N banšur[table]N","{ŋeš}umbin banšur",0,"umbin[base]N_banšur[table]N"
"P459216",165,"r iii 32'","šibir[shepherd's-staff]N","{ŋeš}šibir₂",0,"šibir[shepherd's-staff]N"
"P273880",551,"c iii 36","ŋešnimbar[palm]N nim[high]V/i","{ŋeš}ŋešnimbar nim",0,"ŋešnimbar[palm]N_nim[high]V/i"
"P273880",690,"d ii 26'","šu[handle]N kin[sickle]N","{ŋeš}šu kin",0,"šu[handle]N_kin[sickle]N"
"P332934",8,"o i 4","halub[tree]N","{ŋeš}ha-lu-ub₂",0,"halub[tree]N"
"P388265",166,"r i 44","{ŋeš}BU[NA]NA","{ŋeš}BU",0,"{ŋeš}BU[NA]NA"
"P253230",51,"t.e. 1","x-x-šu-tum[NA]NA","x-x-šu-tum",0,"x-x-šu-tum[NA]NA"
"P250364",166,"r iv 2'","Kiŋ-Inana[1]MN ud[sun]N 5-kam[NA]NA","{iti}kiŋ₂-{d}inana ud 5-kam",0,"Kiŋ-Inana[1]MN_ud[sun]N_5-kam[NA]NA"
"P247864",321,"o vi 5","tukul[weapon]N diŋir[deity]N","{ŋeš}tukul diŋir",0,"tukul[weapon]N_diŋir[deity]N"
"P347814",206,"c ii 12","niŋ[thing]N 2/3[NA]NA sila[unit]N","{ŋeš}niŋ₂ 2/3 sila₃",0,"niŋ[thing]N_2/3[NA]NA_sila[unit]N"
"P247864",220,"o iv 31","saŋ[head]N balak[spindle]N","{ŋeš}saŋ balak",0,"saŋ[head]N_balak[spindle]N"
"Q000001",186,"186","gud[ox]N su[red]V/i","gud su₄",0,"gud[ox]N_su[red]V/i"
"P250736",220,"r ii 24","sila[unit]N GAR[NA]NA","{dug}niŋ₂-sila₃ GAR",0,"sila[unit]N_GAR[NA]NA"
"P459218",19,"o i 23'","nukušu[~door]N kita[lower]AJ","{ŋeš}nu-kuš₂ ki-ta",0,"nukušu[~door]N_kita[lower]AJ"
"P271301",77,"o ii 25","manu[wood]N","{ŋeš}ma-nu",0,"manu[wood]N"
"P253230",29,"o ii 7","apin[plow]N šudu[equipped]AJ","{ŋeš}apin šu-du₇",0,"apin[plow]N_šudu[equipped]AJ"
"P347814",107,"b i 37'","gag[nail]N šum[garlic]N bal[dig]V/t","{ŋeš}gag šum₂ ba-al",0,"gag[nail]N_šum[garlic]N_bal[dig]V/t"
"P388265",361,"r v 51","ŋešpaphalla[trap?]N","ŋeš-pap-hal-la",0,"ŋešpaphalla[trap?]N"
"P346714",2,"unknown","unknown","unknown",999,"unknown"
"P273880",655,"d i 38'","{ŋeš}TU-TU[NA]NA","{ŋeš}TU-TU",0,"{ŋeš}TU-TU[NA]NA"
"P447996",162,"r i 44","mud[stump]N al-x[NA]NA","{ŋeš}mud al-x",0,"mud[stump]N_al-x[NA]NA"
"P447996",219,"r iii 20","{ŋeš}u₅-zi-pa-ah[NA]NA ma[ship]N","{ŋeš}u₅-zi-pa-ah ma₂",0,"{ŋeš}u₅-zi-pa-ah[NA]NA_ma[ship]N"
"P459216",97,"r i 2'","{ŋeš}x[NA]NA","{ŋeš}x",0,"{ŋeš}x[NA]NA"
"P388265",210,"r ii 37","niŋ[thing]N 1/2(diš)[NA]NA giŋ[unit]N","{ŋeš}niŋ₂ 1/2(diš) giŋ₄",0,"niŋ[thing]N_1/2(diš)[NA]NA_giŋ[unit]N"
"Q000039",216,"182","guza[chair]N Aratta[1]SN","{ŋeš}gu-za aratta",0,"guza[chair]N_Aratta[1]SN"
"P235262",64,"d i 7'","{ŋeš}u₅-zi-pa-ah[NA]NA ma[ship]N","{ŋeš}u₅-zi-pa-ah ma₂",0,"{ŋeš}u₅-zi-pa-ah[NA]NA_ma[ship]N"
"P332934",306,"r iii 9'","ma[ship]N {d}gu₂-du₈[NA]NA niŋ₂-da[NA]NA","{ŋeš}ma₂ {d}gu₂-du₈ niŋ₂-da",0,"ma[ship]N_{d}gu₂-du₈[NA]NA_niŋ₂-da[NA]NA"
"Q000001",45,"45","udu[sheep]N zusiga[~sheep]N MAR.TU[westerner]N","udu zu₂-si-ga MAR-TU",0,"udu[sheep]N_zusiga[~sheep]N_MAR.TU[westerner]N"
"P250736",125,"o iv 18","masab[basket]N ninda[bread]N gur[thick]V/i","{gi}ma-sa₂-ab ninda gur₄",0,"masab[basket]N_ninda[bread]N_gur[thick]V/i"
"P459227",18,"unknown","unknown","unknown",999,"unknown"
"P347814",121,"b ii 5'","ŋidru[scepter]N harmušen[snare]N","{ŋeš}ŋidru har-mušen-na",0,"ŋidru[scepter]N_harmušen[snare]N"
"P332934",147,"o ii 63","ŋešnimbar[palm]N","{ŋeš}ŋešnimbar",0,"ŋešnimbar[palm]N"
"P370399",111,"o iv 8'","DUB.du₃[~vehicle]N ŋar[place]V/t","{ŋeš}ŠID ŋar",0,"DUB.du₃[~vehicle]N_ŋar[place]V/t"
"P273880",335,"b iii 63","dagsi[hook]N eban[pair]N","{ŋeš}dag-si e₂-pa-an",0,"dagsi[hook]N_eban[pair]N"
"P250364",146,"r iii 12'","{ŋeš}x[NA]NA","{ŋeš}x",0,"{ŋeš}x[NA]NA"
"P388265",43,"ii 26","eš[tree]N","{ŋeš}eš₂₂",0,"eš[tree]N"
"P332934",336,"r iii 39'","gag[nail]N x[NA]NA","{ŋeš}gag x",0,"gag[nail]N_x[NA]NA"
"P347814",282,"d ii 10'","{ŋeš}MA-x[NA]NA","{ŋeš}MA-x",0,"{ŋeš}MA-x[NA]NA"
"P271792",25,"r 20'","x-ga[NA]NA","x-ga",0,"x-ga[NA]NA"
"P459218",125,"unknown","unknown","unknown",5,"unknown"
"P235262",65,"d i 8'","{ŋeš}peš-LU₂-HU[NA]NA ma[ship]N","{ŋeš}peš-LU₂-HU ma₂",0,"{ŋeš}peš-LU₂-HU[NA]NA_ma[ship]N"
"P273880",562,"c iii 47","ŋešnimbar[palm]N bal[dig]V/t","{ŋeš}ŋešnimbar ba-al",0,"ŋešnimbar[palm]N_bal[dig]V/t"
"P332930",30,"r 9","ma[ship]N nimin[forty]NU gur[unit]N","{ŋeš}ma₂ nimin gur",0,"ma[ship]N_nimin[forty]NU_gur[unit]N"
"P370399",97,"o iii 36'","a[arm]N apin[plow]N","{ŋeš}a₂ apin",0,"a[arm]N_apin[plow]N"
"P459217",82,"iv 4","ŋešnimbar[palm]N x[NA]NA","{ŋeš}ŋešnimbar x",0,"ŋešnimbar[palm]N_x[NA]NA"
"P447996",218,"r iii 19","x-la[NA]NA ma[ship]N","x-la ma₂",0,"x-la[NA]NA_ma[ship]N"
"P235262",66,"d i 9'","madu[~boat]N","{ŋeš}ma₂-du₃",0,"madu[~boat]N"
"P332934",387,"r iv 21'","x[NA]NA margida[cart]N","x mar-gid₂-da",0,"x[NA]NA_margida[cart]N"
"P370399",128,"o iv 25'","{ŋeš}x[NA]NA mud[tube]N gigir[chariot]N","{ŋeš}x mud gigir",0,"{ŋeš}x[NA]NA_mud[tube]N_gigir[chariot]N"
"P247864",334,"o vi 18","pana[bow]N x-x[NA]NA ig-ga[NA]NA","{ŋeš}pana x-x ig-ga",0,"pana[bow]N_x-x[NA]NA_ig-ga[NA]NA"
"P271301",245,"o v 18'","guza[chair]N munus[woman]N","{ŋeš}gu-za munus",0,"guza[chair]N_munus[woman]N"
"P271301",128,"o iii 16","ilianum[tree]N","{ŋeš}i-li-ia-nu-um",0,"ilianum[tree]N"
"P271301",21,"o i 18","ŋešgana[tree]N gunu[speckled]V/i","ŋeš-kin₂ gun₃",0,"ŋešgana[tree]N_gunu[speckled]V/i"
"P228596",5,"5","ganum[stand]N kaš[beer]N","{ŋeš}gan-nu-um kaš",0,"ganum[stand]N_kaš[beer]N"
"P247864",287,"o v 35","{ŋeš}x-x[NA]NA","{ŋeš}x-x",0,"{ŋeš}x-x[NA]NA"
"P273880",545,"c iii 30","ŋešnimbar[palm]N izi[fire]N gu[eat]V/t","{ŋeš}ŋešnimbar izi gu₇",0,"ŋešnimbar[palm]N_izi[fire]N_gu[eat]V/t"
"P370399",120,"o iv 17'","si[horn]N gigir[chariot]N","{ŋeš}si gigir",0,"si[horn]N_gigir[chariot]N"
"P389437",2,"o 1","ŋeš[tree]N u[ten]NU giŋ[unit]N","ŋeš u giŋ₄",0,"ŋeš[tree]N_u[ten]NU_giŋ[unit]N"
"P247864",274,"o v 22","{ŋeš}x-x[NA]NA","{ŋeš}x-x",0,"{ŋeš}x-x[NA]NA"
"P271771",46,"o iv 2","ŋešnimbar[palm]N munus[woman]N","{ŋeš}ŋešnimbar mi",0,"ŋešnimbar[palm]N_munus[woman]N"
"P247864",100,"o ii 37","šedug[tree]N","{ŋeš}še-dug₃",0,"šedug[tree]N"
"P273880",169,"b i 12'","guza[chair]N namdumu[status]N","{ŋeš}gu-za nam-dumu",0,"guza[chair]N_namdumu[status]N"
"P332934",179,"o iii 15","ŋešnimbar[palm]N uhin[date]N","{ŋeš}ŋešnimbar u₄-hi-in",0,"ŋešnimbar[palm]N_uhin[date]N"
"P229426",29,"r ii 3","ma[ship]N 15[NA]NA gur[unit]N","{ŋeš}ma₂ 15 gur",0,"ma[ship]N_15[NA]NA_gur[unit]N"
"P332934",384,"r iv 18'","hara[container]N margida[cart]N","{ŋeš}ha-ra mar-gid₂-da",0,"hara[container]N_margida[cart]N"
"P332934",323,"r iii 26'","ti[rib]N ma[ship]N","ti ma₂",0,"ti[rib]N_ma[ship]N"
"P273880",18,"a i 15'","ŋeštinkaʾa[grape]N","{ŋeš}ŋeštin-ka₅-a",0,"ŋeštinkaʾa[grape]N"
"P370399",57,"o ii 30'","ŋešnud[bed]N umbin[nail]N sal[thin]V/i","ŋeš-nud umbin sal",0,"ŋešnud[bed]N_umbin[nail]N_sal[thin]V/i"
"P253866",30,"o i 25'","ig[door]N šu[hand]N ur[drag]V/t","{ŋeš}ig šu ur₃",0,"ig[door]N_šu[hand]N_ur[drag]V/t"
"Q000039",282,"246","kuŋ[stair]N","{ŋeš}kuŋ₄",0,"kuŋ[stair]N"
"P429503",98,"r i' 2'","{ŋeš}x[NA]NA","{ŋeš}x",0,"{ŋeš}x[NA]NA"
"P250736",181,"r i 35","pa[branch]N gi[reed]N","{gi}pa gi",0,"pa[branch]N_gi[reed]N"
"P370399",185,"o vi 32'","harmušen[snare]N","{ŋeš}har-mušen",0,"harmušen[snare]N"
"P250364",156,"r iii 22'","šaʾuša[lance]N","{ŋeš}ša-u₁₉-ša",0,"šaʾuša[lance]N"
"P459217",165,"r iii 22","guza[chair]N gidim[ghost]N","{ŋeš}gu-za gidim",0,"guza[chair]N_gidim[ghost]N"
"P273880",323,"b iii 51","illar[weapon]N pa[branch]N mušen[bird]N","{ŋeš}illar pa mušen",0,"illar[weapon]N_pa[branch]N_mušen[bird]N"
"P429504",25,"o iii' 6","{ŋeš}gurun-gi[NA]NA","{ŋeš}gurun-gi",0,"{ŋeš}gurun-gi[NA]NA"
"P437074",97,"b iii 1'","guza[chair]N {ŋeš}x[NA]NA","{ŋeš}gu-za {ŋeš}x",0,"guza[chair]N_{ŋeš}x[NA]NA"
"P459217",30,"ii 6'","peškal[tree]N","{ŋeš}peš₇-kal",0,"peškal[tree]N"
"Q000039",224,"189","guza[chair]N taškarin[boxwood]N","{ŋeš}gu-za {ŋeš}taškarin",0,"guza[chair]N_taškarin[boxwood]N"
"P388265",413,"r vi 57","kinud[bedroom]N","{ŋeš}ki-nu₂",0,"kinud[bedroom]N"
"Q000039",414,"369","gag[nail]N umbin[wheel]N margida[cart]N","{ŋeš}gag umbin mar-gid₂-da",0,"gag[nail]N_umbin[wheel]N_margida[cart]N"
"P271911",6,"o i 1'","ig[door]N x[NA]NA","ig x",0,"ig[door]N_x[NA]NA"
"P250736",306,"r iv 24","šeg[brick]N zid[right]V/i dalbana[space]N","šeg₁₂ zid dal-ba-na",0,"šeg[brick]N_zid[right]V/i_dalbana[space]N"
"P429503",6,"o i 3","ŋešnu[tree]N","ŋeš-BUR₂",0,"ŋešnu[tree]N"
"P332934",57,"o i 1'","aʾan[spadix]N usuh[tree]N","{ŋeš}an-na u₃-suh₅",0,"aʾan[spadix]N_usuh[tree]N"
"P388265",324,"r v 9","naŋa[mortar]N šumgaz[vegetable]N","{ŋeš}naŋa₄ šum₂-gaz",0,"naŋa[mortar]N_šumgaz[vegetable]N"
"P271301",191,"o iv 25","kita[basket]N ŋešnimbar[palm]N","{ŋeš}ŋa₂-da ŋešnimbar",0,"kita[basket]N_ŋešnimbar[palm]N"
"P271301",140,"o iii 28","ŋešnimbar[palm]N banda[junior]V/i","{ŋeš}ŋešnimbar al-ban₃-da",0,"ŋešnimbar[palm]N_banda[junior]V/i"
"P271911",431,"r ii 36","gag[pock]N ešla[band]N","gag eš₂-la₂",0,"gag[pock]N_ešla[band]N"
"P253866",101,"r i 4","illar[weapon]N šub[fall]V/t","{ŋeš}illar šub",0,"illar[weapon]N_šub[fall]V/t"
"P459231",3,"o 2","ŋirigub[footstool]N gigir[chariot]N","{ŋeš}ŋiri₃-gub gigir",0,"ŋirigub[footstool]N_gigir[chariot]N"
"P273880",28,"a i 44'","asal[poplar]N","{ŋeš}asal₂",0,"asal[poplar]N"
"P273880",596,"c iv 30","gur[rim]N bandudu[basket]N","{ŋeš}gur₂ ba-an-du₈",0,"gur[rim]N_bandudu[basket]N"
"P229426",37,"r ii 11","ma[ship]N kar[harbor]N nun[prince]N e[leave]V/i","{ŋeš}ma₂ kar nun e₃",0,"ma[ship]N_kar[harbor]N_nun[prince]N_e[leave]V/i"
"P332934",231,"o iv 2'","{ŋeš}zi-x[NA]NA","{ŋeš}zi-x",0,"{ŋeš}zi-x[NA]NA"
"P370399",174,"o v 28'","ebir[vessel-stand]N gub[stand]V/i a[water]N","{ŋeš}ebir gub a",0,"ebir[vessel-stand]N_gub[stand]V/i_a[water]N"
"Q000039",119,"97","ŋali[~palm]N ŋešnimbar[palm]N","{ŋeš}ŋa₂-li ŋešnimbar",0,"ŋali[~palm]N_ŋešnimbar[palm]N"
"P235262",38,"c ii 11'","{ŋeš}x[NA]NA banšur[table]N","{ŋeš}x banšur",0,"{ŋeš}x[NA]NA_banšur[table]N"
"P332934",87,"o ii 4","manu[wood]N","{ŋeš}ma-nu",0,"manu[wood]N"
"P271771",118,"r ii 5'","{ŋeš}banšur-zag-gu-la[NA]NA","{ŋeš}banšur-zag-gu-la",0,"{ŋeš}banšur-zag-gu-la[NA]NA"
"P459217",64,"iii 14","{ŋeš}mi-ri₂-x-eš-x[NA]NA","{ŋeš}mi-ri₂-x-eš-x",0,"{ŋeš}mi-ri₂-x-eš-x[NA]NA"
"P370399",77,"o iii 16","banšur[table]N GAM-ma[NA]NA","{ŋeš}banšur GAM-ma",0,"banšur[table]N_GAM-ma[NA]NA"
"P429503",40,"o ii 9","ildag[poplar]N aga[rear]N","{ŋeš}ildag₂ a-ga",0,"ildag[poplar]N_aga[rear]N"
"P346714",178,"r v 14'","x[NA]NA še[barley]N rah[beat]V/t","x še ra-ah",0,"x[NA]NA_še[barley]N_rah[beat]V/t"
"P253866",42,"o ii 6'","guza[chair]N","{ŋeš}gu-za",0,"guza[chair]N"
"P273880",596,"c iv 30","gur[rim]N bandudu[basket]N","{ŋeš}gur₂ ba-an-du₈",0,"gur[rim]N_bandudu[basket]N"
"P437074",89,"b ii 13''","guza[chair]N munus[woman]N","{ŋeš}gu-za munus",0,"guza[chair]N_munus[woman]N"
"P253238",42,"r 19","{ŋeš}x[NA]NA x[NA]NA","{ŋeš}x x",0,"{ŋeš}x[NA]NA_x[NA]NA"
"Q000001",93,"93","udu[sheep]N mu[name]N pad[find]V/t","udu mu pad₃",0,"udu[sheep]N_mu[name]N_pad[find]V/t"
"P388265",370,"unknown","unknown","unknown",2,"unknown"
"P273880",350,"b iv 13","{ŋeš}balaŋ[NA]NA","{ŋeš}balaŋ",0,"{ŋeš}balaŋ[NA]NA"
"P271911",517,"r iii 48","šag[heart]N hul[rejoice]V/i","šag₄ hul₂",0,"šag[heart]N_hul[rejoice]V/i"
"P370399",154,"o v 8'","ellag[ball]N","{ŋeš}ellag",0,"ellag[ball]N"
"P247864",209,"o iv 20","{ŋeš}x-x-x[NA]NA","{ŋeš}x-x-x",0,"{ŋeš}x-x-x[NA]NA"
"Q000039",115,"93","su[fibers]N gal[big]V/i ŋešnimbar[palm]N","{ŋeš}su₁₁ gu-la ŋešnimbar",0,"su[fibers]N_gal[big]V/i_ŋešnimbar[palm]N"
"P273880",610,"c iv 44","maš[plant]N","{ŋeš}maš",0,"maš[plant]N"
"P247864",268,"o v 16","niŋ[thing]N eš[three]NU giŋ[unit]N","{ŋeš}niŋ₂ eš₅ giŋ₄",0,"niŋ[thing]N_eš[three]NU_giŋ[unit]N"
"P332934",317,"r iii 20'","ki[place]N ma[ship]N","{ŋeš}ki ma₂",0,"ki[place]N_ma[ship]N"
"P271301",228,"o v 1'","{ŋeš}x[NA]NA","{ŋeš}x",0,"{ŋeš}x[NA]NA"
"Q000039",437,"390","usakar[moon]N ig[door]N","{ŋeš}u₄-sakar ig",0,"usakar[moon]N_ig[door]N"
"Q000039",741,"670","{ŋeš}URI[NA]NA","{ŋeš}URI",0,"{ŋeš}URI[NA]NA"
"P332934",351,"r iv 8","e[house]N gigir[chariot]N","{ŋeš}e₂ gigir",0,"e[house]N_gigir[chariot]N"
"P247864",389,"o vii 8'","šuʾa[stool]N","{ŋeš}šu₂-a",0,"šuʾa[stool]N"
"P273880",28,"a i 44'","asal[poplar]N","{ŋeš}asal₂",0,"asal[poplar]N"
"P332939",45,"r i' 4'","{ŋeš}x-x[NA]NA","{ŋeš}x-x",0,"{ŋeš}x-x[NA]NA"
"Q000001",299,"299","nig[dog]N","nig",0,"nig[dog]N"
"P250363",15,"r 2","saŋkul[bolt]N","{ŋeš}saŋ-kul",0,"saŋkul[bolt]N"
"P332934",6,"o i 2","esi[tree]N","{ŋeš}esi",0,"esi[tree]N"
"P273880",505,"c ii 50","ubila[charcoal]N","{ŋeš}u₂-bil-la₂",0,"ubila[charcoal]N"
"Q000039",473,"423","e[house]N balak[spindle]N","{ŋeš}e₂ balak",0,"e[house]N_balak[spindle]N"
"P388265",409,"r vi 53","{ŋeš}|NINDA₂×AŠ|[NA]NA","{ŋeš}|NINDA₂×AŠ|",0,"{ŋeš}|NINDA₂×AŠ|[NA]NA"
"P388265",313,"r iv 54","{ŋeš}x[NA]NA","{ŋeš}x",0,"{ŋeš}x[NA]NA"
"P250736",6,"o i 2","gi[thicket]N gub[stand]V/i","{ŋeš}gi gub",0,"gi[thicket]N_gub[stand]V/i"
"P273880",383,"b iv 50","kakpana[arrow]N","{ŋeš}kak-pana",0,"kakpana[arrow]N"
"P271911",482,"r iii 21","tukul[weapon]N {ŋeš}x[NA]NA","tukul {ŋeš}x",0,"tukul[weapon]N_{ŋeš}x[NA]NA"
"Q000039",497,"445","apin[plow]N šudu[equipped]AJ","{ŋeš}apin šu-nu-du₇",0,"apin[plow]N_šudu[equipped]AJ"
"P272243",10,"o i' 6'","x[NA]NA","x",0,"x[NA]NA"
"P247864",72,"o ii 9","ŋešnimbar[palm]N kur[mountain]N","{ŋeš}ŋešnimbar kur",0,"ŋešnimbar[palm]N_kur[mountain]N"
"P388265",205,"r ii 32","niŋ[thing]N 1/2(diš)[NA]NA sila[unit]N","{ŋeš}niŋ₂ 1/2(diš) sila₃",0,"niŋ[thing]N_1/2(diš)[NA]NA_sila[unit]N"
"P271911",113,"o ii 36","malla[container]N","{+ma-al-la}BU",0,"malla[container]N"
"P250364",166,"r iv 2'","Kiŋ-Inana[1]MN ud[sun]N 5-kam[NA]NA","{iti}kiŋ₂-{d}inana ud 5-kam",0,"Kiŋ-Inana[1]MN_ud[sun]N_5-kam[NA]NA"
"Q000039",588,"529","sa[net]N sig[weak]V/i","{ŋeš}sa sig",0,"sa[net]N_sig[weak]V/i"
"P273880",525,"c iii 10","hara[shoot]N ŋešnimbar[palm]N","{ŋeš}ha-ra ŋešnimbar",0,"hara[shoot]N_ŋešnimbar[palm]N"
"P250736",134,"o iv 27","gi[reed]N kud[cut]V/t","gi kud",0,"gi[reed]N_kud[cut]V/t"
"P224986",6,"o i 3","guza[chair]N zir[break]V/t","{ŋeš}gu-za zi",0,"guza[chair]N_zir[break]V/t"
"P253866",63,"o ii 27'","saŋ[head]N guza[chair]N","{ŋeš}saŋ gu-za",0,"saŋ[head]N_guza[chair]N"
"Q000039",476,"425","mete[appropriate-thing]N balak[spindle]N","{ŋeš}me-te balak",0,"mete[appropriate-thing]N_balak[spindle]N"
"P437074",98,"b iii 2'","guza[chair]N ki[place]N us[follow]V/t","{ŋeš}gu-za ki us₂",0,"guza[chair]N_ki[place]N_us[follow]V/t"
"Q000001",67,"67","udu[sheep]N lipiš[innards]N","udu lipiš",0,"udu[sheep]N_lipiš[innards]N"
"P388265",425,"t.e. ii 4","gi[thicket]N gub[stand]V/i","{ŋeš}gi gub",0,"gi[thicket]N_gub[stand]V/i"
"P332934",74,"o i 18'","ildag[poplar]N bur[spread]V/t","{ŋeš}ildag₂ bur-ra",0,"ildag[poplar]N_bur[spread]V/t"
"P388265",289,"r iv 29","nukušu[~door]N","{ŋeš}nu-kuš₂",0,"nukušu[~door]N"
"P332934",367,"r iv 1'","x-ga[NA]NA","x-ga",0,"x-ga[NA]NA"
"Q000039",709,"640","zena[weapon]N mah[great]V/i","{ŋeš}ze₂-na mah",0,"zena[weapon]N_mah[great]V/i"
"P250364",7,"o i 4","gaba[chest]N gigir[chariot]N","{ŋeš}gaba gigir",0,"gaba[chest]N_gigir[chariot]N"
"P370399",173,"o v 27'","ebir[vessel-stand]N gub[stand]V/i","{ŋeš}ebir gub",0,"ebir[vessel-stand]N_gub[stand]V/i"
"P347814",160,"c i 15'","dilim[spoon]N zigan[rudder]N","{ŋeš}dilim₂ zi-gan",0,"dilim[spoon]N_zigan[rudder]N"
"P388265",435,"t.e. iii 7","{ŋeš}x[NA]NA","{ŋeš}x",0,"{ŋeš}x[NA]NA"
"P273880",687,"d ii 23'","ŋeš[tree]N kiŋar[area]N zag[side]N la[hang]V/t","ŋeš ki-ŋar zag la₂",0,"ŋeš[tree]N_kiŋar[area]N_zag[side]N_la[hang]V/t"
"P332934",318,"r iii 21'","si[horn]N ma[ship]N","{ŋeš}si ma₂",0,"si[horn]N_ma[ship]N"
"Q000039",667,"601","alŋar[instrument]N","{ŋeš}al-ŋar",0,"alŋar[instrument]N"
"P388265",53,"iii 2","ildag[poplar]N šitan[water-channel]N","{ŋeš}ildag₂ šita₃",0,"ildag[poplar]N_šitan[water-channel]N"
"P273880",142,"a iv 39'","guza[chair]N x[NA]NA","{ŋeš}gu-za x",0,"guza[chair]N_x[NA]NA"
"Q000039",682,"614","tigidlu[instrument]N kaskal[way]N","{ŋeš}tigidla kaskal",0,"tigidlu[instrument]N_kaskal[way]N"
"P247864",108,"o ii 45","{ŋeš}ša-wi-lum[NA]NA","{ŋeš}ša-wi-lum",0,"{ŋeš}ša-wi-lum[NA]NA"
"P388265",181,"r ii 8","KI.KAL[bottom]N margida[cart]N","{u₂}sasₓ(|KI.KAL|) mar-gid₂-da",0,"KI.KAL[bottom]N_margida[cart]N"
"P388265",429,"t.e. iii 1","kiri[orchard]N","{ŋeš}kiri₆",0,"kiri[orchard]N"
"P273880",713,"d iii 4'","gag[nail]N x-|PA.X|[NA]NA","{ŋeš}gag x-|PA.X|",0,"gag[nail]N_x-|PA.X|[NA]NA"
"X100003",11,"o 10","{ŋeš}bar-ŋeš[NA]NA gunu[speckled]V/i","{ŋeš}bar-ŋeš gun₃",0,"{ŋeš}bar-ŋeš[NA]NA_gunu[speckled]V/i"
"P459217",94,"iv 16","{ŋeš}LAGAB[NA]NA ŋešnimbar[palm]N","{ŋeš}LAGAB ŋešnimbar",0,"{ŋeš}LAGAB[NA]NA_ŋešnimbar[palm]N"
"P388265",34,"ii 17","ŋeš[tree]N hursaŋ[mountain]N","ŋeš hur-saŋ",0,"ŋeš[tree]N_hursaŋ[mountain]N"
"P388265",62,"unknown","unknown","unknown",2,"unknown"
"P332934",35,"o i 31","peš[fig]N šergu[string]N","{ŋeš}peš₃ še-er-kum",0,"peš[fig]N_šergu[string]N"
"P253228",16,"o i 12","al[hoe]N zu[tooth]N min[two]NU","{ŋeš}al zu₂ min",0,"al[hoe]N_zu[tooth]N_min[two]NU"
"Q000039",774,"703","namra[booty]N","{ŋeš}nam-ra",0,"namra[booty]N"
"Q000039",79,"62","urzinum[tree]N","{ŋeš}ur-zi-num₂",0,"urzinum[tree]N"
"P459216",97,"r i 2'","{ŋeš}x[NA]NA","{ŋeš}x",0,"{ŋeš}x[NA]NA"
"P250736",178,"r i 32","gi[reed]N Magan[1]GN","gi ma₂-gan-na",0,"gi[reed]N_Magan[1]GN"
"P253927",2,"o 1","taškarin[boxwood]N","{ŋeš}taškarin",0,"taškarin[boxwood]N"
"P388265",184,"r ii 11","DUB.du₃[~vehicle]N ŋar[place]V/t","{ŋeš}kišib₃-du₃ ŋar",0,"DUB.du₃[~vehicle]N_ŋar[place]V/t"
"Q000039",386,"343","gag[nail]N umbin[wheel]N gigir[chariot]N","{ŋeš}gag umbin gigir",0,"gag[nail]N_umbin[wheel]N_gigir[chariot]N"
"P388265",151,"r i 29","al[hoe]N zu[tooth]N eš[three]NU","{ŋeš}al zu₂ eš₅",0,"al[hoe]N_zu[tooth]N_eš[three]NU"
"P253230",21,"o i 16","apin[plow]N šu[hand]N","{ŋeš}apin šu",0,"apin[plow]N_šu[hand]N"
"P347814",241,"c ii 47'","dimlumagurak[instrument]N","{ŋeš}dim₃-{lu₂}ma₂-gur₈",0,"dimlumagurak[instrument]N"
"P429503",34,"o ii 3","lamgal[nut]N","{ŋeš}lam-gal",0,"lamgal[nut]N"
"P370399",9,"o i 6'","x-x[NA]NA ŋešnimbar[palm]N","x-x ŋešnimbar",0,"x-x[NA]NA_ŋešnimbar[palm]N"
"P346714",79,"r iii 01'","ellag[ball]N","{ŋeš}ellag",0,"ellag[ball]N"
"P332934",52,"o i 48","x[NA]NA","x",0,"x[NA]NA"
"P388265",47,"ii 30","ŋeštinkira[berry]N","ŋeštin-kur",0,"ŋeštinkira[berry]N"
"P370399",15,"o i 12'","{ŋeš}IŠ[NA]NA ŋešnimbar[palm]N","{ŋeš}IŠ ŋešnimbar",0,"{ŋeš}IŠ[NA]NA_ŋešnimbar[palm]N"
"P273880",573,"c iv 5","{ŋeš}x[NA]NA","{ŋeš}x",0,"{ŋeš}x[NA]NA"
"P253230",30,"o ii 8","apin[plow]N šudu[equipped]AJ","{ŋeš}apin šu-nu-du₇",0,"apin[plow]N_šudu[equipped]AJ"
"P346865",4,"o 3","su[fibers]N ŋešnimbar[palm]N","{ŋeš}su₁₁ ŋešnimbar",0,"su[fibers]N_ŋešnimbar[palm]N"
"Q000001",482,"479","uzu[flesh]N x[NA]NA","uzu x",0,"uzu[flesh]N_x[NA]NA"
"P271911",109,"o ii 33","lagab[block]N","{+la-ga-me}lagab",0,"lagab[block]N"
"P250364",132,"r ii 17'","kur[wood]N","{ŋeš}kur",0,"kur[wood]N"
"P388265",333,"r v 18","zu[tooth]N gud.si.AŠ[ram]N","{ŋeš}zu₂ gud-si-AŠ",0,"zu[tooth]N_gud.si.AŠ[ram]N"
"P332930",7,"o 5","ma[ship]N šukama[need]N","{ŋeš}ma₂ šu-kam-ma",0,"ma[ship]N_šukama[need]N"
"Q000039",544,"488","gag[nail]N šum[garlic]N bal[dig]V/t","{ŋeš}gag šum₂ ba-al",0,"gag[nail]N_šum[garlic]N_bal[dig]V/t"
"P271911",178,"o iii 24'","pa[branch]N usuh[tree]N apin[plow]N","pa u₃-suh₅ apin",0,"pa[branch]N_usuh[tree]N_apin[plow]N"
"P273880",374,"b iv 41","gi[reed]N šudu[equipped]AJ","{ŋeš}gi šu-du₇",0,"gi[reed]N_šudu[equipped]AJ"
"Q000039",620,"554c","{ŋeš}LAGAB[NA]NA illar[weapon]N","{ŋeš}LAGAB illar",0,"{ŋeš}LAGAB[NA]NA_illar[weapon]N"
"P250736",308,"r iv 26","lag[clod]N","lag",0,"lag[clod]N"
"Q000001",487,"484","uzu[flesh]N sa[sinew]N","uzu sa",0,"uzu[flesh]N_sa[sinew]N"
"P388265",13,"i 15","zirdum[olive]N","{ŋeš}zi-ir-dum",0,"zirdum[olive]N"
"Q000039",663,"597","balaŋ[instrument]N","{ŋeš}balaŋ",0,"balaŋ[instrument]N"
"P346714",141,"r iv 21'","harmušen[snare]N","{ŋeš}har-mušen",0,"harmušen[snare]N"
"Q000039",313,"275","ma[ship]N su[sink]V/t","{ŋeš}ma₂ su",0,"ma[ship]N_su[sink]V/t"
"P347814",23,"unknown","unknown","unknown",1,"unknown"
"P459218",84,"o iv 2","šudul[yoke]N apin[plow]N","{ŋeš}šu₂-dul₄ apin",0,"šudul[yoke]N_apin[plow]N"
"P253866",64,"o ii 28'","bad[leg]N guza[chair]N","{ŋeš}bad gu-za",0,"bad[leg]N_guza[chair]N"
"P250736",57,"o ii 31","dur[bond]N sig[weak]V/i","{gi}dur sig",0,"dur[bond]N_sig[weak]V/i"
"P253238",41,"r 18","x[NA]NA","x",0,"x[NA]NA"
"P447996",137,"r i 19","zena[midrib]N ŋešnimbar[palm]N","{ŋeš}ze₂-an-na ŋešnimbar",0,"zena[midrib]N_ŋešnimbar[palm]N"
"P388265",422,"t.e. ii 1","{ŋeš}X[NA]NA","{ŋeš}X",0,"{ŋeš}X[NA]NA"
"P347814",225,"c ii 31'","kul[handle]N mar[shovel]N","{ŋeš}kul mar",0,"kul[handle]N_mar[shovel]N"
"P347814",15,"a i 13'","x[NA]NA barda[crossbar]N","x bar-da",0,"x[NA]NA_barda[crossbar]N"
"P271911",7,"o i 2'","ig[door]N kan[gate]N tur[small]V/i","ig kan₄ tur",0,"ig[door]N_kan[gate]N_tur[small]V/i"
"P332934",350,"r iv 7","gigir[chariot]N zabar[bronze]N ŋar[place]V/t","{ŋeš}gigir zabar ŋar",0,"gigir[chariot]N_zabar[bronze]N_ŋar[place]V/t"
"P346714",125,"r iv 05'","niŋ[thing]N diš[one]NU sila[unit]N","{ŋeš}niŋ₂ diš sila₃",0,"niŋ[thing]N_diš[one]NU_sila[unit]N"
"Q000039",532,"476","suhur[tool]N gud[ox]N","{ŋeš}suhur gud",0,"suhur[tool]N_gud[ox]N"
"Q000001",245,"245","dur[donkey]N AŠ[NA]NA","dur₃{ur₃} AŠ",0,"dur[donkey]N_AŠ[NA]NA"
"Q000039",420,"375","ig[door]N gal[big]V/i","{ŋeš}ig gal",0,"ig[door]N_gal[big]V/i"
"P253866",76,"o iii 9'","u[sleep]N ku[place]V/t","{ŋeš}u₃ ku",0,"u[sleep]N_ku[place]V/t"
"P247864",435,"o vii 54'","guza[chair]N mušlah[charmer]N","{ŋeš}gu-za muš-lahₓ(DU)",0,"guza[chair]N_mušlah[charmer]N"
"P429503",83,"o iii 22","ŋešnimbar[palm]N x[NA]NA","{ŋeš}ŋešnimbar x",0,"ŋešnimbar[palm]N_x[NA]NA"
"P346714",46,"r ii 14'","sala[~plow]N apin[plow]N","{ŋeš}sal-la apin",0,"sala[~plow]N_apin[plow]N"
"P228096",15,"o i 13","garig[comb]N saŋdu[head]N","{ŋeš}ga-rig₂ saŋ-du",0,"garig[comb]N_saŋdu[head]N"
"P229426",33,"r ii 7","ma[ship]N An[1]DN","{ŋeš}ma₂ an-na",0,"ma[ship]N_An[1]DN"
"P273880",217,"b ii 6","gilim[foliage]N abzu[water]N","{ŋeš}gilim abzu",0,"gilim[foliage]N_abzu[water]N"
"P347814",183,"c i 39'","ušub[brick-mold]N","{ŋeš}u₃-šub",0,"ušub[brick-mold]N"
"P271771",116,"r ii 3'","banšur[table]N saŋdu[head]N","{ŋeš}banšur saŋ-du",0,"banšur[table]N_saŋdu[head]N"
"P235262",37,"c ii 10'","{ŋeš}x[NA]NA banšur[table]N","{ŋeš}x banšur",0,"{ŋeš}x[NA]NA_banšur[table]N"
"P273880",508,"c ii 53","aga[ax]N","{ŋeš}aga",0,"aga[ax]N"
"P249383",5,"o 3","e[house]N gigir[chariot]N","{ŋeš}e₂ gigir",0,"e[house]N_gigir[chariot]N"
"P250364",13,"o i 10","guza[chair]N gigir[chariot]N","{ŋeš}gu-za gigir",0,"guza[chair]N_gigir[chariot]N"
"P429503",23,"o i 20","ŋeštin[vine]N sur[press]V/t","{ŋeš}ŋeštin sur",0,"ŋeštin[vine]N_sur[press]V/t"
"P247864",450,"r i 10","{ŋeš}LAGAB[NA]NA ŋešnud[bed]N","{ŋeš}LAGAB nud",0,"{ŋeš}LAGAB[NA]NA_ŋešnud[bed]N"
"P253228",95,"r iii 12'","{ŋeš}x-x-x[NA]NA","{ŋeš}x-x-x",0,"{ŋeš}x-x-x[NA]NA"
"P271911",525,"r iii 54","ubila[charcoal]N","u₅-bil₂-la₂",0,"ubila[charcoal]N"
"P273880",383,"b iv 50","kakpana[arrow]N","{ŋeš}kak-pana",0,"kakpana[arrow]N"
"P273880",544,"c iii 29","ŋešnimbar[palm]N lu₂.IM[criminal]N","{ŋeš}ŋešnimbar lu₂-IM",0,"ŋešnimbar[palm]N_lu₂.IM[criminal]N"
"P347814",69,"a ii 40'","{ŋeš}x[NA]NA","{ŋeš}x",0,"{ŋeš}x[NA]NA"
"P459216",27,"i 25","šinig[tamarisk]N","{ŋeš}šinig",0,"šinig[tamarisk]N"
"P370399",52,"o ii 25'","ŋešnud[bed]N","ŋeš-nud",0,"ŋešnud[bed]N"
"P253233",81,"r iii 20'","urnum[cedar]N","{ŋeš}ur-nu-um",0,"urnum[cedar]N"
"P273880",218,"b ii 7","emerah[jug]N","{ŋeš}emerahₓ(|U.U.HUB₂|)",0,"emerah[jug]N"
"P271911",543,"r iv 13","gibil[firewood]N","gibil₂",0,"gibil[firewood]N"
"Q000001",478,"475","uzu[flesh]N birri[kidney]N","uzu bir-ri",0,"uzu[flesh]N_birri[kidney]N"
"Q000039",301,"264","miriza[plank]N zag[side]N gi[turn]V/i","{ŋeš}mi-ri₂-za zag gi₄",0,"miriza[plank]N_zag[side]N_gi[turn]V/i"
"P332939",46,"r i' 5'","šibir[staff]N","{ŋeš}šibir",0,"šibir[staff]N"
"P332934",34,"o i 30","peš[fig]N Martu[1]GN","{ŋeš}peš₃ mar-tu{ki}",0,"peš[fig]N_Martu[1]GN"
"P253228",100,"r iii 17'","{ŋeš}x-x-nu-um[NA]NA","{ŋeš}x-x-nu-um",0,"{ŋeš}x-x-nu-um[NA]NA"
"P273880",369,"b iv 36","kuŋ[stair]N","{ŋeš}kuŋ₄",0,"kuŋ[stair]N"
"P429503",145,"r ii' 21'","gag[nail]N","{ŋeš}gag",0,"gag[nail]N"
"P332934",373,"r iv 7'","margida[cart]N","{ŋeš}mar-gid₂-da",0,"margida[cart]N"
"Q000039",274,"238","banšur[table]N zagŋara[shrine]N","{ŋeš}banšur zag-ŋar-ra",0,"banšur[table]N_zagŋara[shrine]N"
"P271911",449,"unknown","unknown","unknown",1,"unknown"
"P459225",14,"r ii 1'","ŋisal[rudder]N šu[hand]N","{ŋeš}ŋisal šu",0,"ŋisal[rudder]N_šu[hand]N"
"P432448",15,"o 9'","ŋeš[tree]N giggi[black]V/i","ŋeš giggi",0,"ŋeš[tree]N_giggi[black]V/i"
"P225062",4,"o i 1","allanum[oak]N","{ŋeš}al-la-nu-um",0,"allanum[oak]N"
"P273706",4,"o 3","maltum[bowl]N","{ŋeš}ma-al-tum₂",0,"maltum[bowl]N"
"P459216",163,"r iii 30'","gur[basket]N ma[ship]N","{ŋeš}gur ma₂",0,"gur[basket]N_ma[ship]N"
"P459217",138,"r ii 7'","{ŋeš}kar₂-bi[NA]NA","{ŋeš}kar₂-bi",0,"{ŋeš}kar₂-bi[NA]NA"
"P273880",402,"c i 5","gag[nail]N usakar[moon]N","{ŋeš}gag u₄-sakar",0,"gag[nail]N_usakar[moon]N"
"P253866",19,"o i 14'","šerim[~loom]N","{ŋeš}|TAG.TUG₂|",0,"šerim[~loom]N"
"Q000039",164,"140","pa[branch]N","{ŋeš}pa",0,"pa[branch]N"
"P459218",77,"o iii 28","gag[nail]N har[ring]N apin[plow]N","{ŋeš}gag har apin",0,"gag[nail]N_har[ring]N_apin[plow]N"
"P296528",7,"unknown","unknown","unknown",999,"unknown"
"P247864",160,"o iii 34","gag[nail]N šudul[yoke]N margida[cart]N","{ŋeš}gag šu₂-dul₄ mar-gid₂-da",0,"gag[nail]N_šudul[yoke]N_margida[cart]N"
"Q000039",711,"642","ŋušur[beam]N eš[three]NU","ŋeš-ur₂ eš₅",0,"ŋušur[beam]N_eš[three]NU"
"P250736",74,"o iii 8","kid[mat]N esir[bitumen]N šub[fall]V/t","{gi}kid esir šub",0,"kid[mat]N_esir[bitumen]N_šub[fall]V/t"
"P235262",49,"c ii 25'","buniŋ[trough]N gal[big]V/i","{ŋeš}buniŋ gu-la",0,"buniŋ[trough]N_gal[big]V/i"
"P271911",517,"r iii 48","šag[heart]N hul[rejoice]V/i","šag₄ hul₂",0,"šag[heart]N_hul[rejoice]V/i"
"P250736",90,"o iii 24","gigurda[basket]N","gi-gur-da",0,"gigurda[basket]N"
"P271301",50,"o i 47","hašhur[apple]N x[NA]NA","{ŋeš}hašhur x",0,"hašhur[apple]N_x[NA]NA"
"P346869",4,"o 3","ŋirigub[footstool]N","{ŋeš}ŋiri₃-gub",0,"ŋirigub[footstool]N"
"P247864",21,"o i 18","mes[tree]N","{ŋeš}mes",0,"mes[tree]N"
"P346714",115,"r iii 37'","ušub[brick-mold]N","{ŋeš}u₃-šub",0,"ušub[brick-mold]N"
"P247864",392,"o vii 11'","šuʾa[stool]N suhsah[sound]N","{ŋeš}šu₂-a suh₃-sah₄",0,"šuʾa[stool]N_suhsah[sound]N"
"P253233",37,"r i 5'","ŋipar[tree]N duru[wet]V/i","{ŋeš}ŋi₆-par₄ duru₅",0,"ŋipar[tree]N_duru[wet]V/i"
"P250736",166,"r i 20","{gi}x-x[NA]NA x[NA]NA","{gi}x-x x",0,"{gi}x-x[NA]NA_x[NA]NA"
"Q000039",452,"403","gag[nail]N siŋar[bolt]N","{ŋeš}gag si-ŋar",0,"gag[nail]N_siŋar[bolt]N"
"P388330",8,"o 7","hašhur[apple]N damšelum[plant]N","{ŋeš}hašhur dam-ši-lum",0,"hašhur[apple]N_damšelum[plant]N"
"Q000001",360,"360","bir[locust]N ensi[interpreter]N","bir₅ ensi",0,"bir[locust]N_ensi[interpreter]N"
"P253230",7,"o i 3","apin[plow]N šudu[equipped]AJ","{ŋeš}apin šu-nu-du₇",0,"apin[plow]N_šudu[equipped]AJ"
"P447996",87,"o v 12","nurma[pomegranate]N gal[big]V/i","{ŋeš}nu-ur₂-ma gal",0,"nurma[pomegranate]N_gal[big]V/i"
"P271911",615,"r v 12","lammar[deity]N","{d}lamma",0,"lammar[deity]N"
"P332939",10,"o i 7","ŋešgana[tree]N babbar[white]V/i","ŋeš-kin₂ babbar",0,"ŋešgana[tree]N_babbar[white]V/i"
"P271301",199,"o iv 33","asal[poplar]N hili[attractiveness]N","{ŋeš}asal₂ hi-li",0,"asal[poplar]N_hili[attractiveness]N"
"P347814",226,"c ii 32'","{ŋeš}LAGAB[NA]NA mar[shovel]N","{ŋeš}LAGAB mar",0,"{ŋeš}LAGAB[NA]NA_mar[shovel]N"
"Q000001",273,"273","muš[snake]N kindar[hole]N","muš ki-in-dar",0,"muš[snake]N_kindar[hole]N"
"P388265",205,"r ii 32","niŋ[thing]N 1/2(diš)[NA]NA sila[unit]N","{ŋeš}niŋ₂ 1/2(diš) sila₃",0,"niŋ[thing]N_1/2(diš)[NA]NA_sila[unit]N"
"P459216",30,"i 28","šaršabid[tree]N","{ŋeš}šarₓ(NE)-ša₄-bid₃",0,"šaršabid[tree]N"
"P273880",576,"c iv 8","{ŋeš}x[NA]NA","{ŋeš}x",0,"{ŋeš}x[NA]NA"
"P447996",90,"o v 15","nurma[pomegranate]N ka-ŋar-ra[NA]NA","{ŋeš}nu-ur₂-ma ka-ŋar-ra",0,"nurma[pomegranate]N_ka-ŋar-ra[NA]NA"
"P273880",218,"b ii 7","emerah[jug]N","{ŋeš}emerahₓ(|U.U.HUB₂|)",0,"emerah[jug]N"
"P271911",580,"r iv 39","gag[nail]N zigan[rudder]N","gag si-kam₂",0,"gag[nail]N_zigan[rudder]N"
"P247864",202,"o iv 13","{ŋeš}x-x-x[NA]NA","{ŋeš}x-x-x",0,"{ŋeš}x-x-x[NA]NA"
"P388265",277,"r iv 17","ig[door]N i[oil]N","{ŋeš}ig i₃",0,"ig[door]N_i[oil]N"
"P347814",176,"c i 32'","al[hoe]N","{ŋeš}al",0,"al[hoe]N"
"Q000001",384,"383","šah[pig]N namuruna[~herd]N","šah₂ nam-urunₓ(EN)-ak",0,"šah[pig]N_namuruna[~herd]N"
"P273880",53,"a ii 27'","nig[~plow]N apin[plow]N","{ŋeš}nig-ga apin",0,"nig[~plow]N_apin[plow]N"
"P247864",7,"o i 4","{ŋeš}x[NA]NA","{ŋeš}x",0,"{ŋeš}x[NA]NA"
"P447996",36,"o iv 5","šinig[tamarisk]N kur[mountain]N","{ŋeš}šinig kur",0,"šinig[tamarisk]N_kur[mountain]N"
"Q000001",497,"493","uzu[flesh]N asilaŋara[afterbirth]N","uzu a-sila₃-ŋar-ra",0,"uzu[flesh]N_asilaŋara[afterbirth]N"
"P429503",77,"o iii 16","ŋešnimbar[palm]N x-x[NA]NA","{ŋeš}ŋešnimbar x-x",0,"ŋešnimbar[palm]N_x-x[NA]NA"
"P459217",53,"iii 3","mes[tree]N halub[tree]N harran[route]N","{ŋeš}mes ha-lu-ub₂ har-ra-an",0,"mes[tree]N_halub[tree]N_harran[route]N"
"P459227",7,"unknown","unknown","unknown",999,"unknown"
"P253228",7,"o i 4","saŋ[head]N al[hoe]N","{ŋeš}saŋ al",0,"saŋ[head]N_al[hoe]N"
"P225109",4,"o i 1","margida[cart]N","{ŋeš}mar-gid₂-da",0,"margida[cart]N"
"Q000001",463,"461","uzu[flesh]N dimma[~sheep]N","uzu dimₓ(BALAŊ)-ma",0,"uzu[flesh]N_dimma[~sheep]N"
"P250736",277,"r iii 38","gir[oven]N ŋeši[sesame]N","gir₄ {še}ŋeš-i₃",0,"gir[oven]N_ŋeši[sesame]N"
"P332934",158,"o ii 74","ŋešnimbar[palm]N al-x[NA]NA","{ŋeš}ŋešnimbar al-x",0,"ŋešnimbar[palm]N_al-x[NA]NA"
"P429503",47,"o ii 16","ŋeškur[tree]N","ŋeš-ku-ra",0,"ŋeškur[tree]N"
"P247864",213,"o iv 24","garig[comb]N","{ŋeš}ga-rig₂",0,"garig[comb]N"
"P253230",16,"o i 11","apin[plow]N šu[hand]N","{ŋeš}apin šu",0,"apin[plow]N_šu[hand]N"
"P271301",289,"r i 17","šuʾa[stool]N","{ŋeš}šuaₓ(|ŠU₂×(A.DIŠ)|)",0,"šuʾa[stool]N"
"P253245",15,"o 11","gag[nail]N eškiri[rope]N","{ŋeš}gag eškiri₂",0,"gag[nail]N_eškiri[rope]N"
"P271771",25,"o iii 2","mesgam[tree]N","{ŋeš}mes-gam₃",0,"mesgam[tree]N"
"P332934",112,"o ii 29","KID.da[twig]N","{ŋeš}šed-du",0,"KID.da[twig]N"
"P273880",469,"c ii 13","magur[barge]N","{ŋeš}ma₂-kur",0,"magur[barge]N"
"P271911",223,"o iii 63'","ušub[brick-mold]N ab[window]N","u₃-šub a-ab",0,"ušub[brick-mold]N_ab[window]N"
"P271911",165,"o iii 13'","eme[tongue]N apin[plow]N","eme apin",0,"eme[tongue]N_apin[plow]N"
"P347814",51,"a ii 22'","{ŋeš}x[NA]NA","{ŋeš}x",0,"{ŋeš}x[NA]NA"
"P459220",2,"1","ig[door]N","{ŋeš}ig",0,"ig[door]N"
"P447996",120,"r i 2","ŋešnimbar[palm]N al-gam-ma[NA]NA","{ŋeš}ŋešnimbar al-gam-ma",0,"ŋešnimbar[palm]N_al-gam-ma[NA]NA"
"P250364",167,"unknown","unknown","unknown",999,"unknown"
"P273880",79,"a iii 10'","e[house]N gigir[chariot]N","{ŋeš}e₂ gigir",0,"e[house]N_gigir[chariot]N"
"P273880",94,"a iii 32'","sudin[~chariot]N gigir[chariot]N","{ŋeš}su-din gigir",0,"sudin[~chariot]N_gigir[chariot]N"
"P271301",236,"o v 9'","ba[tool]N gur[unit]N","{ŋeš}ba gur",0,"ba[tool]N_gur[unit]N"
"P271911",336,"r i 24'","lubi[ax]N","{+la-ab}lub",0,"lubi[ax]N"
"P347814",259,"d i 14'","si[horn]N","{ŋeš}si",0,"si[horn]N"
"P253230",20,"o i 15","apin[plow]N zir[break]V/t","{ŋeš}apin zi",0,"apin[plow]N_zir[break]V/t"
"P447996",208,"r iii 9","x-du₃[NA]NA","x-du₃",0,"x-du₃[NA]NA"
"P459216",10,"i 8","šagkal[tree]N","{ŋeš}šag₄-kal",0,"šagkal[tree]N"
"P247864",13,"o i 10","lam[tree]N","{ŋeš}lam",0,"lam[tree]N"
"P459217",85,"iv 7","suhur[tuft]N ŋešnimbar[palm]N","{ŋeš}suhur ŋešnimbar",0,"suhur[tuft]N_ŋešnimbar[palm]N"
"P346714",157,"r iv 40'","gagsisa[arrow]N","{ŋeš}gag-si-sa₂",0,"gagsisa[arrow]N"
"P273880",61,"a ii 35'","apin[plow]N šudu[equipped]AJ","{ŋeš}apin šu-du₈-a",0,"apin[plow]N_šudu[equipped]AJ"
"P332934",244,"o iv 15'","maš[plant]N","{ŋeš}maš-maš",0,"maš[plant]N"
"P447996",160,"r i 42","mud[stump]N ŋešnimbar[palm]N","{ŋeš}mud ŋešnimbar",0,"mud[stump]N_ŋešnimbar[palm]N"
"P459231",4,"o 3","dub[knee]N bar[outside]V/t gigir[chariot]N","{ŋeš}dub₃ bar gigir",0,"dub[knee]N_bar[outside]V/t_gigir[chariot]N"
"P247864",325,"o vi 9","{ŋeš}x[NA]NA","{ŋeš}x",0,"{ŋeš}x[NA]NA"
"P388265",289,"r iv 29","nukušu[~door]N","{ŋeš}nu-kuš₂",0,"nukušu[~door]N"
"P253238",13,"o 10'","še[cone]N usuh[tree]N","{ŋeš}še u₃-suh₅",0,"še[cone]N_usuh[tree]N"
"P273880",281,"b iii 5","sumur[roof]N banšur[table]N","{ŋeš}sumur₂ {ŋeš}banšurₓ(|URU×IGI.URUDA|)",0,"sumur[roof]N_banšur[table]N"
"P271911",142,"o ii 60","x[NA]NA","x",0,"x[NA]NA"
"P273880",507,"c ii 52","kuŋ[stair]N","{ŋeš}kuŋ₄",0,"kuŋ[stair]N"
"P332934",359,"r iv 16","si[horn]N gigir[chariot]N","{ŋeš}si gigir",0,"si[horn]N_gigir[chariot]N"
"P250363",14,"r 1","kul[handle]N šu-x-x[NA]NA","{ŋeš}kul šu-x-x",0,"kul[handle]N_šu-x-x[NA]NA"
"P273880",465,"c ii 9","tug[textile]N ma[ship]N","{ŋeš}tug₂ ma₂",0,"tug[textile]N_ma[ship]N"
"P459217",81,"iv 3","ŋešnimbar[palm]N x[NA]NA","{ŋeš}ŋešnimbar x",0,"ŋešnimbar[palm]N_x[NA]NA"
"P346714",180,"r vi 01'","x-a[NA]NA","x-a",0,"x-a[NA]NA"
"Q000039",558,"501a","tukul[weapon]N mah[great]V/i","{ŋeš}tukul mah",0,"tukul[weapon]N_mah[great]V/i"
"Q000039",728,"655a","pa[branch]N kud[cut]V/t ug[die]V/t","{ŋeš}pa kud ug₅-ga",0,"pa[branch]N_kud[cut]V/t_ug[die]V/t"
"P250361",11,"o 9'","x-si[NA]NA","x-si",0,"x-si[NA]NA"
"P250736",242,"r iii 3","utul[tureen]N gal[big]V/i","{dug}utul₂ gal",0,"utul[tureen]N_gal[big]V/i"
"P332934",319,"r iii 22'","igi[face]N ma[ship]N","{ŋeš}igi ma₂",0,"igi[face]N_ma[ship]N"
"P459217",84,"iv 6","{ŋeš}HU[NA]NA ŋešnimbar[palm]N","{ŋeš}HU ŋešnimbar",0,"{ŋeš}HU[NA]NA_ŋešnimbar[palm]N"
"P347814",90,"b i 15'","damga[~plow]N apin[plow]N","{ŋeš}da-an-ga apin",0,"damga[~plow]N_apin[plow]N"
"P370399",59,"o ii 32'","ŋešnud[bed]N garba[knob]N kugsig[gold]N ŋar[place]V/t","ŋeš-nud gar₃-ga kug-sig₁₇ ŋar",0,"ŋešnud[bed]N_garba[knob]N_kugsig[gold]N_ŋar[place]V/t"
"P459218",9,"o i 13'","ig[door]N miriza[plank]N","{ŋeš}ig mi-ri₂-za",0,"ig[door]N_miriza[plank]N"
"P447996",57,"o iv 26","ŋeštin[vine]N nim[high]V/i","{ŋeš}ŋeštin nim",0,"ŋeštin[vine]N_nim[high]V/i"
"P253228",9,"o i 6","al[hoe]N zu[tooth]N eš[three]NU","{ŋeš}al zu₂ eš₅",0,"al[hoe]N_zu[tooth]N_eš[three]NU"
"P273880",22,"a i 19'","{ŋeš}x[NA]NA","{ŋeš}x",0,"{ŋeš}x[NA]NA"
"Q000039",490,"438","ŋešrin[scales]N aš[one]NU gun[load]N","ŋeš-rin₂ aš gun",0,"ŋešrin[scales]N_aš[one]NU_gun[load]N"
"P271301",220,"o iv 54","huš[plant]N","{ŋeš}maš-huš",0,"huš[plant]N"
"P273880",521,"c iii 6","zena[midrib]N ŋešnimbar[palm]N","{ŋeš}ze₂-na ŋešnimbar",0,"zena[midrib]N_ŋešnimbar[palm]N"
"P447996",151,"r i 33","pel[defile]V/t ŋešnimbar[palm]N","pe-l·a₂ ŋešnimbar",0,"pel[defile]V/t_ŋešnimbar[palm]N"
"P273880",439,"c i 44","miriza[plank]N","{ŋeš}mi-ri₂-za",0,"miriza[plank]N"
"Q000001",240,"240","kunga[equid]N","{anše}kungaₓ(KI)",0,"kunga[equid]N"
"P388265",203,"r ii 30","ban[unit]N ya[five]NU sila[unit]N","{ŋeš}ba-an ia₂ sila₃",0,"ban[unit]N_ya[five]NU_sila[unit]N"
"Q000001",110,"110","u[ewe]N utud[bear]V/t","u₈ u₃-tud",0,"u[ewe]N_utud[bear]V/t"
"P332934",151,"o ii 67","ŋešnimbar[palm]N x[NA]NA","{ŋeš}ŋešnimbar x",0,"ŋešnimbar[palm]N_x[NA]NA"
"P273880",718,"unknown","unknown","unknown",2,"unknown"
"P459218",111,"o iv 32","gag[nail]N šum[garlic]N širdili[~garlic]N","{ŋeš}gag šum₂ šir-dili",0,"gag[nail]N_šum[garlic]N_širdili[~garlic]N"
"P271771",32,"o iii 9","zabalum[juniper]N","{ŋeš}za-ba-lum",0,"zabalum[juniper]N"
"Q000039",391,"348","usan[whip]N","{ŋeš}usan₃",0,"usan[whip]N"
"P332934",353,"r iv 10","{ŋeš}šu-mar[NA]NA gigir[chariot]N","{ŋeš}šu-mar gigir",0,"{ŋeš}šu-mar[NA]NA_gigir[chariot]N"
"P247543",3,"o 1","ma[ship]N u[ten]NU gur[unit]N","{ŋeš}ma₂ u gur",0,"ma[ship]N_u[ten]NU_gur[unit]N"
"Q000039",261,"225","bad[leg]N ŋešnud[bed]N","{ŋeš}bad nud",0,"bad[leg]N_ŋešnud[bed]N"
"P271911",448,"r ii 50","mete[appropriate-thing]N gud.si.AŠ[ram]N","me-te gud-si-AŠ",0,"mete[appropriate-thing]N_gud.si.AŠ[ram]N"
"P253866",60,"o ii 24'","guza[chair]N ŋarza[rites]N","{ŋeš}gu-za ŋarza₂",0,"guza[chair]N_ŋarza[rites]N"
"P273880",597,"c iv 31","gur[rim]N balaŋ[instrument]N","{ŋeš}gur₂ balaŋ",0,"gur[rim]N_balaŋ[instrument]N"
"P447996",177,"r ii 14","ma[ship]N gal[big]V/i","{ŋeš}ma₂ gal-gal",0,"ma[ship]N_gal[big]V/i"
"P251686",5,"o 2","guza[chair]N šuniŋin[total]N","{ŋeš}gu-za šu-niŋin₂",0,"guza[chair]N_šuniŋin[total]N"
"P250736",218,"r ii 22","lamdre[vat]N","{dug}lam-di",0,"lamdre[vat]N"
"P235262",9,"a i 5'","peš[fig]N","{ŋeš}peš₃",0,"peš[fig]N"
"Q000039",170,"144","dibdib[waterclock]N","{ŋeš}dib-dib",0,"dibdib[waterclock]N"
"Q000001",499,"495","uzu[flesh]N KUD[NA]NA","uzu KUD",0,"uzu[flesh]N_KUD[NA]NA"
"P370399",15,"o i 12'","{ŋeš}IŠ[NA]NA ŋešnimbar[palm]N","{ŋeš}IŠ ŋešnimbar",0,"{ŋeš}IŠ[NA]NA_ŋešnimbar[palm]N"
"P271301",44,"o i 41","hašhur[apple]N kur[mountain]N","{ŋeš}hašhur kur",0,"hašhur[apple]N_kur[mountain]N"
"P388265",90,"iv 7","gilim[foliage]N ana[upper]AJ","{ŋeš}gilim an-na",0,"gilim[foliage]N_ana[upper]AJ"
"P388265",119,"iv 36","suhur[tuft]N ŋešnimbar[palm]N","{ŋeš}suhur ŋešnimbar",0,"suhur[tuft]N_ŋešnimbar[palm]N"
"P247864",269,"o v 17","niŋ[thing]N min[two]NU giŋ[unit]N","{ŋeš}niŋ₂ min giŋ₄",0,"niŋ[thing]N_min[two]NU_giŋ[unit]N"
"P271301",288,"r i 16","na[box]N A-TE{ki}[NA]NA","{ŋeš}na A-TE{ki}",0,"na[box]N_A-TE{ki}[NA]NA"
"P388265",135,"r i 13","šu[hand]N ninda[seed-funnel]N apin[plow]N","{ŋeš}šu ninda apin",0,"šu[hand]N_ninda[seed-funnel]N_apin[plow]N"
"P250736",44,"o ii 16","sa[bundle]N garadin[bundle]N","{gi}sa garadin",0,"sa[bundle]N_garadin[bundle]N"
"P271792",20,"r 15'","x-x[NA]NA","x-x",0,"x-x[NA]NA"
"P437074",177,"c ii 10'","{ŋeš}x[NA]NA x[NA]NA","{ŋeš}x x",0,"{ŋeš}x[NA]NA_x[NA]NA"
"Q000001",82,"82","udu[sheep]N šu[hand]N saŋ[head]N dug[speak]V/t","udu šu saŋ dug₄",0,"udu[sheep]N_šu[hand]N_saŋ[head]N_dug[speak]V/t"
"P250363",5,"o 4'","ig[door]N eren[cedar]N","{ŋeš}ig {ŋeš}eren",0,"ig[door]N_eren[cedar]N"
"P235262",17,"a i 13'","hašhur[apple]N še[barley]N šeŋuš[barley]N","{ŋeš}hašhur še muš₅",0,"hašhur[apple]N_še[barley]N_šeŋuš[barley]N"
"P388265",181,"r ii 8","KI.KAL[bottom]N margida[cart]N","{u₂}sasₓ(|KI.KAL|) mar-gid₂-da",0,"KI.KAL[bottom]N_margida[cart]N"
"P346714",76,"r ii 44'","garig[comb]N x[NA]NA","{ŋeš}ga-rig₂ x",0,"garig[comb]N_x[NA]NA"
"P253866",61,"o ii 25'","guza[chair]N šah[pig]N šum[slaughter]V/t","{ŋeš}gu-za šah₂ šum",0,"guza[chair]N_šah[pig]N_šum[slaughter]V/t"
"Q000039",750,"679","dih[weed]N kur[mountain]N","{ŋeš}dih₃ kur",0,"dih[weed]N_kur[mountain]N"
"P459216",49,"ii 17","mes[tree]N Kiengir[1]GN","{ŋeš}mes ki-en-gi",0,"mes[tree]N_Kiengir[1]GN"
"P273880",388,"b iv 56","katapum[object]N","{ŋeš}ka-ta-pu-um",0,"katapum[object]N"
"Q000039",65,"52","eren[cedar]N","{ŋeš}eren",0,"eren[cedar]N"
"P459217",39,"ii 15'","manu[wood]N","{ŋeš}ma-nu",0,"manu[wood]N"
"P253228",55,"r i 19","mes[tree]N gigid[reed]N","{ŋeš}mes gi-gid₂",0,"mes[tree]N_gigid[reed]N"
"P271911",365,"unknown","unknown","unknown",1,"unknown"
"P459217",46,"ii 22'","KID.da[twig]N","{ŋeš}KID-da",0,"KID.da[twig]N"
"P250363",24,"r 11","{ŋeš}x-nam-ba-x[NA]NA","{ŋeš}x-nam-ba-x",0,"{ŋeš}x-nam-ba-x[NA]NA"
"P271911",111,"o ii 34","mudla[basket]N","{+mu-ud-la}BU",0,"mudla[basket]N"
"P271911",421,"r ii 29","x[NA]NA","x",0,"x[NA]NA"
"P388265",333,"r v 18","zu[tooth]N gud.si.AŠ[ram]N","{ŋeš}zu₂ gud-si-AŠ",0,"zu[tooth]N_gud.si.AŠ[ram]N"
"Q000039",128,"105","asal[poplar]N","{ŋeš}asal₂",0,"asal[poplar]N"
"P388265",317,"r v 2","{ŋeš}x[NA]NA ma[ship]N","{ŋeš}x ma₂",0,"{ŋeš}x[NA]NA_ma[ship]N"
"Q000039",742,"671","{ŋeš}URI[NA]NA","{ŋeš}URI",0,"{ŋeš}URI[NA]NA"
"P271911",494,"r iii 30","namnutare[~irrigation]N","nam-lu₂-da-ri-a",0,"namnutare[~irrigation]N"
"P271911",522,"unknown","unknown","unknown",1,"unknown"
"P459218",16,"o i 20'","šugi[bolt]N","{ŋeš}šu-ga",0,"šugi[bolt]N"
"P389511",9,"o 8","šagkal[tree]N","{ŋeš}šag₄-kal",0,"šagkal[tree]N"
"P271911",84,"o ii 12","niŋzu[~loom]N","niŋ₂-zu",0,"niŋzu[~loom]N"
"P347814",7,"a i 5'","ig[door]N e[house]N gal[big]V/i","{ŋeš}ig e₂ gu-la",0,"ig[door]N_e[house]N_gal[big]V/i"
"P273880",376,"b iv 43","arina[root]N","{ŋeš}i-ri₉-na",0,"arina[root]N"
"P273880",421,"c i 24","dur[board]N bisaŋ[basket]N gi[reed]N","{ŋeš}dur₂ {gi}bisaŋ gi",0,"dur[board]N_bisaŋ[basket]N_gi[reed]N"
"P250736",123,"o iv 16","masab[basket]N šu[hand]N","{gi}ma-sa₂-ab šu",0,"masab[basket]N_šu[hand]N"
"P459218",6,"unknown","unknown","unknown",8,"unknown"
"P388265",35,"ii 18","tir[forest]N","{ŋeš}tir",0,"tir[forest]N"
"P271301",72,"o ii 20","ildag[poplar]N tur[small]V/i","{ŋeš}ildag₂ tur",0,"ildag[poplar]N_tur[small]V/i"
"P459216",183,"r iv 15'","ŋešdal[crossbar]N margida[cart]N","ŋeš-dal mar-gid₂-da",0,"ŋešdal[crossbar]N_margida[cart]N"
"P347814",242,"unknown","unknown","unknown",1,"unknown"
"P437074",169,"c ii 2'","{ŋeš}x[NA]NA","{ŋeš}x",0,"{ŋeš}x[NA]NA"
"P429503",58,"o ii 27","x-sig₇[NA]NA","x-sig₇",0,"x-sig₇[NA]NA"
"Q000001",357,"357","bir[locust]N ab[sea]N","bir₅ ab",0,"bir[locust]N_ab[sea]N"
"P370399",154,"o v 8'","ellag[ball]N","{ŋeš}ellag",0,"ellag[ball]N"
"P459216",9,"i 7","halub[tree]N","{ŋeš}ha-lu-ub₂",0,"halub[tree]N"
"P247864",360,"o vi 44","{ŋeš}x-x[NA]NA","{ŋeš}x-x",0,"{ŋeš}x-x[NA]NA"
"P250361",6,"o 4'","guza[chair]N munus[woman]N","{ŋeš}gu-za munus",0,"guza[chair]N_munus[woman]N"
"P271301",151,"o iii 39","ŋešnimbar[palm]N sissig[green]V/i","{ŋeš}ŋešnimbar sig₇-sig₇",0,"ŋešnimbar[palm]N_sissig[green]V/i"
"P271301",232,"o v 5'","ba[tool]N x-x[NA]NA","{ŋeš}ba x-x",0,"ba[tool]N_x-x[NA]NA"
"P271301",462,"r iv 43","eš[rope]N usan[whip]N","{ŋeš}eš₂ usan₃",0,"eš[rope]N_usan[whip]N"
"Q000001",79,"79","udu[sheep]N šum[slaughter]V/t","udu šum",0,"udu[sheep]N_šum[slaughter]V/t"
"P437074",172,"c ii 5'","buniŋ[trough]N x[NA]NA","{ŋeš}buniŋ(|LAGAB×A|) x",0,"buniŋ[trough]N_x[NA]NA"
"P271911",47,"o i 31'","mud[tube]N","mud",0,"mud[tube]N"
"P347814",100,"b i 25'","{ŋeš}x[NA]NA apin[plow]N","{ŋeš}x apin",0,"{ŋeš}x[NA]NA_apin[plow]N"
"P459216",93,"unknown","unknown","unknown",999,"unknown"
"P271301",208,"o iv 42","peškal[tree]N","{ŋeš}peš-kal",0,"peškal[tree]N"
"P250364",61,"o iv 1","{ŋeš}x[NA]NA","{ŋeš}x",0,"{ŋeš}x[NA]NA"
"P429503",178,"r iii' 21'","niŋgida[rod?]N margida[cart]N","{ŋeš}niŋ₂-gid₂-da mar-gid₂-da",0,"niŋgida[rod?]N_margida[cart]N"
"P492330",31,"r i 1'","{ŋeš}x[NA]NA","{ŋeš}x",0,"{ŋeš}x[NA]NA"
"Q000001",500,"496","uzu[flesh]N zingi[ankle-bone]N","uzu zi-in-gi₄",0,"uzu[flesh]N_zingi[ankle-bone]N"
"P332934",256,"o iv 27'","{ŋeš}luh-x[NA]NA","{ŋeš}luh-x",0,"{ŋeš}luh-x[NA]NA"
"P273880",188,"b i 38'","ŋešnud[bed]N dih[weed]N","ŋeš-nud {ŋeš}dih₃",0,"ŋešnud[bed]N_dih[weed]N"
"P429504",42,"r i 5'","guza[chair]N ŋeš-x[NA]NA","{ŋeš}gu-za ŋeš-x",0,"guza[chair]N_ŋeš-x[NA]NA"
"P271911",578,"unknown","unknown","unknown",1,"unknown"
"P388265",26,"unknown","unknown","unknown",2,"unknown"
"Q000001",343,"343","uman[insect]N DUN[NA]NA","umanₓ(|HI×AŠ₂|) DUN",0,"uman[insect]N_DUN[NA]NA"
"P247864",111,"o ii 48","ŋušur[beam]N","{ŋeš}ŋušur(|GA₂×NUN&NUN|)",0,"ŋušur[beam]N"
"P273880",7,"a i 3'","{ŋeš}x-x[NA]NA","{ŋeš}x-x",0,"{ŋeš}x-x[NA]NA"
"P253233",55,"r ii 5'","{ŋeš}x[NA]NA","{ŋeš}x",0,"{ŋeš}x[NA]NA"
"P332934",51,"o i 47","šenu[tree]N","{ŋeš}še-nu₂",0,"šenu[tree]N"
"P388265",310,"r iv 51","{ŋeš}x[NA]NA","{ŋeš}x",0,"{ŋeš}x[NA]NA"
"P271911",163,"unknown","unknown","unknown",1,"unknown"
"P247864",39,"o i 36","{ŋeš}ŠID-da[NA]NA","{ŋeš}ŠID-da",0,"{ŋeš}ŠID-da[NA]NA"
"Q000001",445,"444","uzu[flesh]N šag[heart]N us[follow]V/t","uzu šag₄ us₂",0,"uzu[flesh]N_šag[heart]N_us[follow]V/t"
"Q000039",739,"668","{ŋeš}KAL[NA]NA","{ŋeš}KAL",0,"{ŋeš}KAL[NA]NA"
"Q000039",421,"376","ig[door]N i[oil]N","{ŋeš}ig i₃",0,"ig[door]N_i[oil]N"
"P388265",411,"r vi 55","gal[big]V/i","{ŋeš}gal",0,"gal[big]V/i"
"P346714",11,"r i 07'","{ŋeš}x[NA]NA","{ŋeš}x",0,"{ŋeš}x[NA]NA"
"P247864",293,"o v 41","buniŋ[trough]N","{ŋeš}|A.LAGAB×A|",0,"buniŋ[trough]N"
"P429503",68,"o iii 7","gag[nail]N kiri[orchard]N","{ŋeš}gag {ŋeš}kiri₆",0,"gag[nail]N_kiri[orchard]N"
"P271911",360,"r i 44'","mar[shovel]N šerah[shovel]N innu[straw]N","mar še-ra-ah in-nu",0,"mar[shovel]N_šerah[shovel]N_innu[straw]N"
"P247864",347,"o vi 31","{ŋeš}x-x[NA]NA","{ŋeš}x-x",0,"{ŋeš}x-x[NA]NA"
"P249794",11,"r 4","mar[shovel]N x[NA]NA","{ŋeš}mar x",0,"mar[shovel]N_x[NA]NA"
"P250363",16,"r 3","siŋar[bolt]N","{ŋeš}si-ŋar",0,"siŋar[bolt]N"
"P346714",173,"r v 09'","mar[shovel]N lugud[short]V/i","{ŋeš}mar lugud₂",0,"mar[shovel]N_lugud[short]V/i"
"P271301",32,"o i 29","papal[bud]N ŋeštin[vine]N","{ŋeš}pa-pa-al ŋeštin",0,"papal[bud]N_ŋeštin[vine]N"
"P459216",69,"iii 8","dala[thorn]N ŋešnimbar[palm]N","{ŋeš}dala₂ ŋešnimbar",0,"dala[thorn]N_ŋešnimbar[palm]N"
"P235262",114,"d ii 19'","endur[navel?]N margida[cart]N","{ŋeš}en₃-dur mar-gid₂-da",0,"endur[navel?]N_margida[cart]N"
"P271911",48,"o i 32'","gag[nail]N mud[tube]N","gag mud",0,"gag[nail]N_mud[tube]N"
"P347814",11,"a i 9'","ig[door]N miriza[plank]N","{ŋeš}ig mi-ri₂-za",0,"ig[door]N_miriza[plank]N"
"P247864",263,"o v 11","niŋ[thing]N šušana[fraction]N sila[unit]N","{ŋeš}niŋ₂ šušana sila₃",0,"niŋ[thing]N_šušana[fraction]N_sila[unit]N"
"P388330",5,"o 4","hašhur[apple]N še[barley]N eštub[carp]N","{ŋeš}hašhur še eštub",0,"hašhur[apple]N_še[barley]N_eštub[carp]N"
"P228096",9,"o i 7","kirid[clasp]N","{ŋeš}kirid",0,"kirid[clasp]N"
"P370399",137,"o iv 34'","ig[door]N KAK-AD[NA]NA","{ŋeš}ig KAK-AD",0,"ig[door]N_KAK-AD[NA]NA"
"P251867",4,"o 3","Makarnuntaʾea[1]ON","{ŋeš}ma₂-kar-nam-nun-ta-e₃-a",0,"Makarnuntaʾea[1]ON"
"P271911",232,"o iv 6","gag[nail]N šum[garlic]N širdili[~garlic]N","gag šum₂ šir-dili",0,"gag[nail]N_šum[garlic]N_širdili[~garlic]N"
"P447996",27,"o iii 23","ildag[poplar]N x[NA]NA","{ŋeš}ildag₂ x",0,"ildag[poplar]N_x[NA]NA"
"P459217",123,"r i 10'","gizulumma[nettle?]N","{ŋeš}gi-zu₂-lum-na",0,"gizulumma[nettle?]N"
"P459217",148,"r ii 17'","tun[container]N x[NA]NA","{ŋeš}tun₃ x",0,"tun[container]N_x[NA]NA"
"P332930",20,"b.e. 4","mala[boat]N","ma₂-la-la₂",0,"mala[boat]N"
"P250736",158,"r i 12","halzig[container]N","{gi}hal-zi-ig",0,"halzig[container]N"
"P250736",199,"r ii 3","{dug}x-x[NA]NA","{dug}x-x",0,"{dug}x-x[NA]NA"
"P273880",339,"b iv 2","dim[post]N maršum[bed]N","{ŋeš}dim₃ mar-šu",0,"dim[post]N_maršum[bed]N"
"P492330",20,"o ii 3","tukul[weapon]N šeŋ[rain]V/i","{ŋeš}tukul šeŋ₃-šeŋ₃",0,"tukul[weapon]N_šeŋ[rain]V/i"
"P250736",185,"r i 39","{gi}u₂-ŋiri₃[NA]NA kud[cut]V/t","{gi}u₂-ŋiri₃ kud",0,"{gi}u₂-ŋiri₃[NA]NA_kud[cut]V/t"
"P271301",436,"r iv 17","{ŋeš}kab-MU[NA]NA gigir[chariot]N","{ŋeš}kab-MU gigir",0,"{ŋeš}kab-MU[NA]NA_gigir[chariot]N"
"P271301",393,"r iii 26","{ŋeš}x[NA]NA","{ŋeš}x",0,"{ŋeš}x[NA]NA"
"P346866",2,"o 1","gilim[foliage]N ana[upper]AJ","{ŋeš}gilim an-na",0,"gilim[foliage]N_ana[upper]AJ"
"P273880",271,"b ii 64","banšur[table]N tur[small]V/i","{ŋeš}banšurₓ(|URU×IGI.URUDA|) tur",0,"banšur[table]N_tur[small]V/i"
"P271911",219,"o iii 59'","alšub[tool]N","al-u₃-šub",0,"alšub[tool]N"
"P388265",102,"iv 19","peš[frond]N ŋešnimbar[palm]N","{ŋeš}peš ŋešnimbar",0,"peš[frond]N_ŋešnimbar[palm]N"
"P271911",399,"r ii 13","harmušen[snare]N","har-mušen",0,"harmušen[snare]N"
"P271911",60,"unknown","unknown","unknown",1,"unknown"
"P447996",7,"o iii 3'","lamgal[nut]N","{ŋeš}lam-gal",0,"lamgal[nut]N"
"P273880",528,"c iii 13","su[fibers]N ŋešnimbar[palm]N","{ŋeš}su₁₁ ŋešnimbar",0,"su[fibers]N_ŋešnimbar[palm]N"
"P253899",2,"o 1","lamgal[nut]N","{ŋeš}lam-gal",0,"lamgal[nut]N"
"P388265",294,"r iv 34","ilila[lever]N","{ŋeš}il₂-il₂",0,"ilila[lever]N"
"P437074",154,"c i 19'","gam[crook]N ŋešnud[bed]N","{ŋeš}kab nud",0,"gam[crook]N_ŋešnud[bed]N"
"P429503",174,"r iii' 17'","zara[pivot]N margida[cart]N","{ŋeš}za-ra mar-gid₂-da",0,"zara[pivot]N_margida[cart]N"
"Q000001",237,"237","amar[young]N gunu[speckled]V/i","amar gun₃",0,"amar[young]N_gunu[speckled]V/i"
"P347814",252,"unknown","unknown","unknown",1,"unknown"
"P429503",91,"unknown","unknown","unknown",999,"unknown"
"P429503",74,"o iii 13","ŋešnimbar[palm]N x[NA]NA","{ŋeš}ŋešnimbar x",0,"ŋešnimbar[palm]N_x[NA]NA"
"P249383",5,"o 3","e[house]N gigir[chariot]N","{ŋeš}e₂ gigir",0,"e[house]N_gigir[chariot]N"
"Q000001",119,"119","u[ewe]N si[horn]N mu[grow]V/t","u₈ si mu₂",0,"u[ewe]N_si[horn]N_mu[grow]V/t"
"P459217",137,"unknown","unknown","unknown",6,"unknown"
"P247864",244,"o iv 55","{ŋeš}KAL[NA]NA","{ŋeš}KAL",0,"{ŋeš}KAL[NA]NA"
"P271301",460,"r iv 41","usan[whip]N anše[equid]N","{ŋeš}usan₃ anše",0,"usan[whip]N_anše[equid]N"
"P459226",14,"o i 11'","peš[fig]N šergu[string]N","{ŋeš}peš₃ še-er-gu",0,"peš[fig]N_šergu[string]N"
"P370399",169,"o v 23'","naŋa[mortar]N ŋeši[sesame]N","{ŋeš}naŋa₃ {še}ŋeš-i₃",0,"naŋa[mortar]N_ŋeši[sesame]N"
"P253238",13,"o 10'","še[cone]N usuh[tree]N","{ŋeš}še u₃-suh₅",0,"še[cone]N_usuh[tree]N"
"P250361",5,"o 3'","guza[chair]N","{ŋeš}gu-za",0,"guza[chair]N"
"P250364",87,"o v 8","sahir[net]N AN-gin₇[NA]NA","{ŋeš}sa-har AN-gin₇",0,"sahir[net]N_AN-gin₇[NA]NA"
"P273880",34,"a ii 1'","dub[knee]N bar[outside]V/t apin[plow]N","{ŋeš}dub₃ bar apin",0,"dub[knee]N_bar[outside]V/t_apin[plow]N"
"Q000039",66,"52a","mud[blood]N eren[cedar]N","{ŋeš}mud₂ eren",0,"mud[blood]N_eren[cedar]N"
"P271301",464,"r iv 45","margida[cart]N Subir[1]GN","{ŋeš}mar-gid₂-da su-bir₄{ki}",0,"margida[cart]N_Subir[1]GN"
"P273880",492,"unknown","unknown","unknown",2,"unknown"
"P247864",152,"o iii 26","{ŋeš}x-x[NA]NA x[NA]NA x[NA]NA","{ŋeš}x-x x x",0,"{ŋeš}x-x[NA]NA_x[NA]NA_x[NA]NA"
"P332934",351,"r iv 8","e[house]N gigir[chariot]N","{ŋeš}e₂ gigir",0,"e[house]N_gigir[chariot]N"
"Q000039",331,"293","Madurahabzu[1]ON","{ŋeš}ma₂-durah-abzu",0,"Madurahabzu[1]ON"
"P459216",110,"r i 15'","{ŋeš}x[NA]NA","{ŋeš}x",0,"{ŋeš}x[NA]NA"
"Q000001",292,"292","urdib[cub]N","ur-dib",0,"urdib[cub]N"
"Q000039",56,"48","KID.da[twig]N sil[split]V/i","{ŋeš}KID-da zil",0,"KID.da[twig]N_sil[split]V/i"
"P347814",36,"a ii 7'","{ŋeš}x[NA]NA","{ŋeš}x",0,"{ŋeš}x[NA]NA"
"P271771",13,"o ii 11","šennur[plum]N","{ŋeš}šennur(|GIŠ%GIŠ|)",0,"šennur[plum]N"
"Q000001",451,"450","uzu[flesh]N gaba[chest]N","uzu gaba",0,"uzu[flesh]N_gaba[chest]N"
"Q000001",298,"298","piriŋ[lion]N kag[mouth]N duh[loosen]V/t","piriŋ ka duh",0,"piriŋ[lion]N_kag[mouth]N_duh[loosen]V/t"
"P332934",322,"r iii 25'","ti[rib]N ma[ship]N","{ŋeš}ti ma₂",0,"ti[rib]N_ma[ship]N"
"P273880",715,"d iii 6'","zana[doll]N","{ŋeš}za-na",0,"zana[doll]N"
"P388265",90,"iv 7","gilim[foliage]N ana[upper]AJ","{ŋeš}gilim an-na",0,"gilim[foliage]N_ana[upper]AJ"
"P437074",51,"b i 12''","gizulumma[nettle?]N","{ŋeš}gi-zu₉-lum-ma",0,"gizulumma[nettle?]N"
"Q000001",368,"368","pešniŋgilima[rodent]N","peš₂-niŋ₂-gilim-ma",0,"pešniŋgilima[rodent]N"
"P347814",217,"c ii 23'","mar[shovel]N x[NA]NA","{ŋeš}mar x",0,"mar[shovel]N_x[NA]NA"
"P271301",56,"o ii 4","pa[branch]N usuh[tree]N","{ŋeš}pa u₃-suh₅",0,"pa[branch]N_usuh[tree]N"
"P247864",290,"o v 38","{ŋeš}x-x-x[NA]NA","{ŋeš}x-x-x",0,"{ŋeš}x-x-x[NA]NA"
"P273880",477,"c ii 21","magaz[bench]N","{ŋeš}ma₂-gaz",0,"magaz[bench]N"
"P250736",303,"r iv 21","šeg[brick]N alura[baked]AJ","šeg₁₂ al-ur₃-ra",0,"šeg[brick]N_alura[baked]AJ"
"P247864",79,"o ii 16","{ŋeš}x-x[NA]NA ŋešnimbar[palm]N","{ŋeš}x-x ŋešnimbar",0,"{ŋeš}x-x[NA]NA_ŋešnimbar[palm]N"
"P247864",5,"o i 2","šurmen[cypress]N","{ŋeš}šu-ur₂-min₃",0,"šurmen[cypress]N"
"P253228",62,"r ii 1'","mes[tree]N x-x[NA]NA","{ŋeš}mes x-x",0,"mes[tree]N_x-x[NA]NA"
"P253866",39,"o ii 3'","ŋirigub[footstool]N","{ŋeš}ŋiri₃-gub",0,"ŋirigub[footstool]N"
"P271911",239,"o iv 11","dupsik[basket]N zala[smashed]N","dupsik zag-lal₂",0,"dupsik[basket]N_zala[smashed]N"
"P271911",282,"o iv 46","sa[net]N hurda[mat-door]N","sa hur-da",0,"sa[net]N_hurda[mat-door]N"
"P250363",17,"r 4","{ŋeš}ŠU[NA]NA siŋar[bolt]N","{ŋeš}ŠU si-ŋar",0,"{ŋeš}ŠU[NA]NA_siŋar[bolt]N"
"P251649",2,"o 1","ŋeš[tree]N 1/2[NA]NA giŋ[unit]N","ŋeš 1/2 giŋ₄",0,"ŋeš[tree]N_1/2[NA]NA_giŋ[unit]N"
"P273880",606,"c iv 40","uh[weathervane]N x[NA]NA","{ŋeš}uh₂ x",0,"uh[weathervane]N_x[NA]NA"
"Q000001",456,"455","uzu[flesh]N ŋiripadra[bone]N","uzu ŋiri₃-pad-ra₂",0,"uzu[flesh]N_ŋiripadra[bone]N"
"P332934",289,"r iii 16","ma[ship]N kud[cut]V/t","{ŋeš}ma₂ kud",0,"ma[ship]N_kud[cut]V/t"
"P271771",111,"r i 17'","šuʾa[stool]N suhsah[sound]N","{ŋeš}šuaₓ(|ŠU₂×(A.DIŠ)|) suh₃-sah₄",0,"šuʾa[stool]N_suhsah[sound]N"
"P250364",134,"unknown","unknown","unknown",999,"unknown"
"Q000001",502,"498","uzu[flesh]N ŋeš[penis]N","uzu ŋeš₃",0,"uzu[flesh]N_ŋeš[penis]N"
"P347814",43,"a ii 14'","{ŋeš}x[NA]NA","{ŋeš}x",0,"{ŋeš}x[NA]NA"
"Q000039",615,"552a","illar[weapon]N šu[hand]N lugal[king]N","{ŋeš}illar šu lugal",0,"illar[weapon]N_šu[hand]N_lugal[king]N"
"P271301",223,"o iv 57","si[horn]N saŋ-KEŠ₂[NA]NA","{ŋeš}si saŋ-KEŠ₂",0,"si[horn]N_saŋ-KEŠ₂[NA]NA"
"P271911",515,"r iii 46","saŋ[head]N ŋeš[tree]N","saŋ ŋeš",0,"saŋ[head]N_ŋeš[tree]N"
"P228596",1,"1","ganum[stand]N gal[big]V/i","{ŋeš}gan-nu-um gu-la",0,"ganum[stand]N_gal[big]V/i"
"P271301",133,"o iii 21","ŋešnimbar[palm]N","{ŋeš}ŋešnimbar",0,"ŋešnimbar[palm]N"
"Q000039",50,"43","manu[wood]N šu[hand]N ak[do]V/t","{ŋeš}ma-nu šu ak",0,"manu[wood]N_šu[hand]N_ak[do]V/t"
"P273880",50,"a ii 24'","x-x[NA]NA apin[plow]N","x-x apin",0,"x-x[NA]NA_apin[plow]N"
"P271771",26,"o iii 3","mes.TU[tree]N","{ŋeš}mes-TU",0,"mes.TU[tree]N"
"P437074",114,"unknown","unknown","unknown",999,"unknown"
"P273880",140,"a iv 37'","guza[chair]N x-x[NA]NA","{ŋeš}gu-za x-x",0,"guza[chair]N_x-x[NA]NA"
"P250364",156,"r iii 22'","šaʾuša[lance]N","{ŋeš}ša-u₁₉-ša",0,"šaʾuša[lance]N"
"P370399",177,"o v 31'","garig[comb]N munus[woman]N","{ŋeš}ga-rig₂ munus",0,"garig[comb]N_munus[woman]N"
"Q000001",46,"46","udu[sheep]N maššugidgid[diviner]N","udu maš₂-šu-gid₂-gid₂",0,"udu[sheep]N_maššugidgid[diviner]N"
"P429503",45,"o ii 14","ildag[poplar]N tur[small]V/i","{ŋeš}ildag₂ tur",0,"ildag[poplar]N_tur[small]V/i"
"P228096",16,"o i 14","garig[comb]N pamušenak[wing]N","{ŋeš}ga-rig₂ pa-mušen",0,"garig[comb]N_pamušenak[wing]N"
"P235262",33,"c ii 6'","dilim[spoon]N gal[big]V/i","{ŋeš}dilim₂ gal",0,"dilim[spoon]N_gal[big]V/i"
"P459217",94,"iv 16","{ŋeš}LAGAB[NA]NA ŋešnimbar[palm]N","{ŋeš}LAGAB ŋešnimbar",0,"{ŋeš}LAGAB[NA]NA_ŋešnimbar[palm]N"
"P447996",42,"o iv 11","KID.da[twig]N","{ŋeš}KID-da",0,"KID.da[twig]N"
"P235262",58,"d i 1'","{ŋeš}LUM[NA]NA AŠ₂[NA]NA ma[ship]N","{ŋeš}LUM AŠ₂ ma₂",0,"{ŋeš}LUM[NA]NA_AŠ₂[NA]NA_ma[ship]N"
"P273880",121,"a iv 9'","namzaqum[key]N","{ŋeš}nam-za-qum",0,"namzaqum[key]N"
"P228596",7,"7","ganum[stand]N ki-sig[NA]NA","{ŋeš}gan-nu-um ki-sig",0,"ganum[stand]N_ki-sig[NA]NA"
"P273880",348,"b iv 11","tigidlu[instrument]N kaskal[way]N","{ŋeš}tigidla kaskal",0,"tigidlu[instrument]N_kaskal[way]N"
"P459218",45,"o ii 25'","ellag[ball]N","{ŋeš}ellag",0,"ellag[ball]N"
"Q000039",644,"578","nisakar[agricultural-tool]N","{ŋeš}ni₃-sakar",0,"nisakar[agricultural-tool]N"
"P429503",75,"o iii 14","ŋešnimbar[palm]N x[NA]NA","{ŋeš}ŋešnimbar x",0,"ŋešnimbar[palm]N_x[NA]NA"
"P273244",11,"r 4","ig[door]N ŋešnimbar[palm]N","{ŋeš}ig {ŋeš}ŋešnimbar",0,"ig[door]N_ŋešnimbar[palm]N"
"P247864",83,"o ii 20","su[fibers]N gal[big]V/i ŋešnimbar[palm]N","{ŋeš}su₁₁ gu-la ŋešnimbar",0,"su[fibers]N_gal[big]V/i_ŋešnimbar[palm]N"
"Q000001",222,"222","amar[young]N","amar",0,"amar[young]N"
"P225065",4,"unknown","unknown","unknown",1,"unknown"
"Q000039",747,"676","dih[weed]N","{ŋeš}dih₃",0,"dih[weed]N"
"P250736",137,"o iv 30","{gi}x-x-KID[NA]NA","{gi}x-x-KID",0,"{gi}x-x-KID[NA]NA"
"P347814",141,"b ii 25'","gagsisa[arrow]N","{ŋeš}gag-si-sa₂",0,"gagsisa[arrow]N"
"P271911",409,"r ii 20","urgula[instrument]N","ur-gu-la",0,"urgula[instrument]N"
"P253866",111,"r i 14","x-x[NA]NA","x-x",0,"x-x[NA]NA"
"P250736",144,"o iv 37","gisu[instrument]N","gi-su₃",0,"gisu[instrument]N"
"P271301",246,"o v 19'","guza[chair]N nimala[~chair]N","{ŋeš}gu-za ni₂-ma-la₂",0,"guza[chair]N_nimala[~chair]N"
"Q000039",134,"111","ad[bush]N","{ŋeš}ad₂",0,"ad[bush]N"
"P388265",389,"r vi 30","dilim[spoon]N banšur[table]N","{ŋeš}dilim₂ banšurₓ(|URU×IGI|)",0,"dilim[spoon]N_banšur[table]N"
"P429503",132,"r ii' 8'","adus[plank]N ma[ship]N","{ŋeš}ad-du₅ ma₂",0,"adus[plank]N_ma[ship]N"
"Q000001",380,"379","šah[pig]N udšuš[daily]AJ","šah₂ ud-šu₂-uš",0,"šah[pig]N_udšuš[daily]AJ"
"P228105",13,"o i 11'","nisiki[comb]N","{ŋeš}UMBIN",0,"nisiki[comb]N"
"Q000001",190,"190","gud[ox]N kur[mountain]N","gud kur",0,"gud[ox]N_kur[mountain]N"
"P388330",7,"o 6","hašhur[apple]N kurdilum[fruit-tree]N","{ŋeš}hašhur kur-di-lum",0,"hašhur[apple]N_kurdilum[fruit-tree]N"
"P346714",159,"unknown","unknown","unknown",1,"unknown"
"P332934",196,"o iii 32","ŋešnimbar[palm]N gurum[bend]V/t","{ŋeš}ŋešnimbar gurum",0,"ŋešnimbar[palm]N_gurum[bend]V/t"
"P429504",9,"o ii' 3","ŋešnimbar[palm]N uhin[date]N ses[bitter]V/i","{ŋeš}ŋešnimbar u₄-hi-in ses",0,"ŋešnimbar[palm]N_uhin[date]N_ses[bitter]V/i"
"P347814",188,"c i 44'","dur[board]N šeg[brick]N","{ŋeš}dur₂ šeg₁₂",0,"dur[board]N_šeg[brick]N"
"P271771",61,"o iv 17","su[fibers]N sig[weak]V/i ŋešnimbar[palm]N","{ŋeš}su₁₁ sig₂ ŋešnimbar",0,"su[fibers]N_sig[weak]V/i_ŋešnimbar[palm]N"
"P271301",288,"r i 16","na[box]N A-TE{ki}[NA]NA","{ŋeš}na A-TE{ki}",0,"na[box]N_A-TE{ki}[NA]NA"
"P271301",370,"r iii 3","ma[ship]N hedu[ornament]N","{ŋeš}ma₂ he₂-du₇",0,"ma[ship]N_hedu[ornament]N"
"Q000001",359,"359","bir[locust]N tur[small]V/i","bir₅ tur-tur",0,"bir[locust]N_tur[small]V/i"
"P332934",198,"o iii 34","andul[shade]N gilim-la₂[NA]NA ŋešnimbar[palm]N","{ŋeš}an-dul gilim-la₂ ŋešnimbar",0,"andul[shade]N_gilim-la₂[NA]NA_ŋešnimbar[palm]N"
"P273880",322,"b iii 50","illar[weapon]N eban[pair]N","{ŋeš}illar e₂-pa-an",0,"illar[weapon]N_eban[pair]N"
"P347814",161,"c i 16'","ŋisal[rudder]N","{ŋeš}ŋisal",0,"ŋisal[rudder]N"
"P459227",6,"o i 3'","x-AGA[NA]NA","x-AGA",0,"x-AGA[NA]NA"
"P273880",434,"c i 39","KID.da[twig]N","{ŋeš}KID-da",0,"KID.da[twig]N"
"P347814",25,"a i 40'","x-DU-DU[NA]NA","x-DU-DU",0,"x-DU-DU[NA]NA"
"P409466",2,"o 1","ma[ship]N {d}ti-il[NA]NA Enlil[1]DN","{ŋeš}ma₂ {d}ti-il {d}en-lil₂",0,"ma[ship]N_{d}ti-il[NA]NA_Enlil[1]DN"
"P332934",43,"o i 39","hašhur[apple]N kurdilum[fruit-tree]N","{ŋeš}hašhur gur-di-mi-an-nu-um",0,"hašhur[apple]N_kurdilum[fruit-tree]N"
"P271911",214,"o iii 55'","al[hoe]N zu[tooth]N min[two]NU","al zu₂ min₅",0,"al[hoe]N_zu[tooth]N_min[two]NU"
"P273880",56,"a ii 30'","apin[plow]N tugsaga[plow]N","{ŋeš}apin šu-sag₈-ga",0,"apin[plow]N_tugsaga[plow]N"
"P388265",143,"r i 21","ŋeštug[~plow]N apin[plow]N","{ŋeš}ŋeštug apin",0,"ŋeštug[~plow]N_apin[plow]N"
"P271911",614,"r v 11","alan[statue]N","alan",0,"alan[statue]N"
"P247864",170,"o iii 44","gag[nail]N zara[pivot]N ŋušur[harrow]N","{ŋeš}gag za-ra gana₂-ur₃",0,"gag[nail]N_zara[pivot]N_ŋušur[harrow]N"
"P332930",15,"o 13","magilum[boat]N","{ŋeš}ma₂-gi-lum",0,"magilum[boat]N"
"P250736",283,"r iv 1","x-x-x-ra[NA]NA","x-x-x-ra",0,"x-x-x-ra[NA]NA"
"P271911",57,"o i 38'","suhur[tool]N gud[ox]N","suhur gud",0,"suhur[tool]N_gud[ox]N"
"Q000039",423,"378","ig[door]N leʾum[board]N","{ŋeš}ig li",0,"ig[door]N_leʾum[board]N"
"P271911",280,"o iv 44","sa[net]N mah[great]V/i","sa mah",0,"sa[net]N_mah[great]V/i"
"Q000039",519,"463","leʾum[board]N apin[plow]N","{ŋeš}le apin",0,"leʾum[board]N_apin[plow]N"
"Q000039",745,"674","kiri[nose]N gud[ox]N","{ŋeš}kiri₃ gud",0,"kiri[nose]N_gud[ox]N"
"P253228",51,"r i 15","ildag[poplar]N kur[mountain]N","{ŋeš}ildag₂ kur",0,"ildag[poplar]N_kur[mountain]N"
"P447996",105,"o v 30","ŋešnimbar[palm]N","{ŋeš}ŋešnimbar",0,"ŋešnimbar[palm]N"
"Q000039",393,"350","{ŋeš}ama[NA]NA usan[whip]N","{ŋeš}ama usan₃",0,"{ŋeš}ama[NA]NA_usan[whip]N"
"P347814",36,"a ii 7'","{ŋeš}x[NA]NA","{ŋeš}x",0,"{ŋeš}x[NA]NA"
"Q000001",348,"348","nim[fly]N urbara[wolf]N","nim ur-bar-ra",0,"nim[fly]N_urbara[wolf]N"
"Q000001",30,"30","udu[sheep]N ib[hips]N gig[sick]V/i","udu ib₂ gig",0,"udu[sheep]N_ib[hips]N_gig[sick]V/i"
"Q000039",154,"130","maš[plant]N","{ŋeš}maš",0,"maš[plant]N"
"Q000001",142,"142","maš[goat]N lipiš[innards]N","maš₂ lipiš",0,"maš[goat]N_lipiš[innards]N"
"P273880",426,"c i 31","bar[outside]V/t ešŋar[part-of-a-loom]N","{ŋeš}bar eš-ŋar",0,"bar[outside]V/t_ešŋar[part-of-a-loom]N"
"P253866",37,"o ii 1'","šibir[staff]N","{ŋeš}šibir",0,"šibir[staff]N"
"P347814",142,"b ii 26'","dim[post]N","{ŋeš}dim₃",0,"dim[post]N"
"P271792",20,"r 15'","x-x[NA]NA","x-x",0,"x-x[NA]NA"
"P250736",308,"r iv 26","lag[clod]N","lag",0,"lag[clod]N"
"P388265",130,"r i 8","apin[plow]N a[arm]N gud[ox]N","{ŋeš}apin a₂ gud",0,"apin[plow]N_a[arm]N_gud[ox]N"
"P429504",11,"o ii' 5","ŋešnimbar[palm]N uhin[date]N šag[heart]N ud[sun]N","{ŋeš}ŋešnimbar u₄-hi-in šag₄ ud",0,"ŋešnimbar[palm]N_uhin[date]N_šag[heart]N_ud[sun]N"
"Q000039",335,"295","Magurnubzu[1]ON","{ŋeš}ma₂-gur₈-nu-ub-zu",0,"Magurnubzu[1]ON"
"P429503",74,"o iii 13","ŋešnimbar[palm]N x[NA]NA","{ŋeš}ŋešnimbar x",0,"ŋešnimbar[palm]N_x[NA]NA"
"P447996",199,"r ii 36","mala[boat]N","{ŋeš}ma₂-la₂",0,"mala[boat]N"
"P273880",325,"b iii 53","x[NA]NA","x",0,"x[NA]NA"
"P254360",3,"o 1","e[house]N šudul[yoke]N apin[plow]N","{ŋeš}e₂ šudul₅ apin",0,"e[house]N_šudul[yoke]N_apin[plow]N"
"P332934",95,"o ii 12","manu[wood]N tur[small]V/i","{ŋeš}ma-nu tur-tur",0,"manu[wood]N_tur[small]V/i"
"P251649",4,"o 3","sa[net]N gal[big]V/i","{ŋeš}sa gal",0,"sa[net]N_gal[big]V/i"
"P271911",162,"o iii 11'","apin[plow]N akar[implement]N bir[scatter]V/t","apin a₂-kar₂ bir-bir",0,"apin[plow]N_akar[implement]N_bir[scatter]V/t"
"Q000039",257,"221","ŋešnud[bed]N šatuku[mattress]N siki[hair]N garig[comb]N ak[do]V/t","ŋeš-nud šag₄-tuku siki ga-rig₂ ak",0,"ŋešnud[bed]N_šatuku[mattress]N_siki[hair]N_garig[comb]N_ak[do]V/t"
"Q000039",596,"537","ŋidru[scepter]N harmušen[snare]N","{ŋeš}ŋidru har-mušen-na",0,"ŋidru[scepter]N_harmušen[snare]N"
"P429503",151,"r ii' 27'","x-x[NA]NA","x-x",0,"x-x[NA]NA"
"P273880",613,"c iv 47","sugin[rot]N","{ŋeš}sugin",0,"sugin[rot]N"
"P225033",4,"o i 1","targul[pole]N","{ŋeš}dar-gul",0,"targul[pole]N"
"P347814",172,"unknown","unknown","unknown",2,"unknown"
"Q000001",241,"241","anše[equid]N kaš[runner]N","anše kaš₄",0,"anše[equid]N_kaš[runner]N"
"P271771",56,"o iv 12","zena[midrib]N ana[upper]AJ ŋešnimbar[palm]N","{ŋeš}zi-na an-na ŋešnimbar",0,"zena[midrib]N_ana[upper]AJ_ŋešnimbar[palm]N"
"P346714",54,"r ii 22'","tugsaga[plow]N apin[plow]N","{ŋeš}tug₂-{+sa}saga₁₁ apin",0,"tugsaga[plow]N_apin[plow]N"
"P273880",599,"c iv 33","hilum[resin]N šagkal[tree]N","{ŋeš}hi-lum šag₄-kal",0,"hilum[resin]N_šagkal[tree]N"
"Q000001",161,"161","sila[lamb]N maš[goat]N","sila₄ maš₂",0,"sila[lamb]N_maš[goat]N"
"P250736",244,"r iii 5","utul[tureen]N na[stone]N","{dug}utul₂ na₄",0,"utul[tureen]N_na[stone]N"
"X100003",23,"r 7","tila[grapevine]N ŋeštin[vine]N","{ŋeš}illat {ŋeš}ŋeštin",0,"tila[grapevine]N_ŋeštin[vine]N"
"P271301",235,"o v 8'","ba[tool]N šab[cut]V/t","{ŋeš}ba šab",0,"ba[tool]N_šab[cut]V/t"
"P347814",285,"d ii 13'","{ŋeš}al-x-MA[NA]NA","{ŋeš}al-x-MA",0,"{ŋeš}al-x-MA[NA]NA"
"P250371",7,"o 5","si[horn]N gigir[chariot]N","{ŋeš}si gigir",0,"si[horn]N_gigir[chariot]N"
"P253866",67,"unknown","unknown","unknown",999,"unknown"
"P253230",31,"o ii 9","apin[plow]N tugsaga[plow]N","{ŋeš}apin dug₃-sig₁₈",0,"apin[plow]N_tugsaga[plow]N"
"Q000039",47,"40","ŋešaʾabak[tree]N Meluhha[1]GN","ŋeš-ab-ba me-luh-ha",0,"ŋešaʾabak[tree]N_Meluhha[1]GN"
"P346714",50,"r ii 18'","šudul[yoke]N apin[plow]N","{ŋeš}šu₂-dul₄ apin",0,"šudul[yoke]N_apin[plow]N"
"P459217",30,"ii 6'","peškal[tree]N","{ŋeš}peš₇-kal",0,"peškal[tree]N"
"P370399",112,"o iv 9'","DUB.du₃[~vehicle]N bar[outside]V/t","{ŋeš}ŠID bar",0,"DUB.du₃[~vehicle]N_bar[outside]V/t"
"P429504",44,"r i 7'","guza[chair]N gar[knob]N","{ŋeš}gu-za gar₃",0,"guza[chair]N_gar[knob]N"
"P271911",49,"unknown","unknown","unknown",1,"unknown"
"P459217",89,"iv 11","ligima[shoot]N ŋešnimbar[palm]N","{ŋeš}ligima ŋešnimbar",0,"ligima[shoot]N_ŋešnimbar[palm]N"
"P273880",669,"d ii 4'","ŋeš[tree]N dim[create]V/t","ŋeš dim₂",0,"ŋeš[tree]N_dim[create]V/t"
"P271301",245,"o v 18'","guza[chair]N munus[woman]N","{ŋeš}gu-za munus",0,"guza[chair]N_munus[woman]N"
"P370399",169,"o v 23'","naŋa[mortar]N ŋeši[sesame]N","{ŋeš}naŋa₃ {še}ŋeš-i₃",0,"naŋa[mortar]N_ŋeši[sesame]N"
"P273880",522,"c iii 7","mud[stump]N ŋešnimbar[palm]N","{ŋeš}mud ŋešnimbar",0,"mud[stump]N_ŋešnimbar[palm]N"
"P230849",9,"r 5","illur[tree]N","{ŋeš}il-lu-ur",0,"illur[tree]N"
"Q000039",412,"367","gag[nail]N šudul[yoke]N margida[cart]N","{ŋeš}gag šudul₄ mar-gid₂-da",0,"gag[nail]N_šudul[yoke]N_margida[cart]N"
"P250736",176,"r i 30","umbin[implement]N","{gi}umbin",0,"umbin[implement]N"
"P332939",58,"r ii' 2'","gag[nail]N x[NA]NA margida[cart]N","{ŋeš}gag x mar-gid₂-da",0,"gag[nail]N_x[NA]NA_margida[cart]N"
"P447996",171,"r ii 8","ma[ship]N hili[attractiveness]N","{ŋeš}ma₂ hi-li",0,"ma[ship]N_hili[attractiveness]N"
"P250364",66,"o iv 6","al[hoe]N","{ŋeš}al",0,"al[hoe]N"
"P459218",85,"o iv 3","{ŋeš}gan[NA]NA apin[plow]N","{ŋeš}gan apin",0,"{ŋeš}gan[NA]NA_apin[plow]N"
"P271911",346,"r i 32'","niŋgul[hatchet]N mud[tube]N","niŋ₂-gul mud",0,"niŋgul[hatchet]N_mud[tube]N"
"P370399",72,"o iii 11'","izzi[wall]N guza[chair]N","{ŋeš}ezem gu-za",0,"izzi[wall]N_guza[chair]N"
"P253230",32,"o ii 10","apin[plow]N zir[break]V/t","{ŋeš}apin zi",0,"apin[plow]N_zir[break]V/t"
"P247864",345,"o vi 29","x[NA]NA","x",0,"x[NA]NA"
"P347814",37,"a ii 8'","{ŋeš}x[NA]NA","{ŋeš}x",0,"{ŋeš}x[NA]NA"
"P271301",301,"r i 29","ŋešnud[bed]N kinud[bedroom]N","ŋeš-nud ki-nud",0,"ŋešnud[bed]N_kinud[bedroom]N"
"P459216",85,"iii 24","{ŋeš}x[NA]NA","{ŋeš}x",0,"{ŋeš}x[NA]NA"
"Q000001",507,"503","uzu[flesh]N inti[way]N","uzu in-ti",0,"uzu[flesh]N_inti[way]N"
"P332934",260,"o iv 31'","leʾum[board]N","{ŋeš}li₂-u₅-um",0,"leʾum[board]N"
"P247864",118,"o ii 55","ŋeštug[~plow]N apin[plow]N","{ŋeš}ŋeštug apin",0,"ŋeštug[~plow]N_apin[plow]N"
"Q000001",211,"211","ab[cow]N utud[bear]V/t","ab₂ u₃-tud",0,"ab[cow]N_utud[bear]V/t"
"P347814",227,"c ii 33'","dupsik[basket]N","{ŋeš}dupsik",0,"dupsik[basket]N"
"P271911",251,"o iv 21","a[arm]N DIŠ[NA]NA","a₂ DIŠ",0,"a[arm]N_DIŠ[NA]NA"
"P332934",333,"r iii 36'","gag[nail]N","{ŋeš}gag",0,"gag[nail]N"
"P225086",5,"o i 2","niŋ[thing]N x[NA]NA","{ŋeš}niŋ₂ x",0,"niŋ[thing]N_x[NA]NA"
"Q000039",374,"331a","{ŋeš}X[NA]NA kindu[earth]N gigir[chariot]N","{ŋeš}X ki-en-du gigir",0,"{ŋeš}X[NA]NA_kindu[earth]N_gigir[chariot]N"
"P388265",285,"r iv 25","ig[door]N papah[cella]N","{ŋeš}ig pap-pah",0,"ig[door]N_papah[cella]N"
"P437074",151,"c i 16'","ŋešnud[bed]N Uri[Akkad]GN","ŋeš-nud uri{ki}",0,"ŋešnud[bed]N_Uri[Akkad]GN"
"P332939",10,"o i 7","ŋešgana[tree]N babbar[white]V/i","ŋeš-kin₂ babbar",0,"ŋešgana[tree]N_babbar[white]V/i"
"P370399",36,"o ii 9'","{ŋeš}ŠU-x[NA]NA","{ŋeš}ŠU-x",0,"{ŋeš}ŠU-x[NA]NA"
"P273880",370,"b iv 37","kuŋ[stair]N bad[wall]N","{ŋeš}kuŋ₄ bad₃",0,"kuŋ[stair]N_bad[wall]N"
"Q000001",67,"67","udu[sheep]N lipiš[innards]N","udu lipiš",0,"udu[sheep]N_lipiš[innards]N"
"Q000001",388,"387","kiši[ant]N dal[fly]V/t","kiši₈ dal-dal",0,"kiši[ant]N_dal[fly]V/t"
"P271911",394,"unknown","unknown","unknown",1,"unknown"
"P253863",8,"unknown","unknown","unknown",1,"unknown"
"P271301",73,"o ii 21","kur[wood]N","{ŋeš}kur",0,"kur[wood]N"
"P247864",381,"unknown","unknown","unknown",999,"unknown"
"P459217",86,"iv 8","pa[branch]N ŋešnimbar[palm]N","{ŋeš}pa ŋešnimbar",0,"pa[branch]N_ŋešnimbar[palm]N"
"P273880",309,"b iii 37","al[hoe]N zu[tooth]N min[two]NU","{ŋeš}al zu₂ min",0,"al[hoe]N_zu[tooth]N_min[two]NU"
"P271911",417,"r ii 26","sa[sinew]N eš[three]NU","sa uš",0,"sa[sinew]N_eš[three]NU"
"P347814",213,"c ii 19","niŋ[thing]N x[NA]NA","{ŋeš}niŋ₂ x",0,"niŋ[thing]N_x[NA]NA"
"P273880",44,"a ii 11'","damga[~plow]N apin[plow]N","{ŋeš}da-ga apin",0,"damga[~plow]N_apin[plow]N"
"P370399",136,"o iv 33'","ig[door]N uma[triumph]N","{ŋeš}ig u₃-ma",0,"ig[door]N_uma[triumph]N"
"P332934",151,"o ii 67","ŋešnimbar[palm]N x[NA]NA","{ŋeš}ŋešnimbar x",0,"ŋešnimbar[palm]N_x[NA]NA"
"P429504",48,"r i 11'","guza[chair]N gar[knob]N x[NA]NA","{ŋeš}gu-za gar₃ x",0,"guza[chair]N_gar[knob]N_x[NA]NA"
"P250736",58,"o ii 32","dur[bond]N ana[upper-part]N X-me-eš[NA]NA","{gi}dur an-na X-me-eš",0,"dur[bond]N_ana[upper-part]N_X-me-eš[NA]NA"
"P273880",66,"a ii 48'","margida[cart]N šudu[equipped]AJ","{ŋeš}mar-gid₂-da šu-du₇",0,"margida[cart]N_šudu[equipped]AJ"
"P332934",303,"r iii 6'","ma[ship]N Idlurugu[1]DN","{ŋeš}ma₂ {d}id₂-lu₂-ru-gu₂",0,"ma[ship]N_Idlurugu[1]DN"
"P271911",514,"unknown","unknown","unknown",1,"unknown"
"P250736",56,"o ii 30","dur[bond]N","{gi}dur",0,"dur[bond]N"
"P429503",16,"o i 13","ŋeš[tree]N su[red]V/i","ŋeš sa₅",0,"ŋeš[tree]N_su[red]V/i"
"P388265",303,"r iv 44","SAL.UŠ[sheath]N x[NA]NA","{ŋeš}|SAL.UŠ| x",0,"SAL.UŠ[sheath]N_x[NA]NA"
"P273880",575,"c iv 7","{ŋeš}UD-x-x[NA]NA","{ŋeš}UD-x-x",0,"{ŋeš}UD-x-x[NA]NA"
"P459230",2,"o 1","ma[ship]N Ninurta[1]DN","{ŋeš}ma₂ {d}nin-urta",0,"ma[ship]N_Ninurta[1]DN"
"P250736",293,"r iv 11","im[clay]N kugsig[gold]N","im kug-sig₁₇",0,"im[clay]N_kugsig[gold]N"
"Q000039",163,"139","uluh[sapling]N","{ŋeš}u₃-luh",0,"uluh[sapling]N"
"P271301",467,"r iv 48","ŋešdal[crossbar]N margida[cart]N","ŋeš-dal mar-gid₂-da",0,"ŋešdal[crossbar]N_margida[cart]N"
"P332934",149,"o ii 65","ŋešnimbar[palm]N x[NA]NA","{ŋeš}ŋešnimbar x",0,"ŋešnimbar[palm]N_x[NA]NA"
"Q000039",148,"124a","zirdum[olive]N","{ŋeš}zi₂-ir-dum",0,"zirdum[olive]N"
"P332934",234,"o iv 5'","{ŋeš}zar-x[NA]NA","{ŋeš}zar-x",0,"{ŋeš}zar-x[NA]NA"
"P247543",5,"o 3","ma[ship]N ninnu[fifty]NU gur[unit]N","{ŋeš}ma₂ ninnu gur",0,"ma[ship]N_ninnu[fifty]NU_gur[unit]N"
"P271911",104,"o ii 29","garig[comb]N šukama[need]N","ga-rig₂ šu-kam₂-ma",0,"garig[comb]N_šukama[need]N"
"Q000039",72,"55","elammakum[tree]N","{ŋeš}e-la-ma-kum",0,"elammakum[tree]N"
"P273712",13,"r i 3","al[hoe]N GU₂[NA]NA saŋ[head]N","{ŋeš}al GU₂ saŋ",0,"al[hoe]N_GU₂[NA]NA_saŋ[head]N"
"P271911",38,"unknown","unknown","unknown",1,"unknown"
"P429503",112,"r i' 16'","buniŋ[trough]N x[NA]NA","{ŋeš}buniŋ x",0,"buniŋ[trough]N_x[NA]NA"
"P459226",40,"o iii 4'","{ŋeš}x[NA]NA","{ŋeš}x",0,"{ŋeš}x[NA]NA"
"P250736",302,"r iv 20","arha[half-brick]N","SIG₄-AB₂",0,"arha[half-brick]N"
"Q000001",390,"389","kiši[ant]N sissig[green]V/i","kiši₈ sig₇-sig₇",0,"kiši[ant]N_sissig[green]V/i"
"P273880",42,"a ii 9'","a[arm]N apin[plow]N","{ŋeš}a₂ apin",0,"a[arm]N_apin[plow]N"
"P332939",34,"o ii 12","{ŋeš}x[NA]NA","{ŋeš}x",0,"{ŋeš}x[NA]NA"
"P346714",176,"r v 12'","{ŋeš}LAGAB[NA]NA mar[shovel]N","{ŋeš}LAGAB mar",0,"{ŋeš}LAGAB[NA]NA_mar[shovel]N"
"P271911",43,"o i 29'","eš[rope]N saŋkul[bolt]N","eš₂ saŋ-kul",0,"eš[rope]N_saŋkul[bolt]N"
"P271301",99,"o ii 47","nurma[pomegranate]N","{ŋeš}nu-ur₂-ma",0,"nurma[pomegranate]N"
"P332934",51,"o i 47","šenu[tree]N","{ŋeš}še-nu₂",0,"šenu[tree]N"
"Q000039",24,"22","mes[tree]N šaršabid[tree]N","{ŋeš}mes šarₓ(NE)-ša₄-bid₃",0,"mes[tree]N_šaršabid[tree]N"
"P271301",69,"o ii 17","ildag[poplar]N dan-na[NA]NA","{ŋeš}ildag₂ dan-na",0,"ildag[poplar]N_dan-na[NA]NA"
"P273880",197,"b i 47'","saŋdu[beam]N","{ŋeš}saŋ-du",0,"saŋdu[beam]N"
"P388265",169,"r i 47","{ŋeš}BU[NA]NA","{ŋeš}BU",0,"{ŋeš}BU[NA]NA"
"P271911",103,"o ii 28","garig[comb]N siki[hair]N diŋir[deity]N","ga-rig₂ siki diŋir",0,"garig[comb]N_siki[hair]N_diŋir[deity]N"
"Q000039",86,"68","ŋešnimbar[palm]N Dilmun[1]GN","{ŋeš}ŋešnimbar dilmun-na",0,"ŋešnimbar[palm]N_Dilmun[1]GN"
"Q000039",689,"621","ebir[vessel-stand]N","{ŋeš}ebir",0,"ebir[vessel-stand]N"
"P228196",18,"18","ebir[vessel-stand]N gub[stand]V/i","{ŋeš}ebir gub",0,"ebir[vessel-stand]N_gub[stand]V/i"
"P271301",380,"r iii 13","ma[ship]N šagha[cloth]N","{ŋeš}ma₂ šag₄-ha",0,"ma[ship]N_šagha[cloth]N"
"P447996",164,"unknown","unknown","unknown",1,"unknown"
"P273880",295,"b iii 19","hedu[ornament]N kan[gate]N","{ŋeš}he₂-du₇ kan₄",0,"hedu[ornament]N_kan[gate]N"
"P271301",154,"o iii 42","ŋešnimbar[palm]N uhin[date]N UD-da[NA]NA","{ŋeš}ŋešnimbar u₄-hi-in UD-da",0,"ŋešnimbar[palm]N_uhin[date]N_UD-da[NA]NA"
"P271320",25,"o i 17'","guza[chair]N gar[knob]N zabar[bronze]N ŋar[place]V/t","{ŋeš}gu-za gar₃ zabar ŋar",0,"guza[chair]N_gar[knob]N_zabar[bronze]N_ŋar[place]V/t"
"P429503",97,"r i' 1'","{ŋeš}x[NA]NA","{ŋeš}x",0,"{ŋeš}x[NA]NA"
"P347814",9,"a i 7'","ig[door]N x-x[NA]NA","{ŋeš}ig x-x",0,"ig[door]N_x-x[NA]NA"
"Q000039",269,"233","maltum[bowl]N","{ŋeš}ma-al-tum",0,"maltum[bowl]N"
"Q000001",350,"350","nim[fly]N urki[dog]N","nim ur-ki",0,"nim[fly]N_urki[dog]N"
"P429503",129,"r ii' 5'","ma[ship]N hedu[ornament]N","{ŋeš}ma₂ {d}he₂-du₇",0,"ma[ship]N_hedu[ornament]N"
"P388265",273,"r iv 13","buniŋ[trough]N tur[small]V/i","{ŋeš}buniŋ tur",0,"buniŋ[trough]N_tur[small]V/i"
"P388265",402,"r vi 44","{ŋeš}nam-x[NA]NA","{ŋeš}nam-x",0,"{ŋeš}nam-x[NA]NA"
"P388265",158,"r i 36","{ŋeš}KAL[NA]NA","{ŋeš}KAL",0,"{ŋeš}KAL[NA]NA"
"P271301",363,"r ii 47","ma[ship]N x[NA]NA","{ŋeš}ma₂ x",0,"ma[ship]N_x[NA]NA"
"P447996",79,"o v 4","hašhur[apple]N damšelum[plant]N","{ŋeš}hašhur dam-ši-lum",0,"hašhur[apple]N_damšelum[plant]N"
"P247864",263,"o v 11","niŋ[thing]N šušana[fraction]N sila[unit]N","{ŋeš}niŋ₂ šušana sila₃",0,"niŋ[thing]N_šušana[fraction]N_sila[unit]N"
"P332934",138,"o ii 55","ilianum[tree]N","{ŋeš}i-li-ia-an-nu-um",0,"ilianum[tree]N"
"P332934",202,"o iii 38","pa[branch]N x-x-na[NA]NA ŋešnimbar[palm]N","{ŋeš}pa x-x-na ŋešnimbar",0,"pa[branch]N_x-x-na[NA]NA_ŋešnimbar[palm]N"
"P429504",18,"unknown","unknown","unknown",999,"unknown"
"P346714",45,"r ii 13'","gag[nail]N muš[snake]N apin[plow]N","{ŋeš}gag muš apin",0,"gag[nail]N_muš[snake]N_apin[plow]N"
"P253238",7,"o 4'","šaršabid[tree]N","{ŋeš}šarₓ(NE)-ša₄-bid₃",0,"šaršabid[tree]N"
"P388330",12,"r 10","peš[fig]N","{ŋeš}peš₃",0,"peš[fig]N"
"P247864",27,"o i 24","urnum[cedar]N","{ŋeš}ur₂-nu-um",0,"urnum[cedar]N"
"P388265",225,"r iii 4","{ŋeš}gu-za{uruda}[NA]NA","{ŋeš}gu-za{uruda}",0,"{ŋeš}gu-za{uruda}[NA]NA"
"Q000001",11,"11","udu[sheep]N aslum[sheep]N gukkal[sheep]N","udu aslumₓ(|A.LUM|) gukkal",0,"udu[sheep]N_aslum[sheep]N_gukkal[sheep]N"
"P250364",175,"unknown","unknown","unknown",999,"unknown"
"Q000039",731,"658","{ŋeš}EN[NA]NA ninda[vessel]N","{ŋeš}EN ninda₂",0,"{ŋeš}EN[NA]NA_ninda[vessel]N"
"Q000039",334,"294b","ma[ship]N UD[NA]NA nurum[light]N","{ŋeš}ma₂ UD nu-ri",0,"ma[ship]N_UD[NA]NA_nurum[light]N"
"P253245",23,"r 3","al[hoe]N","{ŋeš}al",0,"al[hoe]N"
"Q000039",104,"83","ama[mother]N ŋešnimbar[palm]N","{ŋeš}ama ŋešnimbar",0,"ama[mother]N_ŋešnimbar[palm]N"
"P247864",379,"o vi 63","gu[neck]N harmušen[snare]N","{ŋeš}gu₂ har-mušen-na",0,"gu[neck]N_harmušen[snare]N"
"P273880",83,"a iii 14'","{ŋeš}x[NA]NA","{ŋeš}x",0,"{ŋeš}x[NA]NA"
"P388330",7,"o 6","hašhur[apple]N kurdilum[fruit-tree]N","{ŋeš}hašhur kur-di-lum",0,"hašhur[apple]N_kurdilum[fruit-tree]N"
"Q000001",76,"76","udu[sheep]N KI.KAŠ.NI[meal]N","udu KI-KAŠ-NI",0,"udu[sheep]N_KI.KAŠ.NI[meal]N"
"Q000001",371,"371","ninka[mongoose]N","{d}nin-ka₆",0,"ninka[mongoose]N"
"P247864",88,"o ii 25","{ŋeš}še-luh-x[NA]NA","{ŋeš}še-luh-x",0,"{ŋeš}še-luh-x[NA]NA"
"P235262",96,"d ii 1'","x[NA]NA KAK-x[NA]NA gigir[chariot]N","x KAK-x gigir",0,"x[NA]NA_KAK-x[NA]NA_gigir[chariot]N"
"P273880",53,"a ii 27'","nig[~plow]N apin[plow]N","{ŋeš}nig-ga apin",0,"nig[~plow]N_apin[plow]N"
"P447996",143,"r i 25","dala[thorn]N tur[small]V/i ŋešnimbar[palm]N","{ŋeš}dala₂ tur ŋešnimbar",0,"dala[thorn]N_tur[small]V/i_ŋešnimbar[palm]N"
"P388265",324,"r v 9","naŋa[mortar]N šumgaz[vegetable]N","{ŋeš}naŋa₄ šum₂-gaz",0,"naŋa[mortar]N_šumgaz[vegetable]N"
"Q000039",604,"544","ligima[shoot]N","{ŋeš}ligima(|IGI.TUR.TUR|)",0,"ligima[shoot]N"
"P117395",3,"o 2","pakud[~tree]N","{ŋeš}pa-kud",0,"pakud[~tree]N"
"P346714",7,"r i 03'","mud[tube]N gigir[chariot]N","{ŋeš}mud gigir",0,"mud[tube]N_gigir[chariot]N"
"Q000039",331,"293","Madurahabzu[1]ON","{ŋeš}ma₂-durah-abzu",0,"Madurahabzu[1]ON"
"P271771",17,"o ii 15","lamtur[nut]N","{ŋeš}lam-tur",0,"lamtur[nut]N"
"P250736",247,"r iii 8","utul[tureen]N i[oil]N","{dug}utul₂ i₃",0,"utul[tureen]N_i[oil]N"
"P447996",34,"o iv 3","urzinum[tree]N","{ŋeš}ur-zi-nu",0,"urzinum[tree]N"
"P332934",280,"r iii 7","ma[ship]N x[NA]NA","{ŋeš}ma₂ x",0,"ma[ship]N_x[NA]NA"
"P437074",68,"b ii 11'","{ŋeš}ha-ia₃[NA]NA","{ŋeš}ha-ia₃",0,"{ŋeš}ha-ia₃[NA]NA"
"P250736",175,"r i 29","gakkul[mash-tub]N kaš[beer]N","{gi}gakkul₃ kaš",0,"gakkul[mash-tub]N_kaš[beer]N"
"P332939",5,"o i 2","esi[tree]N","{ŋeš}esi",0,"esi[tree]N"
"P347814",169,"c i 24'","ganum[stand]N","{ŋeš}ga-an-nu-u₂",0,"ganum[stand]N"
"P249383",5,"o 3","e[house]N gigir[chariot]N","{ŋeš}e₂ gigir",0,"e[house]N_gigir[chariot]N"
"P388265",353,"r v 43","illar[weapon]N kiŋ[work]V/t","{ŋeš}illar kiŋ₂",0,"illar[weapon]N_kiŋ[work]V/t"
"P346714",136,"r iv 16'","sa[net]N mah[great]V/i","{ŋeš}sa mah",0,"sa[net]N_mah[great]V/i"
"Q000039",288,"252","buniŋ[trough]N","{ŋeš}buniŋ",0,"buniŋ[trough]N"
"P247864",106,"o ii 43","girah[tool]N gal[big]V/i","{ŋeš}|ŠU.DIM₂| gal",0,"girah[tool]N_gal[big]V/i"
"P273880",606,"c iv 40","uh[weathervane]N x[NA]NA","{ŋeš}uh₂ x",0,"uh[weathervane]N_x[NA]NA"
"P429503",50,"o ii 19","ŋešaʾabak[tree]N Meluhha[1]GN","ŋeš-a-ab-ba me-luh-ha",0,"ŋešaʾabak[tree]N_Meluhha[1]GN"
"P447996",218,"r iii 19","x-la[NA]NA ma[ship]N","x-la ma₂",0,"x-la[NA]NA_ma[ship]N"
"P271911",169,"o iii 17'","gag[pock]N saŋ[head]N apin[plow]N","gag saŋ apin",0,"gag[pock]N_saŋ[head]N_apin[plow]N"
"P429505",10,"8'","ŋešnimbar[palm]N uhin[date]N duru[wet]V/i ah[dry]V/i","{ŋeš}ŋešnimbar u₄-hi-in duru₅ e₃",0,"ŋešnimbar[palm]N_uhin[date]N_duru[wet]V/i_ah[dry]V/i"
"P253866",29,"o i 24'","ig[door]N šunir[emblem]N","{ŋeš}ig šu-nir",0,"ig[door]N_šunir[emblem]N"
"P447996",127,"r i 9","ŋešnimbar[palm]N ug[die]V/t","{ŋeš}ŋešnimbar al-ug₅-ga",0,"ŋešnimbar[palm]N_ug[die]V/t"
"P273712",16,"r i 6","al[hoe]N zu[tooth]N min[two]NU","{ŋeš}al zu₂ min",0,"al[hoe]N_zu[tooth]N_min[two]NU"
"P271301",228,"o v 1'","{ŋeš}x[NA]NA","{ŋeš}x",0,"{ŋeš}x[NA]NA"
"P273880",41,"a ii 8'","da[side-board]N apin[plow]N","{ŋeš}da apin",0,"da[side-board]N_apin[plow]N"
"P447996",27,"o iii 23","ildag[poplar]N x[NA]NA","{ŋeš}ildag₂ x",0,"ildag[poplar]N_x[NA]NA"
"P247864",348,"o vi 32","mar[shovel]N","{ŋeš}mar",0,"mar[shovel]N"
"P273880",583,"c iv 16","x[NA]NA","x",0,"x[NA]NA"
"P247864",52,"o i 49","peš[fig]N","{ŋeš}peš₃",0,"peš[fig]N"
"P271771",125,"r ii 12'","emerah[jug]N tur[small]V/i","{ŋeš}emerahₓ(|UD.HUB₂|) tur",0,"emerah[jug]N_tur[small]V/i"
"P250736",316,"r iv 34","sahar[dust]N DU-DU[NA]NA","sahar DU-DU",0,"sahar[dust]N_DU-DU[NA]NA"
"P271911",402,"r ii 15","zamin[lyre]N","za₃-mi₂",0,"zamin[lyre]N"
"P388265",425,"t.e. ii 4","gi[thicket]N gub[stand]V/i","{ŋeš}gi gub",0,"gi[thicket]N_gub[stand]V/i"
"P429503",150,"r ii' 26'","gag[nail]N","{ŋeš}gag",0,"gag[nail]N"
"Q000001",185,"185","gud[ox]N giggi[black]V/i","gud giggi",0,"gud[ox]N_giggi[black]V/i"
"P271320",10,"o i 5'","guza[chair]N ki[place]N us[follow]V/t","{ŋeš}gu-za ki us₂",0,"guza[chair]N_ki[place]N_us[follow]V/t"
"P273880",208,"b i 58'","balak[spindle]N","{ŋeš}balak",0,"balak[spindle]N"
"P273880",605,"c iv 39","{ŋeš}x-x[NA]NA","{ŋeš}x-x",0,"{ŋeš}x-x[NA]NA"
"P235262",116,"d ii 21'","{ŋeš}x[NA]NA x[NA]NA margida[cart]N","{ŋeš}x x mar-gid₂-da",0,"{ŋeš}x[NA]NA_x[NA]NA_margida[cart]N"
"P247864",435,"o vii 54'","guza[chair]N mušlah[charmer]N","{ŋeš}gu-za muš-lahₓ(DU)",0,"guza[chair]N_mušlah[charmer]N"
"P332934",292,"r iii 19","ma[ship]N x[NA]NA","{ŋeš}ma₂ x",0,"ma[ship]N_x[NA]NA"
"P437074",69,"b ii 12'","{ŋeš}he₂-BAD[NA]NA","{ŋeš}he₂-BAD",0,"{ŋeš}he₂-BAD[NA]NA"
"P273880",639,"d i 19'","{ŋeš}zig₃-ga[NA]NA","{ŋeš}zig₃-ga",0,"{ŋeš}zig₃-ga[NA]NA"
"P346714",84,"r iii 06'","kur[wood]N","{ŋeš}kur",0,"kur[wood]N"
"P271911",41,"o i 28'","saŋkul[bolt]N šulal[defiled]AJ","saŋ-kul šu-lal₂",0,"saŋkul[bolt]N_šulal[defiled]AJ"
"P370399",74,"o iii 13'","banšur[table]N","{ŋeš}banšur",0,"banšur[table]N"
"P250364",23,"o i 20","{ŋeš}x-x[NA]NA gigir[chariot]N","{ŋeš}x-x gigir",0,"{ŋeš}x-x[NA]NA_gigir[chariot]N"
"P273880",577,"c iv 9","{ŋeš}x[NA]NA","{ŋeš}x",0,"{ŋeš}x[NA]NA"
"P347814",145,"unknown","unknown","unknown",4,"unknown"
"P271911",170,"unknown","unknown","unknown",1,"unknown"
"P273880",226,"b ii 15","dilim[spoon]N","{ŋeš}dilim₂",0,"dilim[spoon]N"
"P346714",7,"r i 03'","mud[tube]N gigir[chariot]N","{ŋeš}mud gigir",0,"mud[tube]N_gigir[chariot]N"
"P459218",79,"o iii 30","gag[nail]N leʾum[board]N apin[plow]N","{ŋeš}gag li apin",0,"gag[nail]N_leʾum[board]N_apin[plow]N"
"P271301",160,"o iii 48","ŋešnimbar[palm]N lipiš[innards]N bur[tear]V/t","{ŋeš}ŋešnimbar lipiš bur₁₂",0,"ŋešnimbar[palm]N_lipiš[innards]N_bur[tear]V/t"
"P347814",228,"c ii 34'","dupsik[basket]N zala[smashed]N","{ŋeš}dupsik za-lal₂",0,"dupsik[basket]N_zala[smashed]N"
"P447996",154,"r i 36","kita[basket]N ŋešnimbar[palm]N","{ŋeš}kid-da ŋešnimbar",0,"kita[basket]N_ŋešnimbar[palm]N"
"P437074",125,"b iii 11''","{ŋeš}x-x[NA]NA","{ŋeš}x-x",0,"{ŋeš}x-x[NA]NA"
"P388265",229,"r iii 8","guza[chair]N šusar[string]N du[build]V/t","{ŋeš}gu-za šu-sar du₃",0,"guza[chair]N_šusar[string]N_du[build]V/t"
"Q000001",319,"319","amsi[elephant]N","am-si",0,"amsi[elephant]N"
"P437074",184,"c ii 18'","{ŋeš}x[NA]NA","{ŋeš}x",0,"{ŋeš}x[NA]NA"
"P271911",91,"o ii 17","balak[spindle]N","balak",0,"balak[spindle]N"
"P250364",144,"r iii 10'","x[NA]NA","x",0,"x[NA]NA"
"Q000001",194,"194","gud[ox]N a₂-x-x[NA]NA","gud a₂-x-x",0,"gud[ox]N_a₂-x-x[NA]NA"
"P388563",4,"o 3","maš[twin]N apin[plow]N","{ŋeš}maš-maš apin",0,"maš[twin]N_apin[plow]N"
"P388265",124,"r i 2","igiŋal[sign]N","{ŋeš}igi-ŋal₂",0,"igiŋal[sign]N"
"P271320",41,"r i' 8'","gag[nail]N si[horn]N gigir[chariot]N","{ŋeš}gag si gigir",0,"gag[nail]N_si[horn]N_gigir[chariot]N"
"P332934",249,"o iv 20'","{ŋeš}šid[NA]NA saŋ-KEŠ[NA]NA","{ŋeš}šid saŋ-KEŠ",0,"{ŋeš}šid[NA]NA_saŋ-KEŠ[NA]NA"
"P228196",23,"23","{ŋeš}{+da-ag}dag[NA]NA","{ŋeš}{+da-ag}dag",0,"{ŋeš}{+da-ag}dag[NA]NA"
"P459216",25,"i 23","šedug[tree]N","{ŋeš}še-dug₃",0,"šedug[tree]N"
"P437074",51,"b i 12''","gizulumma[nettle?]N","{ŋeš}gi-zu₉-lum-ma",0,"gizulumma[nettle?]N"
"P459216",173,"r iv 5'","da[side-board]N umbin[wheel]N gigir[chariot]N","{ŋeš}da umbin gigir",0,"da[side-board]N_umbin[wheel]N_gigir[chariot]N"
"P271301",388,"r iii 21","ti[rib]N ma[ship]N","{ŋeš}ti ma₂",0,"ti[rib]N_ma[ship]N"
"Q000001",301,"301","sua[cat]N","su-a",0,"sua[cat]N"
"P271911",428,"r ii 34","gag[pock]N uzu[flesh]N la[hang]V/t","gag uzu la₂",0,"gag[pock]N_uzu[flesh]N_la[hang]V/t"
"P271911",52,"o i 35'","eš[rope]N aškud[~door]N","eš₂ aškudₓ(|A₂.ZA.AN.MUŠ₃|)",0,"eš[rope]N_aškud[~door]N"
"P332934",222,"o iii 60","peš[frond]N hara[shoot]N ŋešnimbar[palm]N","{ŋeš}peš ha-ra ŋešnimbar",0,"peš[frond]N_hara[shoot]N_ŋešnimbar[palm]N"
"P459216",21,"i 19","hašhur[apple]N damšelum[plant]N","{ŋeš}hašhur dam-ši-lum",0,"hašhur[apple]N_damšelum[plant]N"
"P271301",300,"r i 28","ŋeš.nud.AŠ.nud[bed]N","ŋeš-nud-AŠ-nud",0,"ŋeš.nud.AŠ.nud[bed]N"
"P332939",63,"r ii' 7'","gag[nail]N ašte[chair]N margida[cart]N","{ŋeš}gag al-te mar-gid₂-da",0,"gag[nail]N_ašte[chair]N_margida[cart]N"
"P230849",7,"r 3","mes[tree]N asal[poplar]N","{ŋeš}mes asal₂",0,"mes[tree]N_asal[poplar]N"
"P347814",40,"a ii 11'","{ŋeš}x[NA]NA","{ŋeš}x",0,"{ŋeš}x[NA]NA"
"P332934",72,"o i 16'","ildag[poplar]N kur[mountain]N","{ŋeš}ildag₂ kur",0,"ildag[poplar]N_kur[mountain]N"
"P253866",84,"o iii 17'","ba[tool]N zu[stone]N","{ŋeš}ba zu₂",0,"ba[tool]N_zu[stone]N"
"P492330",11,"o i 9","ŋeš[tree]N rugu[withstand]V/t","ŋeš ru-gu₂",0,"ŋeš[tree]N_rugu[withstand]V/t"
"P437074",184,"c ii 18'","{ŋeš}x[NA]NA","{ŋeš}x",0,"{ŋeš}x[NA]NA"
"Q000001",256,"256","eme[donkey]N šagpeš[pregnant]AJ","eme₅ šag₄-peš₄",0,"eme[donkey]N_šagpeš[pregnant]AJ"
"P429503",83,"o iii 22","ŋešnimbar[palm]N x[NA]NA","{ŋeš}ŋešnimbar x",0,"ŋešnimbar[palm]N_x[NA]NA"
"Q000039",607,"547","dala[thorn]N","{ŋeš}dala₂(|IGI.NI|)",0,"dala[thorn]N"
"Q000001",345,"345","nim[fly]N sahar[dust]N","nim sahar",0,"nim[fly]N_sahar[dust]N"
"P370399",94,"o iii 33'","x[NA]NA saŋ[head]N apin[plow]N","x saŋ apin",0,"x[NA]NA_saŋ[head]N_apin[plow]N"
"P459216",38,"ii 6","manu[wood]N šu[hand]N ak[do]V/t","{ŋeš}ma-nu šu ak",0,"manu[wood]N_šu[hand]N_ak[do]V/t"
"P346714",175,"r v 11'","kul[handle]N mar[shovel]N","{ŋeš}kul mar",0,"kul[handle]N_mar[shovel]N"
"P273880",173,"b i 16'","izzi[wall]N guza[chair]N","{ŋeš}i-zi gu-za",0,"izzi[wall]N_guza[chair]N"
"P271771",68,"o iv 24","x[NA]NA x[NA]NA ŋešnimbar[palm]N","x x ŋešnimbar",0,"x[NA]NA_x[NA]NA_ŋešnimbar[palm]N"
"P271911",249,"o iv 19","lidga[vessel]N","{+du-uṭ-ṭu}DIŠ",0,"lidga[vessel]N"
"Q000039",90,"72","ŋešnimbar[palm]N gun[load]N","{ŋeš}ŋešnimbar gun₂",0,"ŋešnimbar[palm]N_gun[load]N"
"Q000039",165,"141","pa[branch]N kud[cut]V/t","{ŋeš}pa kud",0,"pa[branch]N_kud[cut]V/t"
"Q000001",368,"368","pešniŋgilima[rodent]N","peš₂-niŋ₂-gilim-ma",0,"pešniŋgilima[rodent]N"
"P271301",326,"r ii 10","emerah[jug]N tur[small]V/i","{ŋeš}emerah tur",0,"emerah[jug]N_tur[small]V/i"
"P271911",117,"o ii 39","sahargid[roller]N","suhur-gi-di₄",0,"sahargid[roller]N"
"P447996",175,"r ii 12","ma[ship]N kiʾaŋa[beloved]AJ Urim[1]SN","{ŋeš}ma₂ ki-aŋ₂ urim₂{ki}",0,"ma[ship]N_kiʾaŋa[beloved]AJ_Urim[1]SN"
"P459217",26,"ii 2'","dih[weed]N","{ŋeš}dih₃",0,"dih[weed]N"
"P429504",7,"o ii' 1","ŋešnimbar[palm]N uhin[date]N saŋ[choose]V/t","{ŋeš}ŋešnimbar u₄-hi-in zag",0,"ŋešnimbar[palm]N_uhin[date]N_saŋ[choose]V/t"
"P250736",142,"o iv 35","pa[branch]N gizi[reed]N","{gi}pa gi-zi",0,"pa[branch]N_gizi[reed]N"
"P271301",289,"r i 17","šuʾa[stool]N","{ŋeš}šuaₓ(|ŠU₂×(A.DIŠ)|)",0,"šuʾa[stool]N"
"P271911",423,"r ii 30","x-ra-x[NA]NA","x-ra-x",0,"x-ra-x[NA]NA"
"Q000039",739,"668","{ŋeš}KAL[NA]NA","{ŋeš}KAL",0,"{ŋeš}KAL[NA]NA"
"P250364",137,"r iii 3'","{ŋeš}x-x[NA]NA","{ŋeš}x-x",0,"{ŋeš}x-x[NA]NA"
"Q000001",291,"291","urtur[puppy]N","ur-tur",0,"urtur[puppy]N"
"P250736",244,"r iii 5","utul[tureen]N na[stone]N","{dug}utul₂ na₄",0,"utul[tureen]N_na[stone]N"
"P459217",28,"ii 4'","lamtur[nut]N","{ŋeš}lam-tur",0,"lamtur[nut]N"
"P247864",370,"o vi 54","{ŋeš}bil₂-ga[NA]NA","{ŋeš}bil₂-ga",0,"{ŋeš}bil₂-ga[NA]NA"
"Q000039",567,"510","dur[board]N ab[window]N","{ŋeš}dur₂ ab",0,"dur[board]N_ab[window]N"
"P273880",600,"c iv 34","suhub[tread]V/t","{ŋeš}suhub",0,"suhub[tread]V/t"
"P332934",8,"o i 4","halub[tree]N","{ŋeš}ha-lu-ub₂",0,"halub[tree]N"
"P249794",9,"r 2","maršu[spade]N","{ŋeš}mar-šu",0,"maršu[spade]N"
"P388265",50,"ii 33","ildag[poplar]N kur[mountain]N","{ŋeš}ildag₂ kur",0,"ildag[poplar]N_kur[mountain]N"
"Q000001",349,"349","nim[fly]N urgir[dog]N","nim ur-gir₁₅",0,"nim[fly]N_urgir[dog]N"
"P273880",499,"c ii 44","u[ride]V/t ma[ship]N","{ŋeš}u₅ ma₂",0,"u[ride]V/t_ma[ship]N"
"P346714",65,"r ii 33'","{ŋeš}{na₄}gug[NA]NA zu[stone]N gug[carnelian]N","{ŋeš}{na₄}gug zi {na₄}gug",0,"{ŋeš}{na₄}gug[NA]NA_zu[stone]N_gug[carnelian]N"
"P332934",135,"o ii 52","urnum[cedar]N","{ŋeš}ur₂-nu-um",0,"urnum[cedar]N"
"Q000039",177,"147","ŋešdubdim[tool]N","ŋeš-dub-dim₂",0,"ŋešdubdim[tool]N"
"P250364",65,"o iv 5","e[house]N ŋešrin[scales]N","{ŋeš}e₂ rin₂",0,"e[house]N_ŋešrin[scales]N"
"P251649",10,"o 9","{ŋeš}šu-DU[NA]NA","{ŋeš}šu-DU",0,"{ŋeš}šu-DU[NA]NA"
"P332934",103,"o ii 20","tir[forest]N eren[cedar]N","{ŋeš}tir {ŋeš}eren",0,"tir[forest]N_eren[cedar]N"
"Q000039",559,"502","saŋ[head]N tukul[weapon]N","{ŋeš}saŋ tukul",0,"saŋ[head]N_tukul[weapon]N"
"X100003",20,"r 4","ŋeštinguruma[~vine]N","{ŋeš}ŋeštin-gurum-ma",0,"ŋeštinguruma[~vine]N"
"P332934",136,"o ii 53","tiʾarum[tree]N","{ŋeš}ti-i-lum",0,"tiʾarum[tree]N"
"P447996",188,"r ii 25","ma[ship]N gur[unit]N","{ŋeš}ma₂ gur",0,"ma[ship]N_gur[unit]N"
"P271911",434,"r ii 38","x[NA]NA","x",0,"x[NA]NA"
"P247864",176,"o iii 50","e[house]N gigir[chariot]N","{ŋeš}e₂ gigir",0,"e[house]N_gigir[chariot]N"
"P347814",109,"b i 39'","x[NA]NA x-la₂[NA]NA","x x-la₂",0,"x[NA]NA_x-la₂[NA]NA"
"P247864",411,"o vii 30'","{ŋeš}x-za-ab[NA]NA MI[NA]NA","{ŋeš}x-za-ab MI",0,"{ŋeš}x-za-ab[NA]NA_MI[NA]NA"
"P250361",20,"o ii 8'","nig[~plow]N apin[plow]N","{ŋeš}nig apin",0,"nig[~plow]N_apin[plow]N"
"P253238",20,"o 17'","lamtur[nut]N","{ŋeš}lam-tur",0,"lamtur[nut]N"
"P271771",134,"r iii 4'","Magan[1]GN","{ŋeš}ma₂-gan-na",0,"Magan[1]GN"
"P253233",11,"o i 6","banmin[vessel]N","{ŋeš}{+ba-an}banmin",0,"banmin[vessel]N"
"P273880",573,"c iv 5","{ŋeš}x[NA]NA","{ŋeš}x",0,"{ŋeš}x[NA]NA"
"Q000039",240,"204","šuʾa[stool]N","{ŋeš}šu₂-a",0,"šuʾa[stool]N"
"P117404",3,"o 2","ig[door]N dib[board]N","{ŋeš}ig dib",0,"ig[door]N_dib[board]N"
"P271301",140,"o iii 28","ŋešnimbar[palm]N banda[junior]V/i","{ŋeš}ŋešnimbar al-ban₃-da",0,"ŋešnimbar[palm]N_banda[junior]V/i"
"P271301",346,"r ii 30","naŋa[mortar]N","{ŋeš}naŋa₃",0,"naŋa[mortar]N"
"P459216",29,"i 27","šinig[tamarisk]N x[NA]NA","{ŋeš}šinig x",0,"šinig[tamarisk]N_x[NA]NA"
"P235262",93,"unknown","unknown","unknown",999,"unknown"
"P388265",332,"r v 17","gud.si.AŠ[ram]N","{ŋeš}gud-si-dili",0,"gud.si.AŠ[ram]N"
"P370399",69,"o iii 8'","guza[chair]N šuniŋin[total]N banda[junior]V/i","{ŋeš}gu-za šu-niŋin₂ banda₃{da}",0,"guza[chair]N_šuniŋin[total]N_banda[junior]V/i"
"P235262",5,"a i 1'","ŋeštinkira[berry]N","{ŋeš}ŋeštin-kir₄",0,"ŋeštinkira[berry]N"
"P332934",286,"r iii 13","magilum[boat]N","{ŋeš}ma₂-gi-lum",0,"magilum[boat]N"
"P253238",17,"o 14'","šimgig[tree]N","{ŋeš}šim-gig",0,"šimgig[tree]N"
"P389511",2,"o 1","ŋešaʾabak[tree]N","ŋeš-a-ab-ba",0,"ŋešaʾabak[tree]N"
"X100003",4,"o 3","ŋešnu[tree]N","ŋeš-BUR₂",0,"ŋešnu[tree]N"
"P247864",448,"r i 8","egir[back]N ŋešnud[bed]N","{ŋeš}egir nud",0,"egir[back]N_ŋešnud[bed]N"
"P447996",200,"r ii 37","madala[bundle]N","{ŋeš}ma₂-da-la₂",0,"madala[bundle]N"
"Q000039",389,"346","gabaŋal[guard]N gigir[chariot]N","{ŋeš}gaba-ŋal₂ gigir",0,"gabaŋal[guard]N_gigir[chariot]N"
"P271911",212,"o iii 53'","al[hoe]N saŋ[head]N","al saŋ",0,"al[hoe]N_saŋ[head]N"
"P370399",201,"o viii 2'","x-kin[NA]NA","x-kin",0,"x-kin[NA]NA"
"Q000039",597,"538","gur[rim]N harmušen[snare]N","{ŋeš}gur₂ har-mušen-na",0,"gur[rim]N_harmušen[snare]N"
"Q000001",469,"466","uzu[flesh]N KAD₅[NA]NA","uzu KAD₅",0,"uzu[flesh]N_KAD₅[NA]NA"
"P250736",320,"r iv 38","bad[wall]N gal[big]V/i","bad₃ gu-la",0,"bad[wall]N_gal[big]V/i"
"P247864",364,"o vi 48","dilim[spoon]N","{ŋeš}dilim₂",0,"dilim[spoon]N"
"P247864",239,"o iv 50","ig[door]N šu[hand]N du[suitable]V/i","{ŋeš}ig šu du₇",0,"ig[door]N_šu[hand]N_du[suitable]V/i"
"P332934",127,"o ii 44","zabalum[juniper]N","{ŋeš}za-ba-lum",0,"zabalum[juniper]N"
"P271301",335,"r ii 19","kuŋ[stair]N","{ŋeš}kuŋ₄",0,"kuŋ[stair]N"
"P388265",105,"iv 22","{ŋeš}šag₄-šag₄-ga[NA]NA ŋešnimbar[palm]N","{ŋeš}šag₄-šag₄-ga ŋešnimbar",0,"{ŋeš}šag₄-šag₄-ga[NA]NA_ŋešnimbar[palm]N"
"P250736",70,"o iii 4","kid[mat]N titab[~beer]N","{gi}kid titab₂",0,"kid[mat]N_titab[~beer]N"
"P253230",20,"o i 15","apin[plow]N zir[break]V/t","{ŋeš}apin zi",0,"apin[plow]N_zir[break]V/t"
"P346714",88,"r iii 10'","{ŋeš}URI[NA]NA","{ŋeš}URI",0,"{ŋeš}URI[NA]NA"
"P347814",285,"d ii 13'","{ŋeš}al-x-MA[NA]NA","{ŋeš}al-x-MA",0,"{ŋeš}al-x-MA[NA]NA"
"P271301",44,"o i 41","hašhur[apple]N kur[mountain]N","{ŋeš}hašhur kur",0,"hašhur[apple]N_kur[mountain]N"
"P273880",647,"d i 27'","{ŋeš}x-x[NA]NA","{ŋeš}x-x",0,"{ŋeš}x-x[NA]NA"
"P235262",62,"d i 5'","si[horn]N ma[ship]N","{ŋeš}si ma₂",0,"si[horn]N_ma[ship]N"
"P332934",147,"o ii 63","ŋešnimbar[palm]N","{ŋeš}ŋešnimbar",0,"ŋešnimbar[palm]N"
"P271301",277,"r i 5","guza[chair]N UR-x-x[NA]NA","{ŋeš}gu-za UR-x-x",0,"guza[chair]N_UR-x-x[NA]NA"
"P271771",30,"o iii 7","eren[cedar]N babbar[white]V/i","{ŋeš}eren babbar",0,"eren[cedar]N_babbar[white]V/i"
"P459227",12,"o ii 2'","zara[pivot]N gagsila[harness]N","{ŋeš}za-ra gag-sal₄",0,"zara[pivot]N_gagsila[harness]N"
"P429504",51,"unknown","unknown","unknown",999,"unknown"
"P250736",227,"r ii 31","šaŋan[flask]N kešed[bind]V/t","{dug}šaŋan keš₂",0,"šaŋan[flask]N_kešed[bind]V/t"
"P247864",393,"o vii 12'","{ŋeš}x[NA]NA","{ŋeš}x",0,"{ŋeš}x[NA]NA"
"P250736",130,"o iv 23","gi[reed]N gal[big]V/i","gi gal-gal",0,"gi[reed]N_gal[big]V/i"
"P271301",9,"o i 6","esi[tree]N Tukriš[1]GN","{ŋeš}esi tu-uk-ri-iš{ki}",0,"esi[tree]N_Tukriš[1]GN"
"P225086",6,"o i 3","kišig[acacia]N","{ŋeš}kišig",0,"kišig[acacia]N"
"Q000039",42,"35","ildag[poplar]N kur[mountain]N","{ŋeš}ildag₂ kur",0,"ildag[poplar]N_kur[mountain]N"
"P271911",267,"o iv 33","min[two]NU giŋ[unit]N","min giŋ₄",0,"min[two]NU_giŋ[unit]N"
"P447996",101,"o v 26","{ŋeš}al-x-ma[NA]NA","{ŋeš}al-x-ma",0,"{ŋeš}al-x-ma[NA]NA"
"P271771",67,"o iv 23","{ŋeš}peš-UŠ[NA]NA ŋešnimbar[palm]N","{ŋeš}peš-UŠ ŋešnimbar",0,"{ŋeš}peš-UŠ[NA]NA_ŋešnimbar[palm]N"
"Q000039",392,"349","eme[tongue]N usan[whip]N","{ŋeš}eme usan₃",0,"eme[tongue]N_usan[whip]N"
"P271911",428,"r ii 34","gag[pock]N uzu[flesh]N la[hang]V/t","gag uzu la₂",0,"gag[pock]N_uzu[flesh]N_la[hang]V/t"
"P429503",11,"o i 8","ŋešgana[tree]N giggi[black]V/i","ŋeš-kin₂ giggi",0,"ŋešgana[tree]N_giggi[black]V/i"
"P459216",60,"unknown","unknown","unknown",1,"unknown"
"P247864",377,"o vi 61","bisaŋ[basket]N negipum[tool]N","{ŋeš}bisaŋ ne-ki-pu-um",0,"bisaŋ[basket]N_negipum[tool]N"
"P247864",432,"o vii 51'","guza[chair]N saŋ[head]N nita[male]N","{ŋeš}gu-za saŋ nita₂",0,"guza[chair]N_saŋ[head]N_nita[male]N"
"Q000001",415,"414","uzu[flesh]N ubur[breast]N","uzu ubur",0,"uzu[flesh]N_ubur[breast]N"
"P271301",46,"o i 43","hašhur[apple]N kurdilum[fruit-tree]N","{ŋeš}hašhur kur-di-lum",0,"hašhur[apple]N_kurdilum[fruit-tree]N"
"P271911",264,"o iv 30","u[ten]NU giŋ[unit]N","u giŋ₄",0,"u[ten]NU_giŋ[unit]N"
"P235262",86,"d i 29'","e[house]N gigir[chariot]N","{ŋeš}e₂ gigir",0,"e[house]N_gigir[chariot]N"
"P273880",11,"a i 7'","{ŋeš}x-TUG₂[NA]NA","{ŋeš}x-TUG₂",0,"{ŋeš}x-TUG₂[NA]NA"
"P447996",144,"r i 26","ligima[shoot]N ŋešnimbar[palm]N","{ŋeš}ligima ŋešnimbar",0,"ligima[shoot]N_ŋešnimbar[palm]N"
"Q000039",237,"201","ŋešdi[rung]N guza[chair]N","ŋeš-di₅ gu-za",0,"ŋešdi[rung]N_guza[chair]N"
"P273880",548,"c iii 33","ŋešnimbar[palm]N x[NA]NA","{ŋeš}ŋešnimbar x",0,"ŋešnimbar[palm]N_x[NA]NA"
"P388265",364,"unknown","unknown","unknown",4,"unknown"
"P271301",323,"r ii 7","maštakda[wooden-object]N","{ŋeš}maš-tak-didli",0,"maštakda[wooden-object]N"
"Q000001",476,"473","uzu[flesh]N nikid[~food]N","uzu ni₂-kid₂",0,"uzu[flesh]N_nikid[~food]N"
"P459216",65,"iii 4","suhur[tuft]N ŋešnimbar[palm]N","{ŋeš}suhur ŋešnimbar",0,"suhur[tuft]N_ŋešnimbar[palm]N"
"P253238",18,"o 15'","šennur[plum]N","{ŋeš}šennur",0,"šennur[plum]N"
"Q000001",315,"315","KUN-UŠ[NA]NA","KUN-UŠ",0,"KUN-UŠ[NA]NA"
"Q000001",65,"65","udu[sheep]N sig[pluck]V/t","udu si-si-ga",0,"udu[sheep]N_sig[pluck]V/t"
"P347814",106,"b i 36'","x[NA]NA x-ra-kam[NA]NA","x x-ra-kam",0,"x[NA]NA_x-ra-kam[NA]NA"
"P271911",541,"r iv 11","x[NA]NA","x",0,"x[NA]NA"
"P250736",301,"r iv 19","šeganše[pile-of-bricks]N","šeg₁₂-anše",0,"šeganše[pile-of-bricks]N"
"P128345",2,"o 1","garig[comb]N siki[hair]N","{ŋeš}ga-rig₂ siki",0,"garig[comb]N_siki[hair]N"
"P459226",35,"unknown","unknown","unknown",1,"unknown"
"P250364",40,"o ii 15","apin[plow]N šudu[equipped]AJ","{ŋeš}apin šu-du₇",0,"apin[plow]N_šudu[equipped]AJ"
"P347814",226,"c ii 32'","{ŋeš}LAGAB[NA]NA mar[shovel]N","{ŋeš}LAGAB mar",0,"{ŋeš}LAGAB[NA]NA_mar[shovel]N"
"P271911",72,"o i 50'","x[NA]NA","x",0,"x[NA]NA"
"Q000039",267,"231","dilim[spoon]N","{ŋeš}dilim₂",0,"dilim[spoon]N"
"P332934",157,"o ii 73","ŋešnimbar[palm]N al-x[NA]NA","{ŋeš}ŋešnimbar al-x",0,"ŋešnimbar[palm]N_al-x[NA]NA"
"P429503",34,"o ii 3","lamgal[nut]N","{ŋeš}lam-gal",0,"lamgal[nut]N"
"P247864",434,"o vii 53'","guza[chair]N malah[sailor]N","{ŋeš}gu-za ma-lah₄",0,"guza[chair]N_malah[sailor]N"
"P253927",3,"o 2","ŋešnu[tree]N","ŋeš-nu₁₁",0,"ŋešnu[tree]N"
"P459217",53,"iii 3","mes[tree]N halub[tree]N harran[route]N","{ŋeš}mes ha-lu-ub₂ har-ra-an",0,"mes[tree]N_halub[tree]N_harran[route]N"
"P459216",34,"ii 2","ŋešaʾabak[tree]N Meluhha[1]GN","ŋeš-ab-ba me-luh-ha",0,"ŋešaʾabak[tree]N_Meluhha[1]GN"
"P271911",329,"r i 19'","illar[weapon]N eban[pair]N","illar e₂-pa-na",0,"illar[weapon]N_eban[pair]N"
"P388265",367,"r vi 7","bandudu[basket]N","{ŋeš}ba-an-du₈",0,"bandudu[basket]N"
"P250371",13,"r 2","gag[nail]N mud[tube]N gigir[chariot]N","{ŋeš}gag mud gigir",0,"gag[nail]N_mud[tube]N_gigir[chariot]N"
"Q000039",277,"241","maštakda[wooden-object]N","{ŋeš}maš-tak-da",0,"maštakda[wooden-object]N"
"P253230",5,"o i 1","apin[plow]N šu[hand]N","{ŋeš}apin šu",0,"apin[plow]N_šu[hand]N"
"P250364",137,"r iii 3'","{ŋeš}x-x[NA]NA","{ŋeš}x-x",0,"{ŋeš}x-x[NA]NA"
"P347814",131,"b ii 15'","{ŋeš}dim-x[NA]NA","{ŋeš}dim-x",0,"{ŋeš}dim-x[NA]NA"
"P370399",102,"unknown","unknown","unknown",1,"unknown"
"P271301",185,"o iv 19","pešmur[~palm]N a[arm]N ŋešnimbar[palm]N","{ŋeš}peš-murgu a₂ ŋešnimbar",0,"pešmur[~palm]N_a[arm]N_ŋešnimbar[palm]N"
"P388265",281,"r iv 21","ig[door]N egal[palace]N","{ŋeš}ig e₂-gal",0,"ig[door]N_egal[palace]N"
"P347516",2,"o 1","ŋešnud[bed]N","ŋeš-nud",0,"ŋešnud[bed]N"
"P247864",288,"o v 36","{ŋeš}x-x[NA]NA x[NA]NA","{ŋeš}x-x x",0,"{ŋeš}x-x[NA]NA_x[NA]NA"
"P250363",22,"r 9","mud[tube]N x[NA]NA","{ŋeš}mud x",0,"mud[tube]N_x[NA]NA"
"P429504",24,"o iii' 5","{ŋeš}gurun-kiš[NA]NA","{ŋeš}gurun-kiš",0,"{ŋeš}gurun-kiš[NA]NA"
"P273880",505,"c ii 50","ubila[charcoal]N","{ŋeš}u₂-bil-la₂",0,"ubila[charcoal]N"
"P253866",23,"o i 18'","na[box]N","{ŋeš}na₅",0,"na[box]N"
"Q000039",42,"35","ildag[poplar]N kur[mountain]N","{ŋeš}ildag₂ kur",0,"ildag[poplar]N_kur[mountain]N"
"Q000001",20,"20","udu[sheep]N na[cvne]N deg[collect]V/t","udu na degₓ(RI)",0,"udu[sheep]N_na[cvne]N_deg[collect]V/t"
"P349859",4,"04'","sa[net]N igi[eye]N tur[small]V/i","{ŋeš}sa igi tur-tur",0,"sa[net]N_igi[eye]N_tur[small]V/i"
"P347814",224,"c ii 30'","eme[tongue]N mar[shovel]N","{ŋeš}eme mar",0,"eme[tongue]N_mar[shovel]N"
"Q000001",156,"156","sila[lamb]N gabaria[offering]N","sila₄ gaba-ri-a",0,"sila[lamb]N_gabaria[offering]N"
"P253896",4,"o 3","isimu[sprout]N","{ŋeš}isimu₃{+mu₂}",0,"isimu[sprout]N"
"P273880",134,"a iv 31'","guza[chair]N malah[sailor]N","{ŋeš}gu-za ma₂-lah₅",0,"guza[chair]N_malah[sailor]N"
"P247864",364,"o vi 48","dilim[spoon]N","{ŋeš}dilim₂",0,"dilim[spoon]N"
"P447996",220,"r iii 21","antibal[sign]N ma[ship]N","{ŋeš}an-ti-bal ma₂",0,"antibal[sign]N_ma[ship]N"
"P388265",89,"iv 6","KID.da[twig]N sil[split]V/i","{ŋeš}KID-da za₃-l·a₂",0,"KID.da[twig]N_sil[split]V/i"
"P273880",312,"b iii 40","ušub[brick-mold]N","{ŋeš}u₃-šub",0,"ušub[brick-mold]N"
"P235262",106,"d ii 11'","maš[~wheel]N umbin[wheel]N gagsila[harness]N","{ŋeš}maš₂ umbin gag-sal₄",0,"maš[~wheel]N_umbin[wheel]N_gagsila[harness]N"
"P447996",23,"o iii 19","ildag[poplar]N","{ŋeš}ildag₂",0,"ildag[poplar]N"
"P250736",208,"r ii 12","sab[jar]N i[oil]N dug[good]V/i","{dug}sab i₃ dug₃",0,"sab[jar]N_i[oil]N_dug[good]V/i"
"P459218",46,"o ii 26'","madal[pole]N","{ŋeš}mudla(BU)",0,"madal[pole]N"
"P225109",6,"o i 3","ŋešdal[crossbar]N margida[cart]N","ŋeš-dal mar-gid₂-da",0,"ŋešdal[crossbar]N_margida[cart]N"
"P235262",79,"d i 22'","eškiri[rope]N","{ŋeš}eškiri₂",0,"eškiri[rope]N"
"P273880",403,"c i 6","kan[gate]N","{ŋeš}kan₄",0,"kan[gate]N"
"P224996",4,"o i 1","guza[chair]N","{ŋeš}gu-za",0,"guza[chair]N"
"P250736",275,"r iii 36","kag[mouth]N burud[perforate]V/t","ka buru₃",0,"kag[mouth]N_burud[perforate]V/t"
"P437074",24,"a iii 6'","ŋešnimbar[palm]N sukud[height]N","{ŋeš}ŋešnimbar sukud",0,"ŋešnimbar[palm]N_sukud[height]N"
"P429503",73,"o iii 12","ŋešnimbar[palm]N x[NA]NA","{ŋeš}ŋešnimbar x",0,"ŋešnimbar[palm]N_x[NA]NA"
"P253238",4,"o 1'","šinig[tamarisk]N","{ŋeš}šinig",0,"šinig[tamarisk]N"
"Q000001",100,"100","udu[sheep]N mašanše[animals]N","udu maš₂-anše",0,"udu[sheep]N_mašanše[animals]N"
"P447996",191,"r ii 28","ma[ship]N til[live]V/i","{ŋeš}ma₂ til",0,"ma[ship]N_til[live]V/i"
"P459216",12,"i 10","ŋeštin[vine]N","{ŋeš}ŋeštin",0,"ŋeštin[vine]N"
"P235262",71,"d i 14'","ma[ship]N nimin[forty]NU gur[unit]N","{ŋeš}ma₂ nimin gur",0,"ma[ship]N_nimin[forty]NU_gur[unit]N"
"Q000001",161,"161","sila[lamb]N maš[goat]N","sila₄ maš₂",0,"sila[lamb]N_maš[goat]N"
"P253233",20,"o ii 3","dilim[spoon]N banšur[table]N","{ŋeš}dilim₂ banšur",0,"dilim[spoon]N_banšur[table]N"
"P253233",48,"r i 16'","ildag[poplar]N bur[spread]V/t","{ŋeš}ildag₂ bur-ra",0,"ildag[poplar]N_bur[spread]V/t"
"P250736",231,"r ii 35","burzi[bowl]N tunbar[moustache]N","{dug}bur-zi tun₃-bar",0,"burzi[bowl]N_tunbar[moustache]N"
"P271320",28,"unknown","unknown","unknown",999,"unknown"
"Q000039",11,"9","ŋeštinkira[berry]N","{ŋeš}ŋeštin-kir₄",0,"ŋeštinkira[berry]N"
"Q000039",670,"604","miritum[instrument]N","{ŋeš}mi-ri₂-tum",0,"miritum[instrument]N"
"P459216",191,"r iv 23'","šudul[yoke]N margida[cart]N","{ŋeš}šudul₄ mar-gid₂-da",0,"šudul[yoke]N_margida[cart]N"
"P459217",6,"i 5'","{ŋeš}ŋeštin-HUR-ma[NA]NA","{ŋeš}ŋeštin-HUR-ma",0,"{ŋeš}ŋeštin-HUR-ma[NA]NA"
"Q000039",615,"552a","illar[weapon]N šu[hand]N lugal[king]N","{ŋeš}illar šu lugal",0,"illar[weapon]N_šu[hand]N_lugal[king]N"
"P347814",259,"d i 14'","si[horn]N","{ŋeš}si",0,"si[horn]N"
"P271911",551,"r iv 18","ŠID-DIM₂[NA]NA","ŠID-DIM₂",0,"ŠID-DIM₂[NA]NA"
"Q000039",550,"494","I.LU[~irrigation]N","{ŋeš}|I.LU|",0,"I.LU[~irrigation]N"
"Q000039",87,"69","ŋešnimbar[palm]N dar[split]V/t","{ŋeš}ŋešnimbar dar",0,"ŋešnimbar[palm]N_dar[split]V/t"
"P271771",85,"o v 15","{ŋeš}u₃-ŋa₂-la₂[NA]NA","{ŋeš}u₃-ŋa₂-la₂",0,"{ŋeš}u₃-ŋa₂-la₂[NA]NA"
"P271911",48,"o i 32'","gag[nail]N mud[tube]N","gag mud",0,"gag[nail]N_mud[tube]N"
"Q000039",232,"196a","guza[chair]N gar[knob]N kugsig[gold]N ŋar[place]V/t","{ŋeš}gu-za gar₃ kug-sig₁₇ ŋar",0,"guza[chair]N_gar[knob]N_kugsig[gold]N_ŋar[place]V/t"
"P273880",628,"d i 1'","madal[pole]N","{ŋeš}mudla(BU)",0,"madal[pole]N"
"P388265",280,"r iv 20","ig[door]N $MAŠ[NA]NA barda[crossbar]N","{ŋeš}ig $MAŠ bar-du₃-a",0,"ig[door]N_$MAŠ[NA]NA_barda[crossbar]N"
"P271320",61,"r ii' 9'","ŋešŋiri[fetters]N margida[cart]N","ŋeš-ŋiri₃ mar-gid₂-da",0,"ŋešŋiri[fetters]N_margida[cart]N"
"P459218",26,"o ii 5'","niŋzu[~loom]N","{ŋeš}niŋ₂-zu",0,"niŋzu[~loom]N"
"P271301",116,"o iii 4","eren[cedar]N babbar[white]V/i","{ŋeš}eren babbar",0,"eren[cedar]N_babbar[white]V/i"
"P459216",30,"i 28","šaršabid[tree]N","{ŋeš}šarₓ(NE)-ša₄-bid₃",0,"šaršabid[tree]N"
"P273880",176,"b i 19'","guza[chair]N kinud[bedroom]N","{ŋeš}gu-za ki-nud",0,"guza[chair]N_kinud[bedroom]N"
"P332934",181,"o iii 17","ŋešnimbar[palm]N uhin[date]N ah[dry]V/i","{ŋeš}ŋešnimbar u₄-hi-in e₃",0,"ŋešnimbar[palm]N_uhin[date]N_ah[dry]V/i"
"P250736",210,"r ii 14","gir[jar]N ga[milk]N","{dug}gir₉ ga",0,"gir[jar]N_ga[milk]N"
"P273880",615,"c iv 49","sugin[rot]N","{ŋeš}sugin",0,"sugin[rot]N"
"P459216",176,"r iv 8'","x[NA]NA gagsila[harness]N","x gag-sal₄",0,"x[NA]NA_gagsila[harness]N"
"P273880",412,"c i 15","x[NA]NA tukul[weapon]N","x tukul",0,"x[NA]NA_tukul[weapon]N"
"P271911",15,"o i 9'","ig[door]N manu[wood]N","ig {ŋeš}ma-nu",0,"ig[door]N_manu[wood]N"
"Q000039",537,"481","al[hoe]N zu[tooth]N eš[three]NU","{ŋeš}al zu₂ eš₅",0,"al[hoe]N_zu[tooth]N_eš[three]NU"
"P273880",463,"c ii 7","ad[log]N ma[ship]N","{ŋeš}ad ma₂",0,"ad[log]N_ma[ship]N"
"P273880",46,"a ii 13'","gag[nail]N x-x[NA]NA apin[plow]N","{ŋeš}gag x-x apin",0,"gag[nail]N_x-x[NA]NA_apin[plow]N"
"P247864",176,"o iii 50","e[house]N gigir[chariot]N","{ŋeš}e₂ gigir",0,"e[house]N_gigir[chariot]N"
"P271911",121,"o ii 42","gur[rim]N ala[drum]N","gur₂ a₂-la₂",0,"gur[rim]N_ala[drum]N"
"Q000039",137,"114","kišighar[tree]N kur[mountain]N","{ŋeš}kišig-har kur",0,"kišighar[tree]N_kur[mountain]N"
"P235262",98,"d ii 3'","kag[mouth]N umbin[wheel]N gigir[chariot]N","{ŋeš}ka umbin gigir",0,"kag[mouth]N_umbin[wheel]N_gigir[chariot]N"
"P459217",115,"r i 1'","x-bi[NA]NA","x-bi",0,"x-bi[NA]NA"
"P271320",20,"o i 13'","guza[chair]N malah[sailor]N","{ŋeš}gu-za ma₂-lah₅",0,"guza[chair]N_malah[sailor]N"
"P273880",139,"a iv 36'","guza[chair]N gurum[bend]V/t","{ŋeš}gu-za gurum",0,"guza[chair]N_gurum[bend]V/t"
"P459228",4,"o 3","šerhazum[nut]N","{ŋeš}še-er-ha-zum",0,"šerhazum[nut]N"
"P271911",369,"r i 52'","gag[nail]N mar[shovel]N","gag mar",0,"gag[nail]N_mar[shovel]N"
"Q000001",120,"120","u[ewe]N deg[collect]V/t","u₈ degₓ(RI)-degₓ(RI)",0,"u[ewe]N_deg[collect]V/t"
"P429504",7,"o ii' 1","ŋešnimbar[palm]N uhin[date]N saŋ[choose]V/t","{ŋeš}ŋešnimbar u₄-hi-in zag",0,"ŋešnimbar[palm]N_uhin[date]N_saŋ[choose]V/t"
"P388265",359,"r v 49","katapum[object]N","{ŋeš}ka-ta-pu-um",0,"katapum[object]N"
"Q000001",56,"56","udu[sheep]N ŋirtab[scorpion]N","udu ŋir₂-tab",0,"udu[sheep]N_ŋirtab[scorpion]N"
"P273880",14,"a i 10'","x-x[NA]NA","x-x",0,"x-x[NA]NA"
"P332934",157,"o ii 73","ŋešnimbar[palm]N al-x[NA]NA","{ŋeš}ŋešnimbar al-x",0,"ŋešnimbar[palm]N_al-x[NA]NA"
"P228196",9,"9","ganum[stand]N ki-sig[NA]NA","{ŋeš}gan-nu ki-sig",0,"ganum[stand]N_ki-sig[NA]NA"
"P332939",50,"r i' 9'","šag[heart]N hul[rejoice]V/i","{ŋeš}šag₄ hul₂",0,"šag[heart]N_hul[rejoice]V/i"
"Q000039",35,"29","šimgig[tree]N","{ŋeš}šim-gig",0,"šimgig[tree]N"
"P250364",13,"o i 10","guza[chair]N gigir[chariot]N","{ŋeš}gu-za gigir",0,"guza[chair]N_gigir[chariot]N"
"P250736",243,"r iii 4","utul[tureen]N tur[small]V/i","{dug}utul₂ tur",0,"utul[tureen]N_tur[small]V/i"
"P296528",16,"r v 3'","ilianum[tree]N","{ŋeš}i-ri-a-nu-um",0,"ilianum[tree]N"
"P346714",104,"r iii 26'","ŋešrin[scales]N diš[one]NU mana[unit]N la[hang]V/t","ŋeš-rin₂ diš ma-na la₂",0,"ŋešrin[scales]N_diš[one]NU_mana[unit]N_la[hang]V/t"
"P247864",147,"o iii 21","{ŋeš}|LAGAB×KUL|[NA]NA margida[cart]N","{ŋeš}|LAGAB×KUL| mar-gid₂-da",0,"{ŋeš}|LAGAB×KUL|[NA]NA_margida[cart]N"
"P459217",106,"iv 28","ŋešnimbar[palm]N al-x[NA]NA","{ŋeš}ŋešnimbar al-x",0,"ŋešnimbar[palm]N_al-x[NA]NA"
"P273880",674,"d ii 9'","ŋeš[tree]N mu-uš-za[NA]NA","ŋeš mu-uš-za",0,"ŋeš[tree]N_mu-uš-za[NA]NA"
"P250364",91,"o v 12","sa[net]N gal[big]V/i","{ŋeš}sa gal",0,"sa[net]N_gal[big]V/i"
"P271771",67,"o iv 23","{ŋeš}peš-UŠ[NA]NA ŋešnimbar[palm]N","{ŋeš}peš-UŠ ŋešnimbar",0,"{ŋeš}peš-UŠ[NA]NA_ŋešnimbar[palm]N"
"P273880",570,"unknown","unknown","unknown",2,"unknown"
"P250736",262,"r iii 23","baneš[container]N","{dug}niŋ₂-{+ba-an}baneš",0,"baneš[container]N"
"P273880",717,"d iii 8'","ŋeš[tree]N zu[tooth]N kešed[bind]V/t","ŋeš zu₂ keš₂",0,"ŋeš[tree]N_zu[tooth]N_kešed[bind]V/t"
"Q000001",98,"98","udu[sheep]N gug[grass]N nud[lie]V/t","udu gug-ga nud",0,"udu[sheep]N_gug[grass]N_nud[lie]V/t"
"P273880",47,"a ii 14'","{ŋeš}x[NA]NA","{ŋeš}x",0,"{ŋeš}x[NA]NA"
"P253866",32,"o i 27'","ig[door]N abula[gate]N","{ŋeš}ig abul",0,"ig[door]N_abula[gate]N"
"P253866",89,"o iii 22'","ŋešnaruak[~stele]N","ŋeš-na-ru₂-a",0,"ŋešnaruak[~stele]N"
"P273880",62,"unknown","unknown","unknown",9,"unknown"
"P271911",341,"r i 28'","aga[ax]N giŋ[ax]N","{+ga}aga₃ giŋ₄",0,"aga[ax]N_giŋ[ax]N"
"P388265",55,"iii 4","eren[cedar]N mes[blackness]N","{ŋeš}eren mes",0,"eren[cedar]N_mes[blackness]N"
"Q000039",541,"485","ušub[brick-mold]N šeg[brick]N","{ŋeš}u₃-šub šeg₁₂",0,"ušub[brick-mold]N_šeg[brick]N"
"P347814",177,"c i 33'","al[hoe]N sa[sinew]N la[hang]V/t","{ŋeš}al sa la₂",0,"al[hoe]N_sa[sinew]N_la[hang]V/t"
"P459216",19,"i 17","hašhur[apple]N kur[mountain]N","{ŋeš}hašhur kur",0,"hašhur[apple]N_kur[mountain]N"
"Q000001",373,"373","niŋbuna[turtle]N","niŋ₂-bun₂-na",0,"niŋbuna[turtle]N"
"Q000039",650,"584","mar[shovel]N niŋsur[beer]N","{ŋeš}mar niŋ₂-sur",0,"mar[shovel]N_niŋsur[beer]N"
"P253233",20,"o ii 3","dilim[spoon]N banšur[table]N","{ŋeš}dilim₂ banšur",0,"dilim[spoon]N_banšur[table]N"
"P437074",111,"b iii 15'","guza[chair]N gar[knob]N kugbabbar[silver]N ŋar[place]V/t","{ŋeš}gu-za gar₃ kug-babbar ŋar",0,"guza[chair]N_gar[knob]N_kugbabbar[silver]N_ŋar[place]V/t"
"P250736",290,"r iv 8","x-x[NA]NA","x-x",0,"x-x[NA]NA"
"P250736",70,"o iii 4","kid[mat]N titab[~beer]N","{gi}kid titab₂",0,"kid[mat]N_titab[~beer]N"
"P253230",27,"o ii 5","apin[plow]N zir[break]V/t","{ŋeš}apin zi",0,"apin[plow]N_zir[break]V/t"
"P250736",211,"r ii 15","{dug}LAGAB-a[NA]NA","{dug}LAGAB-a",0,"{dug}LAGAB-a[NA]NA"
"P247864",425,"o vii 44'","guza[chair]N gid[drag]V/t ilimmu[nine]NU kuš[skin]N","{ŋeš}gu-za gid₂ ilimmu kuš",0,"guza[chair]N_gid[drag]V/t_ilimmu[nine]NU_kuš[skin]N"
"P429503",87,"o iii 26","ŋešnimbar[palm]N x[NA]NA","{ŋeš}ŋešnimbar x",0,"ŋešnimbar[palm]N_x[NA]NA"
"P273880",140,"a iv 37'","guza[chair]N x-x[NA]NA","{ŋeš}gu-za x-x",0,"guza[chair]N_x-x[NA]NA"
"Q000039",693,"625","ganum[stand]N a[water]N","{ŋeš}ga-an-nu a",0,"ganum[stand]N_a[water]N"
"P437074",143,"c i 8'","ŋešnud[bed]N zid[right]V/i","ŋeš-nud zid",0,"ŋešnud[bed]N_zid[right]V/i"
"P247864",37,"o i 34","dih[weed]N","{ŋeš}dih₃(NIM)",0,"dih[weed]N"
"P332934",25,"o i 21","ŋeštin[vine]N sur[press]V/t","{ŋeš}ŋeštin sur",0,"ŋeštin[vine]N_sur[press]V/t"
"Q000001",278,"278","muš[snake]N eme[tongue]N min[two]NU","muš eme min",0,"muš[snake]N_eme[tongue]N_min[two]NU"
"Q000039",435,"388","suku[pole]N ig[door]N","{ŋeš}suku₅ ig",0,"suku[pole]N_ig[door]N"
"P370399",125,"o iv 22'","{ŋeš}x[NA]NA gigir[chariot]N","{ŋeš}x gigir",0,"{ŋeš}x[NA]NA_gigir[chariot]N"
"P271911",555,"r iv 21","magaz[bench]N niŋ[thing]N burud[perforate]V/t","nam-gaz niŋ₂ bur₃-bur₃",0,"magaz[bench]N_niŋ[thing]N_burud[perforate]V/t"
"P271911",64,"unknown","unknown","unknown",1,"unknown"
"Q000001",367,"367","pešigigunu[rodent]N","peš₂-igi-gun₃",0,"pešigigunu[rodent]N"
"P250736",212,"r ii 16","kabduga[checked]N","{dug}kab-dug₄-ga",0,"kabduga[checked]N"
"P429503",79,"o iii 18","ŋešnimbar[palm]N x[NA]NA","{ŋeš}ŋešnimbar x",0,"ŋešnimbar[palm]N_x[NA]NA"
"P271320",55,"r ii' 4'","sudin[~chariot]N margida[cart]N","{ŋeš}su-din mar-gid₂-da",0,"sudin[~chariot]N_margida[cart]N"
"P271771",104,"r i 10'","na[box]N kuš[skin]N","{ŋeš}na kuš",0,"na[box]N_kuš[skin]N"
"Q000001",75,"75","udu[sheep]N ŋešbun[meal]N","udu ŋešbun",0,"udu[sheep]N_ŋešbun[meal]N"
"P346714",153,"r iv 36'","{ŋeš}$LAGAB[NA]NA illar[weapon]N","{ŋeš}$LAGAB illar",0,"{ŋeš}$LAGAB[NA]NA_illar[weapon]N"
"P271911",66,"o i 45'","nura[~loom]N","nir-ra",0,"nura[~loom]N"
"P271911",554,"r iv 20","magaz[bench]N","nam-gaz",0,"magaz[bench]N"
"P247864",8,"o i 5","taškarin[boxwood]N","{ŋeš}taškarin",0,"taškarin[boxwood]N"
"Q000039",55,"47","KID.da[twig]N","{ŋeš}KID-da",0,"KID.da[twig]N"
"P247864",287,"o v 35","{ŋeš}x-x[NA]NA","{ŋeš}x-x",0,"{ŋeš}x-x[NA]NA"
"P271911",111,"o ii 34","mudla[basket]N","{+mu-ud-la}BU",0,"mudla[basket]N"
"P459218",5,"unknown","unknown","unknown",2,"unknown"
"P370399",14,"o i 11'","tubala[harness]N ŋešnimbar[palm]N","{ŋeš}tubaₓ(TUG₂) ŋešnimbar",0,"tubala[harness]N_ŋešnimbar[palm]N"
"P253228",31,"o ii 12","al[hoe]N zu[tooth]N min[two]NU","{ŋeš}al zu₂ min",0,"al[hoe]N_zu[tooth]N_min[two]NU"
"P250363",4,"o 3'","ig[door]N papah[cella]N","{ŋeš}ig pap-pah",0,"ig[door]N_papah[cella]N"
"P271911",350,"unknown","unknown","unknown",1,"unknown"
"P437074",25,"a iii 7'","šag[heart]N ŋešnimbar[palm]N","{ŋeš}šag₄ ŋešnimbar",0,"šag[heart]N_ŋešnimbar[palm]N"
"Q000039",745,"674","kiri[nose]N gud[ox]N","{ŋeš}kiri₃ gud",0,"kiri[nose]N_gud[ox]N"
"P271911",291,"o iv 53","saʾad[trap?]N","sa-ad",0,"saʾad[trap?]N"
"Q000001",134,"134","mašgal[goat]N","maš₂-gal",0,"mašgal[goat]N"
"P271911",170,"unknown","unknown","unknown",1,"unknown"
"P273880",653,"d i 36'","ŋeš[tree]N kud[cut]V/t","ŋeš kud",0,"ŋeš[tree]N_kud[cut]V/t"
"P271911",588,"r iv 45","akar[implement]N","a₂-kar₂",0,"akar[implement]N"
"P271301",423,"r iv 4","gigir[chariot]N me[battle]N tum[suitable]V/i","{ŋeš}gigir me₃ tum₂",0,"gigir[chariot]N_me[battle]N_tum[suitable]V/i"
"P332934",213,"o iii 51","su[fibers]N al-KU-ra[NA]NA ŋešnimbar[palm]N","{ŋeš}su₁₁ al-KU-ra ŋešnimbar",0,"su[fibers]N_al-KU-ra[NA]NA_ŋešnimbar[palm]N"
"P271911",404,"r ii 17","kul[handle]N zamin[lyre]N","kul za₃-mi₂",0,"kul[handle]N_zamin[lyre]N"
"P247864",36,"o i 33","ŋipar[tree]N","{ŋeš}ŋi₆-par₃",0,"ŋipar[tree]N"
"P332934",31,"o i 27","peš[fig]N Mari[1]SN","{ŋeš}peš₃ ma₂-ri₂{ki}",0,"peš[fig]N_Mari[1]SN"
"P370399",198,"o vii 10'","{ŋeš}x[NA]NA","{ŋeš}x",0,"{ŋeš}x[NA]NA"
"Q000001",405,"404","uzu[flesh]N udšuš[daily]AJ","uzu u₄-šu₂-uš",0,"uzu[flesh]N_udšuš[daily]AJ"
"P253228",16,"o i 12","al[hoe]N zu[tooth]N min[two]NU","{ŋeš}al zu₂ min",0,"al[hoe]N_zu[tooth]N_min[two]NU"
"P273880",184,"b i 34'","ŋešnud[bed]N šagkal[tree]N","ŋeš-nud šag₄-kal",0,"ŋešnud[bed]N_šagkal[tree]N"
"P459216",169,"unknown","unknown","unknown",1,"unknown"
"P271911",383,"r ii 2","balaŋ[instrument]N a-x[NA]NA","balaŋ a-x",0,"balaŋ[instrument]N_a-x[NA]NA"
"P388265",380,"r vi 21","šerah[shovel]N","{ŋeš}še-ra-ah",0,"šerah[shovel]N"
"P388265",87,"iv 4","KID.da[twig]N","{ŋeš}KID-da",0,"KID.da[twig]N"
"P235262",64,"d i 7'","{ŋeš}u₅-zi-pa-ah[NA]NA ma[ship]N","{ŋeš}u₅-zi-pa-ah ma₂",0,"{ŋeš}u₅-zi-pa-ah[NA]NA_ma[ship]N"
"P247864",29,"o i 26","{ŋeš}qi₂-na-zum[NA]NA","{ŋeš}qi₂-na-zum",0,"{ŋeš}qi₂-na-zum[NA]NA"
"P247864",315,"o v 63","ma[ship]N uri[vessel]N","{ŋeš}ma₂ uri",0,"ma[ship]N_uri[vessel]N"
"P250364",129,"r ii 14'","dih[weed]N kur[mountain]N","{ŋeš}dih₃ kur",0,"dih[weed]N_kur[mountain]N"
"P271771",124,"r ii 11'","emerah[jug]N gal[big]V/i","{ŋeš}emerahₓ(|UD.HUB₂|) gal",0,"emerah[jug]N_gal[big]V/i"
"P492330",12,"o i 10","ŋeš[tree]N x-x-bi[NA]NA","ŋeš x-x-bi",0,"ŋeš[tree]N_x-x-bi[NA]NA"
"P332934",353,"r iv 10","{ŋeš}šu-mar[NA]NA gigir[chariot]N","{ŋeš}šu-mar gigir",0,"{ŋeš}šu-mar[NA]NA_gigir[chariot]N"
"P247864",49,"o i 46","lam[tree]N usuh[tree]N","{ŋeš}lam u₃-suh₅",0,"lam[tree]N_usuh[tree]N"
"Q000039",169,"143","{ŋeš}|LAGAB×A|-da[NA]NA","{ŋeš}|LAGAB×A|-da",0,"{ŋeš}|LAGAB×A|-da[NA]NA"
"P271911",588,"r iv 45","akar[implement]N","a₂-kar₂",0,"akar[implement]N"
"P250371",4,"o 2","gaba[chest]N gigir[chariot]N","{ŋeš}gaba gigir",0,"gaba[chest]N_gigir[chariot]N"
"P271771",143,"unknown","unknown","unknown",999,"unknown"
"P273880",34,"a ii 1'","dub[knee]N bar[outside]V/t apin[plow]N","{ŋeš}dub₃ bar apin",0,"dub[knee]N_bar[outside]V/t_apin[plow]N"
"Q000039",167,"142","aslum[rod]N","{ŋeš}as₄-lum",0,"aslum[rod]N"
"P447996",226,"r iii 27","si[horn]N malah[sailor]N","{ŋeš}si ma₂-lah₄",0,"si[horn]N_malah[sailor]N"
"P370399",202,"unknown","unknown","unknown",1,"unknown"
"Q000039",115,"93","su[fibers]N gal[big]V/i ŋešnimbar[palm]N","{ŋeš}su₁₁ gu-la ŋešnimbar",0,"su[fibers]N_gal[big]V/i_ŋešnimbar[palm]N"
"P253866",11,"o i 6'","ŋešgina[~loom]N","{ŋeš}niŋ₂-gi-na",0,"ŋešgina[~loom]N"
"P271911",163,"unknown","unknown","unknown",1,"unknown"
"P459216",193,"r iv 25'","zara[pivot]N margida[cart]N","{ŋeš}za-ra mar-gid₂-da",0,"zara[pivot]N_margida[cart]N"
"P273880",113,"a iv 1'","nukušu[~door]N","{ŋeš}nu-kuš₂",0,"nukušu[~door]N"
"X100003",13,"o 12","ŋeš[tree]N giggi[black]V/i","ŋeš giggi",0,"ŋeš[tree]N_giggi[black]V/i"
"P459217",47,"ii 23'","KID.da[twig]N si[NA]NA","{ŋeš}KID-da si",0,"KID.da[twig]N_si[NA]NA"
"P388265",342,"r v 27","ušub[brick-mold]N arhum[half-brick]N","{ŋeš}u₃-šub ar-hu-um",0,"ušub[brick-mold]N_arhum[half-brick]N"
"P429503",138,"r ii' 14'","egir[back]N ma[ship]N","{ŋeš}egir ma₂",0,"egir[back]N_ma[ship]N"
"P250364",107,"r i 7'","gude[lute]N","{ŋeš}gu₃-di",0,"gude[lute]N"
"P271301",465,"r iv 46","margida[cart]N Elam[1]GN","{ŋeš}mar-gid₂-da elam-ma{ki}",0,"margida[cart]N_Elam[1]GN"
"P273880",500,"c ii 45","{ŋeš}x-kul[NA]NA ma[ship]N","{ŋeš}x-kul ma₂",0,"{ŋeš}x-kul[NA]NA_ma[ship]N"
"P253238",18,"o 15'","šennur[plum]N","{ŋeš}šennur",0,"šennur[plum]N"
"P271911",432,"unknown","unknown","unknown",1,"unknown"
"Q000039",187,"155a","ba[tool]N gur[unit]N","{ŋeš}ba gur",0,"ba[tool]N_gur[unit]N"
"P459227",7,"unknown","unknown","unknown",999,"unknown"
"P271911",398,"unknown","unknown","unknown",1,"unknown"
"P437074",86,"b ii 10''","guza[chair]N sag[good]V/i","{ŋeš}gu-za sag₁₀",0,"guza[chair]N_sag[good]V/i"
"P429504",28,"o iii' 9","samhazum[tree]N","{ŋeš}sa-mu-ha-zum",0,"samhazum[tree]N"
"P429503",19,"o i 16","ŋeštinzug[grape]N","{ŋeš}ŋeštin-zug₂",0,"ŋeštinzug[grape]N"
"Q000001",13,"13","udu[sheep]N gukkal[sheep]N niga[fattened]V/i","udu gukkal niga",0,"udu[sheep]N_gukkal[sheep]N_niga[fattened]V/i"
"P250736",145,"o iv 38","gi[reed]N DI-x[NA]NA","gi DI-x",0,"gi[reed]N_DI-x[NA]NA"
"P437074",43,"b i 4''","peškal[tree]N","{ŋeš}peš₇-kal",0,"peškal[tree]N"
"Q000039",164,"140","pa[branch]N","{ŋeš}pa",0,"pa[branch]N"
"P459217",97,"iv 19","tubala[harness]N ŋešnimbar[palm]N","{ŋeš}tubaₓ(TUG₂) ŋešnimbar",0,"tubala[harness]N_ŋešnimbar[palm]N"
"P388265",157,"r i 35","esi[tree]N","{ŋeš}esi",0,"esi[tree]N"
"P332934",107,"o ii 24","tir[forest]N manu[wood]N","{ŋeš}tir {ŋeš}ma-nu",0,"tir[forest]N_manu[wood]N"
"P250736",199,"r ii 3","{dug}x-x[NA]NA","{dug}x-x",0,"{dug}x-x[NA]NA"
"P247864",22,"o i 19","mes[tree]N ma₂-gan-na[NA]NA","{ŋeš}mes ma₂-gan-na",0,"mes[tree]N_ma₂-gan-na[NA]NA"
"P117404",3,"o 2","ig[door]N dib[board]N","{ŋeš}ig dib",0,"ig[door]N_dib[board]N"
"P271911",228,"o iv 3","barda[crossbar]N x[NA]NA","{ŋeš}bar-da x",0,"barda[crossbar]N_x[NA]NA"
"P347814",215,"c ii 21'","maršebad[winnowing-shovel]N","{ŋeš}mar-še-bad",0,"maršebad[winnowing-shovel]N"
"Q000039",313,"275","ma[ship]N su[sink]V/t","{ŋeš}ma₂ su",0,"ma[ship]N_su[sink]V/t"
"P437074",114,"unknown","unknown","unknown",999,"unknown"
"P459217",122,"r i 9'","{ŋeš}|LAGAB×ZA|-zum[NA]NA","{ŋeš}|LAGAB×ZA|-zum",0,"{ŋeš}|LAGAB×ZA|-zum[NA]NA"
"Q000039",678,"610","zamin[lyre]N","{ŋeš}za₃-mi₂",0,"zamin[lyre]N"
"P409466",9,"o 8","ma[ship]N Ninurta[1]DN","{ŋeš}ma₂ {d}nin-urta",0,"ma[ship]N_Ninurta[1]DN"
"P250363",22,"r 9","mud[tube]N x[NA]NA","{ŋeš}mud x",0,"mud[tube]N_x[NA]NA"
"P492330",22,"o ii 5","tukul[weapon]N saŋ[head]N ninnu[fifty]NU","{ŋeš}tukul saŋ ninnu",0,"tukul[weapon]N_saŋ[head]N_ninnu[fifty]NU"
"P273880",539,"c iii 24","ŋešnimbar[palm]N sug[empty]V/i","{ŋeš}ŋešnimbar sug₄",0,"ŋešnimbar[palm]N_sug[empty]V/i"
"P271301",59,"o ii 7","az[myrtle]N","{ŋeš}{šim}az",0,"az[myrtle]N"
"P370399",170,"o v 24'","naŋa[mortar]N tukul[weapon]N gaz[kill]V/t","{ŋeš}naŋa₃ tukul gaz",0,"naŋa[mortar]N_tukul[weapon]N_gaz[kill]V/t"
"P459216",183,"r iv 15'","ŋešdal[crossbar]N margida[cart]N","ŋeš-dal mar-gid₂-da",0,"ŋešdal[crossbar]N_margida[cart]N"
"P346714",114,"r iii 36'","al[hoe]N zu[tooth]N limmu[four]NU","{ŋeš}al zu₂ limmu₅",0,"al[hoe]N_zu[tooth]N_limmu[four]NU"
"X100003",15,"o 14","ŋeštinkira[berry]N","{ŋeš}ŋeštin-ŋir₂",0,"ŋeštinkira[berry]N"
"P273880",364,"b iv 31","ešgiri[staff]N","ŋeš-giri₁₉",0,"ešgiri[staff]N"
"P271911",132,"o ii 52","ŋešrin[scales]N sal[thin]V/i","rin₂ sal",0,"ŋešrin[scales]N_sal[thin]V/i"
"P388265",233,"r iii 12","guza[chair]N gar[knob]N kugsig[gold]N ŋar[place]V/t","{ŋeš}gu-za gar₃ kug-sig₁₇ ŋar",0,"guza[chair]N_gar[knob]N_kugsig[gold]N_ŋar[place]V/t"
"P273880",143,"a iv 40'","x[NA]NA","x",0,"x[NA]NA"
"P459216",96,"r i 1'","{ŋeš}x[NA]NA","{ŋeš}x",0,"{ŋeš}x[NA]NA"
"Q000039",775,"704","šaʾuša[lance]N","{ŋeš}ša-u₁₈-ša",0,"šaʾuša[lance]N"
"P297194",4,"o 3","usuh[tree]N","{ŋeš}u₃-suh₅",0,"usuh[tree]N"
"P447996",179,"r ii 16","Mabarmul[1]ON","{ŋeš}ma₂-bar-mul",0,"Mabarmul[1]ON"
"P492330",12,"o i 10","ŋeš[tree]N x-x-bi[NA]NA","ŋeš x-x-bi",0,"ŋeš[tree]N_x-x-bi[NA]NA"
"P271301",456,"r iv 37","DUB.du₃[~vehicle]N šar₂(|SAL+U|)-ra[NA]NA","{ŋeš}kišib₃-du₃ šar₂(|SAL+U|)-ra",0,"DUB.du₃[~vehicle]N_šar₂(|SAL+U|)-ra[NA]NA"
"Q000039",777,"706","ŋeš[tree]N šuniŋin[total]N","ŋeš šu-niŋin₂",0,"ŋeš[tree]N_šuniŋin[total]N"
"P388265",267,"r iv 7","šuʾa[stool]N dus[bathroom]N","{ŋeš}šu₂-a du₁₀-us₂",0,"šuʾa[stool]N_dus[bathroom]N"
"P273880",577,"c iv 9","{ŋeš}x[NA]NA","{ŋeš}x",0,"{ŋeš}x[NA]NA"
"P347814",273,"d ii 1'","{ŋeš}x[NA]NA","{ŋeš}x",0,"{ŋeš}x[NA]NA"
"P271911",354,"r i 38'","mar[shovel]N","mar",0,"mar[shovel]N"
"P273880",486,"c ii 30","ma[ship]N ušu[thirty]NU gur[unit]N","{ŋeš}ma₂ ušu₃ gur",0,"ma[ship]N_ušu[thirty]NU_gur[unit]N"
"P388265",36,"ii 19","tir[forest]N izi[fire]N gu[eat]V/t","{ŋeš}tir izi gu₇",0,"tir[forest]N_izi[fire]N_gu[eat]V/t"
"P228096",18,"o i 16","garig[comb]N munus[woman]N","{ŋeš}ga-rig₂ munus",0,"garig[comb]N_munus[woman]N"
"P492330",31,"r i 1'","{ŋeš}x[NA]NA","{ŋeš}x",0,"{ŋeš}x[NA]NA"
"P459216",143,"r iii 10'","ad[log]N ma[ship]N","{ŋeš}ad ma₂",0,"ad[log]N_ma[ship]N"
"P247864",390,"o vii 9'","šuʾa[stool]N dus[bathroom]N","{ŋeš}šu₂-a du₁₀-us₂",0,"šuʾa[stool]N_dus[bathroom]N"
"P273880",110,"a iii 49'","ig[door]N ul[fruit]N du[build]V/t","{ŋeš}ig ul du₃",0,"ig[door]N_ul[fruit]N_du[build]V/t"
"P271301",37,"o i 34","peš[fig]N Uri[Akkad]GN","{ŋeš}peš₃ uri{ki}",0,"peš[fig]N_Uri[Akkad]GN"
"P459216",137,"r iii 4'","ma[ship]N x[NA]NA","{ŋeš}ma₂ x",0,"ma[ship]N_x[NA]NA"
"P271301",268,"o v 41'","guza[chair]N gar[knob]N urud[copper]N ŋar[place]V/t","{ŋeš}gu-za gar₃ urud ŋar",0,"guza[chair]N_gar[knob]N_urud[copper]N_ŋar[place]V/t"
"P332939",51,"r i' 10'","gigir[chariot]N","{ŋeš}gigir",0,"gigir[chariot]N"
"P228096",10,"o i 8","nisiki[comb]N","{ŋeš}UMBIN",0,"nisiki[comb]N"
"P271911",578,"unknown","unknown","unknown",1,"unknown"
"P271771",123,"r ii 10'","maštakda[wooden-object]N","{ŋeš}maš-tak-didli",0,"maštakda[wooden-object]N"
"P388265",413,"r vi 57","kinud[bedroom]N","{ŋeš}ki-nu₂",0,"kinud[bedroom]N"
"P273244",9,"r 2","ig[door]N papah[cella]N","{ŋeš}ig pa-pa-ah",0,"ig[door]N_papah[cella]N"
"P271301",39,"o i 36","peš[fig]N Elam[1]GN","{ŋeš}peš₃ elam-ma{ki}",0,"peš[fig]N_Elam[1]GN"
"Q000001",367,"367","pešigigunu[rodent]N","peš₂-igi-gun₃",0,"pešigigunu[rodent]N"
"P429503",141,"r ii' 17'","anše[equid]N ma[ship]N","{ŋeš}anše ma₂",0,"anše[equid]N_ma[ship]N"
"P271911",549,"unknown","unknown","unknown",1,"unknown"
"P273880",671,"d ii 6'","ŋeš[tree]N saŋ[head]N","ŋeš saŋ",0,"ŋeš[tree]N_saŋ[head]N"
"P271911",264,"o iv 30","u[ten]NU giŋ[unit]N","u giŋ₄",0,"u[ten]NU_giŋ[unit]N"
"Q000039",515,"460b","gag[nail]N muš[snake]N apin[plow]N","{ŋeš}gag muš apin",0,"gag[nail]N_muš[snake]N_apin[plow]N"
"P447996",62,"o iv 31","ŋeštin[vine]N x-x-um[NA]NA","{ŋeš}ŋeštin x-x-um",0,"ŋeštin[vine]N_x-x-um[NA]NA"
"Q000001",81,"81","udu[sheep]N šuduʾa[guarantee]N","udu šu-du₈-a",0,"udu[sheep]N_šuduʾa[guarantee]N"
"P273880",263,"b ii 56","epig[drinking-vessel]N x[NA]NA","{ŋeš}epig x",0,"epig[drinking-vessel]N_x[NA]NA"
"P273880",592,"c iv 26","gam[crook]N x-x[NA]NA","{ŋeš}gam₃ x-x",0,"gam[crook]N_x-x[NA]NA"
"P273880",509,"c ii 54","{ŋeš}x-x[NA]NA aga[ax]N","{ŋeš}x-x aga",0,"{ŋeš}x-x[NA]NA_aga[ax]N"
"P296528",14,"r v 1'","urnum[cedar]N","{ŋeš}ur-nu-um",0,"urnum[cedar]N"
"P459216",153,"r iii 20'","{ŋeš}x[NA]NA madu[~boat]N","{ŋeš}x ma₂-du₃",0,"{ŋeš}x[NA]NA_madu[~boat]N"
"P459217",103,"unknown","unknown","unknown",1,"unknown"
"P332934",168,"o iii 4","ŋešnimbar[palm]N x[NA]NA","{ŋeš}ŋešnimbar x",0,"ŋešnimbar[palm]N_x[NA]NA"
"P332934",155,"o ii 71","ŋešnimbar[palm]N al-x[NA]NA","{ŋeš}ŋešnimbar al-x",0,"ŋešnimbar[palm]N_al-x[NA]NA"
"P370399",106,"o iv 3'","margida[cart]N x[NA]NA","{ŋeš}mar-gid₂-da x",0,"margida[cart]N_x[NA]NA"
"Q000039",7,"6a","ŋešgana[tree]N babbar[white]V/i","ŋeš-kin₂ babbar",0,"ŋešgana[tree]N_babbar[white]V/i"
"P247864",264,"o v 12","niŋ[thing]N sa[half]N sila[unit]N","{ŋeš}niŋ₂ sa₉ sila₃",0,"niŋ[thing]N_sa[half]N_sila[unit]N"
"P273880",265,"b ii 58","e[house]N epig[vessel]N","{ŋeš}e₂ epig",0,"e[house]N_epig[vessel]N"
"P273880",328,"b iii 56","{ŋeš}$RU[NA]NA ra-x[NA]NA","{ŋeš}$RU ra-x",0,"{ŋeš}$RU[NA]NA_ra-x[NA]NA"
"P347814",142,"b ii 26'","dim[post]N","{ŋeš}dim₃",0,"dim[post]N"
"P409465",5,"5","Matuša[1]ON","{ŋeš}ma₂-tuš-a",0,"Matuša[1]ON"
"P459217",75,"iii 25","ŋešnimbar[palm]N Dilmun[1]GN","{ŋeš}ŋešnimbar dilmun-na",0,"ŋešnimbar[palm]N_Dilmun[1]GN"
"P447996",178,"r ii 15","Makarnuntaʾea[1]ON e[leave]V/i","{ŋeš}ma₂-kar-mah-ta-e₃-a e₃",0,"Makarnuntaʾea[1]ON_e[leave]V/i"
"P388265",227,"r iii 6","guza[chair]N nita[male]N","{ŋeš}gu-za nita",0,"guza[chair]N_nita[male]N"
"Q000001",441,"440","uzu[flesh]N šag[heart]N lugal[king]N tuku[acquire]V/t","uzu šag₄ lugal tuku",0,"uzu[flesh]N_šag[heart]N_lugal[king]N_tuku[acquire]V/t"
"P271911",222,"o iii 62'","ušub[brick-mold]N šeg[brick]N alura[baked]AJ","u₃-šub šeg₁₂ al-ur₃-ra",0,"ušub[brick-mold]N_šeg[brick]N_alura[baked]AJ"
"P271320",44,"unknown","unknown","unknown",1,"unknown"
"Q000039",728,"655a","pa[branch]N kud[cut]V/t ug[die]V/t","{ŋeš}pa kud ug₅-ga",0,"pa[branch]N_kud[cut]V/t_ug[die]V/t"
"P388265",345,"r v 30","dimlumagurak[instrument]N","{ŋeš}du₃-ma₂-kar-re",0,"dimlumagurak[instrument]N"
"P447996",104,"o v 29","{ŋeš}lugal[NA]NA","{ŋeš}lugal",0,"{ŋeš}lugal[NA]NA"
"P271301",278,"r i 6","kag[mouth]N muš[snake]N guza[chair]N","{ŋeš}ka muš gu-za",0,"kag[mouth]N_muš[snake]N_guza[chair]N"
"Q000039",602,"542","{ŋeš}šu-DU[NA]NA","{ŋeš}šu-DU",0,"{ŋeš}šu-DU[NA]NA"
"P235262",77,"d i 20'","gag[nail]N ma[ship]N","{ŋeš}gag ma₂",0,"gag[nail]N_ma[ship]N"
"P271911",179,"o iii 25'","igi-kal[NA]NA apin[plow]N","igi-kal apin",0,"igi-kal[NA]NA_apin[plow]N"
"P388265",431,"t.e. iii 3","šu[handle]N","{ŋeš}šu",0,"šu[handle]N"
"P235262",118,"d ii 23'","{ŋeš}x-da[NA]NA margida[cart]N","{ŋeš}x-da mar-gid₂-da",0,"{ŋeš}x-da[NA]NA_margida[cart]N"
"P251778",4,"o 3","al[hoe]N","{ŋeš}al",0,"al[hoe]N"
"P271911",27,"o i 18'","x[NA]NA","x",0,"x[NA]NA"
"P250364",158,"r iii 24'","argibil[structure]N","{ŋeš}ar-gibil₂",0,"argibil[structure]N"
"P250364",134,"unknown","unknown","unknown",999,"unknown"
"P347814",132,"b ii 16'","{ŋeš}x[NA]NA","{ŋeš}x",0,"{ŋeš}x[NA]NA"
"P250736",200,"r ii 4","{dug}x-x[NA]NA","{dug}x-x",0,"{dug}x-x[NA]NA"
"P250736",269,"r iii 30","ubur[breast]N imin[seven]NU","{dug}ubur imin",0,"ubur[breast]N_imin[seven]NU"
"Q000001",198,"198","gud[ox]N dumu[child]N {d}utu[NA]NA","gud dumu {d}utu",0,"gud[ox]N_dumu[child]N_{d}utu[NA]NA"
"P388265",24,"i 26","dih[weed]N","{ŋeš}dih₃",0,"dih[weed]N"
"Q000039",585,"526","ŋeš[tree]N diš[one]NU giŋ[unit]N","ŋeš diš giŋ₄",0,"ŋeš[tree]N_diš[one]NU_giŋ[unit]N"
"P253866",26,"o i 21'","ig[door]N gal[big]V/i","{ŋeš}ig gal",0,"ig[door]N_gal[big]V/i"
"Q000039",329,"291","magur[barge]N Damu[1]DN","{ŋeš}ma₂-gur₈ {d}da-mu",0,"magur[barge]N_Damu[1]DN"
"Q000039",244,"208","šuʾa[stool]N tibira[sculptor]N","{ŋeš}šu₂-a tibira",0,"šuʾa[stool]N_tibira[sculptor]N"
"P346714",131,"r iv 11'","sa[net]N","{ŋeš}sa",0,"sa[net]N"
"P332934",380,"r iv 14'","ŋešdal[crossbar]N margida[cart]N","ŋeš-dal mar-gid₂-da",0,"ŋešdal[crossbar]N_margida[cart]N"
"P271911",609,"unknown","unknown","unknown",4,"unknown"
"P273880",390,"b iv 58","masatum[lance?]N","{ŋeš}ma-sa-tum",0,"masatum[lance?]N"
"P250736",70,"o iii 4","kid[mat]N titab[~beer]N","{gi}kid titab₂",0,"kid[mat]N_titab[~beer]N"
"P271911",333,"r i 22'","pana[bow]N gagsisa[arrow]N","pana gag-si-sa₂",0,"pana[bow]N_gagsisa[arrow]N"
"P271301",370,"r iii 3","ma[ship]N hedu[ornament]N","{ŋeš}ma₂ he₂-du₇",0,"ma[ship]N_hedu[ornament]N"
"P459218",119,"r i 5","kuŋ[stair]N x[NA]NA","{ŋeš}kuŋ₄ x",0,"kuŋ[stair]N_x[NA]NA"
"P273880",243,"b ii 36","ba[tool]N šidim[builder]N","{ŋeš}ba šidim",0,"ba[tool]N_šidim[builder]N"
"P459217",135,"r i 22'","x-na[NA]NA","x-na",0,"x-na[NA]NA"
"P250364",107,"r i 7'","gude[lute]N","{ŋeš}gu₃-di",0,"gude[lute]N"
"Q000039",708,"639","zena[weapon]N","{ŋeš}ze₂-na",0,"zena[weapon]N"
"P459218",12,"o i 16'","suku[pole]N ig[door]N","{ŋeš}suku₅ ig",0,"suku[pole]N_ig[door]N"
"Q000001",263,"263","muš[snake]N","muš",0,"muš[snake]N"
"Q000039",142,"119","šudiba[tree]N","{ŋeš}šu-dib-ba",0,"šudiba[tree]N"
"P253887",11,"r 3","ma[ship]N x[NA]NA gur[unit]N","ma₂ x gur",0,"ma[ship]N_x[NA]NA_gur[unit]N"
"P459218",67,"o iii 18","apin[plow]N šukara[tool]N bir[scatter]V/t","{ŋeš}apin {ŋeš}šu-kara₂ bir-bir",0,"apin[plow]N_šukara[tool]N_bir[scatter]V/t"
"P388330",3,"o 2","hašhur[apple]N kur[mountain]N","{ŋeš}hašhur kur",0,"hašhur[apple]N_kur[mountain]N"
"Q000039",414,"369","gag[nail]N umbin[wheel]N margida[cart]N","{ŋeš}gag umbin mar-gid₂-da",0,"gag[nail]N_umbin[wheel]N_margida[cart]N"
"P272243",44,"r ii 10","x[NA]NA","x",0,"x[NA]NA"
"P347814",260,"d i 15'","{ŋeš}sa-x-si[NA]NA","{ŋeš}sa-x-si",0,"{ŋeš}sa-x-si[NA]NA"
"Q000001",305,"305","ugubi[monkey]N","{+ugu}ugu₄-bi",0,"ugubi[monkey]N"
"Q000001",313,"313","durah[goat]N","durah",0,"durah[goat]N"
"P271911",329,"r i 19'","illar[weapon]N eban[pair]N","illar e₂-pa-na",0,"illar[weapon]N_eban[pair]N"
"P273880",415,"c i 18","niŋgul[hatchet]N","{ŋeš}niŋ₂-gul-gul",0,"niŋgul[hatchet]N"
"P271301",114,"o iii 2","mes[tree]N giggi[black]V/i","{ŋeš}mes giggi",0,"mes[tree]N_giggi[black]V/i"
"Q000039",460,"411","ilila[lever]N","{ŋeš}il₂-il₂",0,"ilila[lever]N"
"P447996",194,"r ii 31","magilum[boat]N","{ŋeš}ma₂-gi-lum",0,"magilum[boat]N"
"P459217",21,"i 20'","šinig[tamarisk]N dili[single]V/i","{ŋeš}šinig dili",0,"šinig[tamarisk]N_dili[single]V/i"
"P388265",151,"r i 29","al[hoe]N zu[tooth]N eš[three]NU","{ŋeš}al zu₂ eš₅",0,"al[hoe]N_zu[tooth]N_eš[three]NU"
"P346714",52,"r ii 20'","niŋŋeštug[~plow]N apin[plow]N","{ŋeš}niŋ₂-ŋeštug apin",0,"niŋŋeštug[~plow]N_apin[plow]N"
"P253228",52,"r i 16","ildag[poplar]N bur[spread]V/t","{ŋeš}ildag₂ bur-ra",0,"ildag[poplar]N_bur[spread]V/t"
"P459217",161,"r iii 18","guza[chair]N x-SU[NA]NA","{ŋeš}gu-za x-SU",0,"guza[chair]N_x-SU[NA]NA"
"P250364",66,"o iv 6","al[hoe]N","{ŋeš}al",0,"al[hoe]N"
"P250736",75,"o iii 9","gigur[container]N","gi-gur",0,"gigur[container]N"
"P271911",407,"r ii 19","ab[cow]N zamin[lyre]N","ab₂ za₃-mi₂",0,"ab[cow]N_zamin[lyre]N"
"P437074",98,"b iii 2'","guza[chair]N ki[place]N us[follow]V/t","{ŋeš}gu-za ki us₂",0,"guza[chair]N_ki[place]N_us[follow]V/t"
"P253228",95,"r iii 12'","{ŋeš}x-x-x[NA]NA","{ŋeš}x-x-x",0,"{ŋeš}x-x-x[NA]NA"
"P459217",106,"iv 28","ŋešnimbar[palm]N al-x[NA]NA","{ŋeš}ŋešnimbar al-x",0,"ŋešnimbar[palm]N_al-x[NA]NA"
"P437074",82,"b ii 6''","ŋešnaruak[~stele]N","ŋeš-na-ru₂-a",0,"ŋešnaruak[~stele]N"
"P253228",40,"r i 4","ŋipar[tree]N","{ŋeš}ŋi₆-par₄",0,"ŋipar[tree]N"
"P250364",120,"r ii 5'","magaz[bench]N burud[perforate]V/t","{ŋeš}ma-gaz burudₓ(U)-burudₓ(U)",0,"magaz[bench]N_burud[perforate]V/t"
"Q000039",221,"186a","guza[chair]N gidim[ghost]N","{ŋeš}gu-za gidim",0,"guza[chair]N_gidim[ghost]N"
"P271911",189,"o iii 34'","gag[nail]N sudin[bat]N apin[plow]N","gag su-din apin",0,"gag[nail]N_sudin[bat]N_apin[plow]N"
"P432448",9,"o 3'","ŋešnu[tree]N","ŋeš-nu₁₁",0,"ŋešnu[tree]N"
"P250364",134,"unknown","unknown","unknown",999,"unknown"
"P250364",126,"r ii 11'","{ŋeš}x-x[NA]NA","{ŋeš}x-x",0,"{ŋeš}x-x[NA]NA"
"Q000039",439,"392","dula[depth]N ig[door]N","{ŋeš}dun₃-la₂ ig",0,"dula[depth]N_ig[door]N"
"Q000001",266,"266","muš[snake]N ušumgal[dragon]N","muš ušumgal",0,"muš[snake]N_ušumgal[dragon]N"
"P253230",29,"o ii 7","apin[plow]N šudu[equipped]AJ","{ŋeš}apin šu-du₇",0,"apin[plow]N_šudu[equipped]AJ"
"P253863",3,"o 1","ŋušur[harrow]N","{ŋeš}gana₂-ur₃",0,"ŋušur[harrow]N"
"P271549",10,"6'","magid[boatman]N","ma₂-gid₂",0,"magid[boatman]N"
"Q000039",179,"149","tibala[sign]N","{ŋeš}ti-bala",0,"tibala[sign]N"
"P253228",58,"r i 22","{ŋeš}x[NA]NA maš[twin]N","{ŋeš}x maš",0,"{ŋeš}x[NA]NA_maš[twin]N"
"P332934",12,"o i 8","ŋešgana[tree]N giggi[black]V/i","ŋeš-kin₂ giggi",0,"ŋešgana[tree]N_giggi[black]V/i"
"P459216",15,"i 13","ŋeštinguruma[~vine]N","{ŋeš}ŋeštin-gurum-ma",0,"ŋeštinguruma[~vine]N"
"P388265",390,"r vi 31","ŋešdi[rung]N banšur[table]N","ŋeš-di₅ banšurₓ(|URU×IGI|)",0,"ŋešdi[rung]N_banšur[table]N"
"P447996",170,"r ii 7","Maʾana[1]ON","{ŋeš}ma₂-an-na",0,"Maʾana[1]ON"
"P228196",14,"14","mašgan[drinking-vessel]N","{ŋeš}maš-gan",0,"mašgan[drinking-vessel]N"
"P346714",80,"r iii 02'","ŋešellag[tool]N","ŋeš-ellag",0,"ŋešellag[tool]N"
"Q000039",613,"551a","luguda[object]N","{ŋeš}lugud₂-da",0,"luguda[object]N"
"P346714",5,"r i 01'","{ŋeš}x[NA]NA","{ŋeš}x",0,"{ŋeš}x[NA]NA"
"P347814",239,"c ii 45'","dimdim[instrument]N","{ŋeš}dim₃-dim₃",0,"dimdim[instrument]N"
"P447996",214,"r iii 15","x[NA]NA ma[ship]N","x ma₂",0,"x[NA]NA_ma[ship]N"
"P253230",53,"t.e. 3","x-x-du-um[NA]NA","x-x-du-um",0,"x-x-du-um[NA]NA"
"P332934",272,"r ii 1'","{ŋeš}x[NA]NA","{ŋeš}x",0,"{ŋeš}x[NA]NA"
"P370399",106,"o iv 3'","margida[cart]N x[NA]NA","{ŋeš}mar-gid₂-da x",0,"margida[cart]N_x[NA]NA"
"P346867",2,"2","{ŋeš}KAL[NA]NA","{ŋeš}KAL",0,"{ŋeš}KAL[NA]NA"
"P250736",215,"r ii 19","šaggig[vessel]N","{dug}šag₄-ki",0,"šaggig[vessel]N"
"P247864",354,"o vi 38","{ŋeš}x-x-ni[NA]NA","{ŋeš}x-x-ni",0,"{ŋeš}x-x-ni[NA]NA"
"Q000039",769,"698","piriŋ[lion]N","{ŋeš}piriŋ",0,"piriŋ[lion]N"
"P271301",456,"r iv 37","DUB.du₃[~vehicle]N šar₂(|SAL+U|)-ra[NA]NA","{ŋeš}kišib₃-du₃ šar₂(|SAL+U|)-ra",0,"DUB.du₃[~vehicle]N_šar₂(|SAL+U|)-ra[NA]NA"
"P253866",14,"o i 9'","{ŋeš}x[NA]NA nura[~loom]N","{ŋeš}x nir-ra",0,"{ŋeš}x[NA]NA_nura[~loom]N"
"P271301",269,"o v 42'","guza[chair]N taškarin[boxwood]N","{ŋeš}gu-za {ŋeš}taškarin",0,"guza[chair]N_taškarin[boxwood]N"
"Q000039",291,"255","naŋa[mortar]N","{ŋeš}naŋa₃",0,"naŋa[mortar]N"
"P297194",4,"o 3","usuh[tree]N","{ŋeš}u₃-suh₅",0,"usuh[tree]N"
"P228105",11,"o i 9'","kirid[clasp]N","{ŋeš}kirid",0,"kirid[clasp]N"
"P347814",164,"c i 19'","šukara[tool]N","{ŋeš}šu-kara₂",0,"šukara[tool]N"
"Q000001",395,"394","ŋirtab[scorpion]N su[red]V/i","ŋir₂-tab su₄",0,"ŋirtab[scorpion]N_su[red]V/i"
"Q000039",725,"653","halba[bucket]N","{ŋeš}halba₅",0,"halba[bucket]N"
"P388265",273,"r iv 13","buniŋ[trough]N tur[small]V/i","{ŋeš}buniŋ tur",0,"buniŋ[trough]N_tur[small]V/i"
"P271911",496,"r iii 31","x[NA]NA","x",0,"x[NA]NA"
"Q000001",162,"162","sila[lamb]N aslum[sheep]N","sila₄ aslumₓ(|A.LUM|)",0,"sila[lamb]N_aslum[sheep]N"
"P388265",206,"r ii 33","niŋ[thing]N šušana[fraction]N sila[unit]N","{ŋeš}niŋ₂ šušana sila₃",0,"niŋ[thing]N_šušana[fraction]N_sila[unit]N"
"P459218",88,"o iv 6","{ŋeš}x[NA]NA","{ŋeš}x",0,"{ŋeš}x[NA]NA"
"P347814",163,"c i 18'","ŋisal[rudder]N ŋiri[foot]N","{ŋeš}ŋisal ŋiri₃",0,"ŋisal[rudder]N_ŋiri[foot]N"
"P247864",408,"o vii 27'","{ŋeš}|(HI×AŠ₂).(HI×AŠ₂)|[NA]NA","{ŋeš}|(HI×AŠ₂).(HI×AŠ₂)|",0,"{ŋeš}|(HI×AŠ₂).(HI×AŠ₂)|[NA]NA"
"P271911",488,"unknown","unknown","unknown",1,"unknown"
"Q000039",396,"353","umbin[wheel]N gagsila[harness]N","{ŋeš}umbin gag-sal₄",0,"umbin[wheel]N_gagsila[harness]N"
"P273880",311,"b iii 39","al[hoe]N zu[tooth]N limmu[four]NU","{ŋeš}al zu₂ limmu₅",0,"al[hoe]N_zu[tooth]N_limmu[four]NU"
"P382665",2,"2","šedug[tree]N","{ŋeš}še-dug₃",0,"šedug[tree]N"
"Q000001",156,"156","sila[lamb]N gabaria[offering]N","sila₄ gaba-ri-a",0,"sila[lamb]N_gabaria[offering]N"
"P273880",45,"a ii 12'","niŋkud[~plowshare]N apin[plow]N","{ŋeš}niŋ₂-kud-da apin",0,"niŋkud[~plowshare]N_apin[plow]N"
"P459218",73,"o iii 24","šusaŋ[compressor]N apin[plow]N","{ŋeš}šu-saŋ apin",0,"šusaŋ[compressor]N_apin[plow]N"
"P271911",142,"o ii 60","x[NA]NA","x",0,"x[NA]NA"
"Q000039",586,"527","sa[net]N","{ŋeš}sa",0,"sa[net]N"
"Q000039",184,"153","ba[tool]N amar[young]N","{ŋeš}ba amar",0,"ba[tool]N_amar[young]N"
"P437074",12,"a ii 5'","x[NA]NA","x",0,"x[NA]NA"
"P247864",22,"o i 19","mes[tree]N ma₂-gan-na[NA]NA","{ŋeš}mes ma₂-gan-na",0,"mes[tree]N_ma₂-gan-na[NA]NA"
"P347814",159,"c i 14'","zigan[rudder]N","{ŋeš}zi-gan",0,"zigan[rudder]N"
"P224986",5,"o i 2","guza[chair]N kaskal[way]N","{ŋeš}gu-za kaskal",0,"guza[chair]N_kaskal[way]N"
"Q000039",542,"486","ušub[brick-mold]N šeg[brick]N alura[baked]AJ","{ŋeš}u₃-šub šeg₁₂ al-ur₅-ra",0,"ušub[brick-mold]N_šeg[brick]N_alura[baked]AJ"
"P271911",440,"r ii 42","e[house]N gud.si.AŠ[ram]N","e₂ gud-si-AŠ",0,"e[house]N_gud.si.AŠ[ram]N"
"Q000001",109,"109","u[ewe]N šagpeš[pregnant]AJ","u₈ šag₄-peš₄",0,"u[ewe]N_šagpeš[pregnant]AJ"
"P235262",46,"c ii 22'","x[NA]NA kuŋ[stair]N","x kun₅",0,"x[NA]NA_kuŋ[stair]N"
"P271549",5,"unknown","unknown","unknown",1,"unknown"
"Q000039",500,"448","apin[plow]N gud[ox]N limmu[four]NU la[hang]V/t","{ŋeš}apin gud limmu la₂",0,"apin[plow]N_gud[ox]N_limmu[four]NU_la[hang]V/t"
"Q000039",455,"406","gag[nail]N mud[tube]N","{ŋeš}gag mud",0,"gag[nail]N_mud[tube]N"
"P273880",609,"c iv 43","leʾum[board]N","{ŋeš}le-um",0,"leʾum[board]N"
"P388265",365,"r vi 5","x-ra-an[NA]NA","x-ra-an",0,"x-ra-an[NA]NA"
"P250363",12,"o 11'","usakar[moon]N ig[door]N","{ŋeš}u₄-sakar ig",0,"usakar[moon]N_ig[door]N"
"P273880",301,"b iii 25","mar[shovel]N x[NA]NA","{ŋeš}mar x",0,"mar[shovel]N_x[NA]NA"
"Q000001",291,"291","urtur[puppy]N","ur-tur",0,"urtur[puppy]N"
"Q000039",210,"176","guza[chair]N šusar[string]N du[build]V/t","{ŋeš}gu-za šu-SAR-e du₃",0,"guza[chair]N_šusar[string]N_du[build]V/t"
"Q000001",435,"434","uzu[flesh]N e[house]N šag[heart]N","uzu e₂ šag₄",0,"uzu[flesh]N_e[house]N_šag[heart]N"
"P447996",181,"r ii 18","ma[ship]N ma[ship]N Inana[1]DN","{ŋeš}ma₂ ma₂ {d}inana",0,"ma[ship]N_ma[ship]N_Inana[1]DN"
"P459218",74,"o iii 25","niŋkud[~plowshare]N apin[plow]N","{ŋeš}niŋ₂-kud apin",0,"niŋkud[~plowshare]N_apin[plow]N"
"Q000001",4,"4","udu[sheep]N nita[male]N","udu nita₂",0,"udu[sheep]N_nita[male]N"
"P250736",136,"o iv 29","gi[reed]N šu[hand]N ak[do]V/t","gi šu ak",0,"gi[reed]N_šu[hand]N_ak[do]V/t"
"P388265",160,"r i 38","ellag[ball]N","{ŋeš}ellag",0,"ellag[ball]N"
"Q000039",768,"697","az[bear]N","{ŋeš}az",0,"az[bear]N"
"P447996",90,"o v 15","nurma[pomegranate]N ka-ŋar-ra[NA]NA","{ŋeš}nu-ur₂-ma ka-ŋar-ra",0,"nurma[pomegranate]N_ka-ŋar-ra[NA]NA"
"P271301",447,"r iv 28","gag[nail]N šudul[yoke]N gigir[chariot]N","{ŋeš}gag šudul₃ gigir",0,"gag[nail]N_šudul[yoke]N_gigir[chariot]N"
"P271771",77,"o v 7","huš[plant]N","{ŋeš}maš-haš",0,"huš[plant]N"
"Q000001",487,"484","uzu[flesh]N sa[sinew]N","uzu sa",0,"uzu[flesh]N_sa[sinew]N"
"P370399",73,"o iii 12'","umbin[base]N guza[chair]N","{ŋeš}umbin gu-za",0,"umbin[base]N_guza[chair]N"
"P459218",123,"r i 9","tukul[weapon]N kun[tail]N","{ŋeš}tukul kun",0,"tukul[weapon]N_kun[tail]N"
"P250736",45,"o ii 17","garadin[bundle]N","{gi}garadin",0,"garadin[bundle]N"
"P235262",36,"c ii 9'","banšur[table]N","{ŋeš}banšur",0,"banšur[table]N"
"P459226",29,"o ii 9'","manu[wood]N","{ŋeš}ma-nu",0,"manu[wood]N"
"P271771",30,"o iii 7","eren[cedar]N babbar[white]V/i","{ŋeš}eren babbar",0,"eren[cedar]N_babbar[white]V/i"
"P437074",9,"a ii 2'","x[NA]NA","x",0,"x[NA]NA"
"Q000039",578,"521","ŋeš[tree]N 1/2(diš)[NA]NA sila[unit]N","ŋeš 1/2(diš) sila₃",0,"ŋeš[tree]N_1/2(diš)[NA]NA_sila[unit]N"
"P388265",211,"r ii 38","niŋ[thing]N šušana[fraction]N giŋ[unit]N","{ŋeš}niŋ₂ šušana giŋ₄",0,"niŋ[thing]N_šušana[fraction]N_giŋ[unit]N"
"P253866",29,"o i 24'","ig[door]N šunir[emblem]N","{ŋeš}ig šu-nir",0,"ig[door]N_šunir[emblem]N"
"P347814",25,"a i 40'","x-DU-DU[NA]NA","x-DU-DU",0,"x-DU-DU[NA]NA"
"P271320",17,"o i 10'","guza[chair]N šah[pig]N šum[slaughter]V/t","{ŋeš}gu-za šah šum",0,"guza[chair]N_šah[pig]N_šum[slaughter]V/t"
"P271301",325,"r ii 9","emerah[jug]N gal[big]V/i","{ŋeš}emerah gal",0,"emerah[jug]N_gal[big]V/i"
"P271301",444,"r iv 25","GUL[~chariot]N gigir[chariot]N","{ŋeš}GUL gigir",0,"GUL[~chariot]N_gigir[chariot]N"
"P388265",56,"iii 5","ŋešaʾabak[tree]N","ŋeš-ab-ba",0,"ŋešaʾabak[tree]N"
"P253866",83,"o iii 16'","ba[tool]N","{ŋeš}ba",0,"ba[tool]N"
"P250736",315,"r iv 33","sahar[dust]N peš[thick]V/i","sahar peš₁₁",0,"sahar[dust]N_peš[thick]V/i"
"P332934",54,"o i 50","x-x[NA]NA","x-x",0,"x-x[NA]NA"
"P332934",328,"r iii 31'","gag[nail]N ma[ship]N","{ŋeš}gag ma₂",0,"gag[nail]N_ma[ship]N"
"P247864",88,"o ii 25","{ŋeš}še-luh-x[NA]NA","{ŋeš}še-luh-x",0,"{ŋeš}še-luh-x[NA]NA"
"P235262",58,"d i 1'","{ŋeš}LUM[NA]NA AŠ₂[NA]NA ma[ship]N","{ŋeš}LUM AŠ₂ ma₂",0,"{ŋeš}LUM[NA]NA_AŠ₂[NA]NA_ma[ship]N"
"P271911",319,"r i 10'","imittu[spear]N","e-mi-it-tum",0,"imittu[spear]N"
"P247864",167,"o iii 41","zu[tooth]N ŋušur[harrow]N","{ŋeš}zu₂ gana₂-ur₃",0,"zu[tooth]N_ŋušur[harrow]N"
"P250736",248,"r iii 9","epig[vessel]N","{dug}epig",0,"epig[vessel]N"
"P273880",476,"c ii 20","ma[ship]N laga[slag]N","{ŋeš}ma₂ la-ga",0,"ma[ship]N_laga[slag]N"
"Q000001",92,"92","udu[sheep]N saŋ[head]N sikil[pure]V/i","udu saŋ sikil",0,"udu[sheep]N_saŋ[head]N_sikil[pure]V/i"
"P459217",72,"iii 22","ŋešnimbar[palm]N","{ŋeš}ŋešnimbar",0,"ŋešnimbar[palm]N"
"P370399",64,"o iii 3'","guza[chair]N sirda[cnne]N","{ŋeš}gu-za sir₃-da",0,"guza[chair]N_sirda[cnne]N"
"P271301",76,"o ii 24","ŋipar[tree]N","{ŋeš}ŋi₆-par₄",0,"ŋipar[tree]N"
"P273880",412,"c i 15","x[NA]NA tukul[weapon]N","x tukul",0,"x[NA]NA_tukul[weapon]N"
"P459217",96,"iv 18","he₂.BAD[trimmings]N ŋešnimbar[palm]N","{ŋeš}he₂-BAD ŋešnimbar",0,"he₂.BAD[trimmings]N_ŋešnimbar[palm]N"
"P271320",8,"o i 3'","guza[chair]N barag[sanctum]N","{ŋeš}gu-za barag",0,"guza[chair]N_barag[sanctum]N"
"Q000039",756,"685","u[sleep]N ku[place]V/t","{ŋeš}u₃ ku",0,"u[sleep]N_ku[place]V/t"
"P271301",246,"o v 19'","guza[chair]N nimala[~chair]N","{ŋeš}gu-za ni₂-ma-la₂",0,"guza[chair]N_nimala[~chair]N"
"P250736",255,"r iii 16","{dug}URU[NA]NA DUN₃[NA]NA sa[net]N","{dug}URU DUN₃ sa",0,"{dug}URU[NA]NA_DUN₃[NA]NA_sa[net]N"
"Q000039",7,"6a","ŋešgana[tree]N babbar[white]V/i","ŋeš-kin₂ babbar",0,"ŋešgana[tree]N_babbar[white]V/i"
"P271911",437,"r ii 40","x[NA]NA x[NA]NA eban[pair]N","x x e₂-pa-na",0,"x[NA]NA_x[NA]NA_eban[pair]N"
"P459216",192,"r iv 24'","gag[nail]N šudul[yoke]N margida[cart]N","{ŋeš}gag šudul₄ mar-gid₂-da",0,"gag[nail]N_šudul[yoke]N_margida[cart]N"
"P247864",51,"o i 48","aʾan[spadix]N usuh[tree]N","{ŋeš}an-na u₃-suh₅",0,"aʾan[spadix]N_usuh[tree]N"
"P250736",91,"o iii 25","gigurda[basket]N luʾurak[profession]N","gi-gur-da lu₂-ur₃-ra",0,"gigurda[basket]N_luʾurak[profession]N"
"P247864",124,"o ii 61","sala[~plow]N apin[plow]N","{ŋeš}sal-la apin",0,"sala[~plow]N_apin[plow]N"
"P271771",6,"unknown","unknown","unknown",4,"unknown"
"P251649",10,"o 9","{ŋeš}šu-DU[NA]NA","{ŋeš}šu-DU",0,"{ŋeš}šu-DU[NA]NA"
"P459216",89,"iv 3'","{ŋeš}x[NA]NA","{ŋeš}x",0,"{ŋeš}x[NA]NA"
"P247864",319,"o vi 3","tukul[weapon]N","{ŋeš}tukul",0,"tukul[weapon]N"
"P250736",11,"o i 7","šuʾa[stool]N","{gi}šu₂-a",0,"šuʾa[stool]N"
"P247864",23,"o i 20","x[NA]NA","x",0,"x[NA]NA"
"P250370",4,"4","kišighar[accacia]N kur[mountain]N","{ŋeš}kišig-{+ha}har kur",0,"kišighar[accacia]N_kur[mountain]N"
"P273880",278,"b iii 2","dilim[spoon]N banšur[table]N","{ŋeš}dilim₂ {ŋeš}banšurₓ(|URU×IGI.URUDA|)",0,"dilim[spoon]N_banšur[table]N"
"Q000039",211,"177","guza[chair]N kadu[cover]N du[build]V/t","{ŋeš}gu-za ka-dug₃ du₃",0,"guza[chair]N_kadu[cover]N_du[build]V/t"
"P332930",34,"r 13","ma[ship]N u[ten]NU gur[unit]N","{ŋeš}ma₂ u gur",0,"ma[ship]N_u[ten]NU_gur[unit]N"
"P253230",11,"o i 6","apin[plow]N šu[hand]N","{ŋeš}apin šu",0,"apin[plow]N_šu[hand]N"
"P273880",208,"b i 58'","balak[spindle]N","{ŋeš}balak",0,"balak[spindle]N"
"P370399",195,"o vii 7'","{ŋeš}x[NA]NA magid[boatman]N","{ŋeš}x ma₂-gid₂",0,"{ŋeš}x[NA]NA_magid[boatman]N"
"P271301",157,"o iii 45","ŋešnimbar[palm]N izi[fire]N gu[eat]V/t","{ŋeš}ŋešnimbar izi gu₇",0,"ŋešnimbar[palm]N_izi[fire]N_gu[eat]V/t"
"P253230",6,"o i 2","apin[plow]N šudu[equipped]AJ","{ŋeš}apin šu-du₇",0,"apin[plow]N_šudu[equipped]AJ"
"P253228",54,"r i 18","{ŋeš}gi-gid₂[NA]NA","{ŋeš}gi-gid₂",0,"{ŋeš}gi-gid₂[NA]NA"
"P332934",145,"o ii 61","ligima[shoot]N","{ŋeš}ligimaₓ(|IGI.TUR|)",0,"ligima[shoot]N"
"P247864",282,"o v 30","{ŋeš}x-x-x[NA]NA","{ŋeš}x-x-x",0,"{ŋeš}x-x-x[NA]NA"
"P253230",20,"o i 15","apin[plow]N zir[break]V/t","{ŋeš}apin zi",0,"apin[plow]N_zir[break]V/t"
"P247864",320,"o vi 4","tukul[weapon]N ur[root]N","{ŋeš}tukul ur₂",0,"tukul[weapon]N_ur[root]N"
"Q000039",434,"387","ig[door]N kan[gate]N egal[palace]N","{ŋeš}ig kan₄ e₂-gal",0,"ig[door]N_kan[gate]N_egal[palace]N"
"P273880",555,"c iii 40","ŋešnimbar[palm]N x-x-e[NA]NA","{ŋeš}ŋešnimbar x-x-e",0,"ŋešnimbar[palm]N_x-x-e[NA]NA"
"P271911",454,"unknown","unknown","unknown",1,"unknown"
"Q000001",481,"478","uzu[flesh]N ellaŋgun[kidney]N bar[outside]V/t","uzu ellaŋ₂-gun₃ bar",0,"uzu[flesh]N_ellaŋgun[kidney]N_bar[outside]V/t"
"P388265",427,"t.e. ii 6","arina[madder]N","{ŋeš}i-ri₂-na",0,"arina[madder]N"
"P347814",56,"a ii 27'","{ŋeš}x[NA]NA","{ŋeš}x",0,"{ŋeš}x[NA]NA"
"P459218",106,"o iv 27","ušub[brick-mold]N sal[thin]V/i","{ŋeš}u₃-šub sal",0,"ušub[brick-mold]N_sal[thin]V/i"
"Q000039",12,"10","ŋeštinkaʾa[grape]N","{ŋeš}ŋeštin-ka₅-a",0,"ŋeštinkaʾa[grape]N"
"Q000039",440,"393","ir[peg]N ig[door]N","{ŋeš}ir ig",0,"ir[peg]N_ig[door]N"
"P370399",17,"o i 14'","hara[shoot]N ŋešnimbar[palm]N","{ŋeš}ha-ra ŋešnimbar",0,"hara[shoot]N_ŋešnimbar[palm]N"
"Q000039",103,"82","suhur[tuft]N ŋešnimbar[palm]N","{ŋeš}suhur ŋešnimbar",0,"suhur[tuft]N_ŋešnimbar[palm]N"
"P271320",55,"r ii' 4'","sudin[~chariot]N margida[cart]N","{ŋeš}su-din mar-gid₂-da",0,"sudin[~chariot]N_margida[cart]N"
"P271320",15,"o i 9'","guza[chair]N lugal[king]N","{ŋeš}gu-za lugal",0,"guza[chair]N_lugal[king]N"
"Q000001",437,"436","uzu[flesh]N šagmah[intestine]N","uzu šag₄-mah",0,"uzu[flesh]N_šagmah[intestine]N"
"Q000039",300,"263","miriza[plank]N","{ŋeš}mi-ri₂-za",0,"miriza[plank]N"
"P459218",119,"r i 5","kuŋ[stair]N x[NA]NA","{ŋeš}kuŋ₄ x",0,"kuŋ[stair]N_x[NA]NA"
"P247864",144,"o iii 18","{ŋeš}x-x[NA]NA margida[cart]N","{ŋeš}x-x mar-gid₂-da",0,"{ŋeš}x-x[NA]NA_margida[cart]N"
"P370399",195,"o vii 7'","{ŋeš}x[NA]NA magid[boatman]N","{ŋeš}x ma₂-gid₂",0,"{ŋeš}x[NA]NA_magid[boatman]N"
"P247864",141,"o iii 15","{ŋeš}x-x[NA]NA margida[cart]N","{ŋeš}x-x mar-gid₂-da",0,"{ŋeš}x-x[NA]NA_margida[cart]N"
"P447996",7,"o iii 3'","lamgal[nut]N","{ŋeš}lam-gal",0,"lamgal[nut]N"
"P273880",374,"b iv 41","gi[reed]N šudu[equipped]AJ","{ŋeš}gi šu-du₇",0,"gi[reed]N_šudu[equipped]AJ"
"P271301",242,"o v 15'","guza[chair]N","{ŋeš}gu-za",0,"guza[chair]N"
"P247864",301,"o v 49","ŋešdi[rung]N ma[ship]N","ŋeš-di₅ ma₂",0,"ŋešdi[rung]N_ma[ship]N"
"P253866",93,"o iii 26'","raba[clamp]N šu[hand]N","{ŋeš}raba šu",0,"raba[clamp]N_šu[hand]N"
"Q000001",113,"113","u[ewe]N ŋeš[penis]N zu[know]V/t","u₈ ŋeš₃ zu",0,"u[ewe]N_ŋeš[penis]N_zu[know]V/t"
"P459217",147,"r ii 16'","tun[container]N","{ŋeš}tun₃",0,"tun[container]N"
"Q000001",227,"227","amar[young]N sah[playful]AJ","amar sah₄",0,"amar[young]N_sah[playful]AJ"
"P235262",104,"d ii 9'","umbin[wheel]N gagsila[harness]N","{ŋeš}umbin gag-sal₄",0,"umbin[wheel]N_gagsila[harness]N"
"P273880",441,"c i 46","sahargid[roller]N","{ŋeš}gid₂-sahar",0,"sahargid[roller]N"
"Q000001",501,"497","uzu[flesh]N inun[ghee]N","uzu i₃-nun",0,"uzu[flesh]N_inun[ghee]N"
"P271771",116,"r ii 3'","banšur[table]N saŋdu[head]N","{ŋeš}banšur saŋ-du",0,"banšur[table]N_saŋdu[head]N"
"P247864",227,"o iv 38","kul[handle]N ig[door]N","{ŋeš}kul ig",0,"kul[handle]N_ig[door]N"
"Q000039",538,"482","al[hoe]N zu[tooth]N limmu[four]NU","{ŋeš}al zu₂ limmu",0,"al[hoe]N_zu[tooth]N_limmu[four]NU"
"P346714",99,"r iii 21'","gur[rim]N","{ŋeš}gur₂",0,"gur[rim]N"
"P273880",8,"a i 4'","{ŋeš}x-x-x[NA]NA","{ŋeš}x-x-x",0,"{ŋeš}x-x-x[NA]NA"
"P250364",117,"r ii 2'","{ŋeš}x[NA]NA","{ŋeš}x",0,"{ŋeš}x[NA]NA"
"P347814",107,"b i 37'","gag[nail]N šum[garlic]N bal[dig]V/t","{ŋeš}gag šum₂ ba-al",0,"gag[nail]N_šum[garlic]N_bal[dig]V/t"
"P388265",386,"r vi 27","banšur[table]N","{ŋeš}banšurₓ(|URU×IGI|)",0,"banšur[table]N"
"Q000039",215,"181","guza[chair]N malah[sailor]N","{ŋeš}gu-za ma₂-lah₄",0,"guza[chair]N_malah[sailor]N"
"P332934",62,"o i 6'","az[myrtle]N","{ŋeš}{šim}az",0,"az[myrtle]N"
"Q000039",162,"138","gilim[foliage]N abzu[water]N","{ŋeš}gilim abzu",0,"gilim[foliage]N_abzu[water]N"
"P459218",87,"o iv 5","a[arm]N gud[ox]N apin[plow]N","{ŋeš}a₂ gud apin",0,"a[arm]N_gud[ox]N_apin[plow]N"
"P347814",70,"a ii 41'","{ŋeš}balaŋ-x[NA]NA","{ŋeš}balaŋ-x",0,"{ŋeš}balaŋ-x[NA]NA"
"P332934",7,"o i 3","ŋešnu[tree]N","ŋeš-BUR₂",0,"ŋešnu[tree]N"
"P271911",615,"r v 12","lammar[deity]N","{d}lamma",0,"lammar[deity]N"
"P437074",44,"b i 5''","zutianum[a-tree]N","{ŋeš}zu₃-di-in-nu-um",0,"zutianum[a-tree]N"
"P271911",79,"o ii 8","il[basket]N uzu[flesh]N","il₂ uzu",0,"il[basket]N_uzu[flesh]N"
"Q000039",331,"293","Madurahabzu[1]ON","{ŋeš}ma₂-durah-abzu",0,"Madurahabzu[1]ON"
"P332939",7,"o i 4","halub[tree]N","{ŋeš}ha-lu-ub₂",0,"halub[tree]N"
"P247864",365,"o vi 49","dilim[spoon]N gal[big]V/i","{ŋeš}dilim₂ gal",0,"dilim[spoon]N_gal[big]V/i"
"P437074",86,"b ii 10''","guza[chair]N sag[good]V/i","{ŋeš}gu-za sag₁₀",0,"guza[chair]N_sag[good]V/i"
"P459216",142,"r iii 9'","murgu[shoulder]N ma[ship]N","{ŋeš}murgu₂ ma₂",0,"murgu[shoulder]N_ma[ship]N"
"P447996",67,"o iv 36","ŋeštin[vine]N e[leave]V/i","{ŋeš}ŋeštin e₃",0,"ŋeštin[vine]N_e[leave]V/i"
"P271911",105,"o ii 30","garig[comb]N eban[pair]N","ga-rig₂ e₂-pa-na",0,"garig[comb]N_eban[pair]N"
"Q000039",163,"139","uluh[sapling]N","{ŋeš}u₃-luh",0,"uluh[sapling]N"
"P459216",105,"r i 10'","guza[chair]N mes[tree]N x[NA]NA","{ŋeš}gu-za {ŋeš}mes x",0,"guza[chair]N_mes[tree]N_x[NA]NA"
"P271301",431,"r iv 12","{ŋeš}x[NA]NA x[NA]NA gigir[chariot]N","{ŋeš}x x gigir",0,"{ŋeš}x[NA]NA_x[NA]NA_gigir[chariot]N"
"P271519",9,"o ii' 1","šuʾa[stool]N","{+li-iš-ša}{ŋeš}šu₂-a",0,"šuʾa[stool]N"
"P250364",124,"r ii 9'","{ŋeš}x[NA]NA","{ŋeš}x",0,"{ŋeš}x[NA]NA"
"P459216",124,"r ii 9'","banšurzaggula[table]N","{ŋeš}banšur-zag-gu-la₂",0,"banšurzaggula[table]N"
"Q000039",383,"340","šudul[yoke]N gigir[chariot]N","{ŋeš}šu₂-dul₄ gigir",0,"šudul[yoke]N_gigir[chariot]N"
"P429503",33,"o ii 2","lam[tree]N","{ŋeš}lam",0,"lam[tree]N"
"P271911",25,"unknown","unknown","unknown",1,"unknown"
"P277271",9,"o 7'","x[NA]NA","x",0,"x[NA]NA"
"P347815",2,"o 1","kuŋ[stair]N","{ŋeš}kuŋ₅",0,"kuŋ[stair]N"
"P271911",167,"o iii 15'","nig[~plow]N apin[plow]N","nig apin",0,"nig[~plow]N_apin[plow]N"
"P253866",19,"o i 14'","šerim[~loom]N","{ŋeš}|TAG.TUG₂|",0,"šerim[~loom]N"
"P447996",157,"r i 39","mangaga[fibers]N ŋešnimbar[palm]N","{ŋeš}ma-ga-ga ŋešnimbar",0,"mangaga[fibers]N_ŋešnimbar[palm]N"
"P459226",18,"o i 15'","hašhur[apple]N kurdilum[fruit-tree]N","{ŋeš}hašhur kur-di-lum",0,"hašhur[apple]N_kurdilum[fruit-tree]N"
"P459216",52,"ii 20","eren[cedar]N","{ŋeš}eren",0,"eren[cedar]N"
"P271911",287,"o iv 50","sa[net]N ŋeš[tree]N","sa ŋeš",0,"sa[net]N_ŋeš[tree]N"
"P273880",353,"b iv 16","{ŋeš}niŋ₂-x[NA]NA","{ŋeš}niŋ₂-x",0,"{ŋeš}niŋ₂-x[NA]NA"
"P388330",3,"o 2","hašhur[apple]N kur[mountain]N","{ŋeš}hašhur kur",0,"hašhur[apple]N_kur[mountain]N"
"P389511",2,"o 1","ŋešaʾabak[tree]N","ŋeš-a-ab-ba",0,"ŋešaʾabak[tree]N"
"P271301",183,"o iv 17","peš[frond]N tur[small]V/i ŋešnimbar[palm]N","{ŋeš}peš tur ŋešnimbar",0,"peš[frond]N_tur[small]V/i_ŋešnimbar[palm]N"
"P253238",43,"unknown","unknown","unknown",999,"unknown"
"P459217",177,"r iv 11","guza[chair]N halub[tree]N","{ŋeš}gu-za {ŋeš}ha-lu-ub₂",0,"guza[chair]N_halub[tree]N"
"P332930",10,"o 8","ma[ship]N Mari[1]SN","{ŋeš}ma₂ ma₂-ri₂{ki}",0,"ma[ship]N_Mari[1]SN"
"P271792",22,"r 17'","x-x[NA]NA","x-x",0,"x-x[NA]NA"
"P347814",254,"d i 9'","šul[youth]V/i $DU[NA]NA tur[small]V/i","{ŋeš}šul $DU tur",0,"šul[youth]V/i_$DU[NA]NA_tur[small]V/i"
"P346714",15,"r i 19'","zara[pivot]N x[NA]NA","{ŋeš}za-ra x",0,"zara[pivot]N_x[NA]NA"
"P235262",75,"d i 18'","ma[ship]N u[ten]NU gur[unit]N","{ŋeš}ma₂ u gur",0,"ma[ship]N_u[ten]NU_gur[unit]N"
"P271911",111,"o ii 34","mudla[basket]N","{+mu-ud-la}BU",0,"mudla[basket]N"
"P271911",548,"r iv 16","ŋušur[beam]N","gu-šu-ur",0,"ŋušur[beam]N"
"P332934",318,"r iii 21'","si[horn]N ma[ship]N","{ŋeš}si ma₂",0,"si[horn]N_ma[ship]N"
"P447996",208,"r iii 9","x-du₃[NA]NA","x-du₃",0,"x-du₃[NA]NA"
"P332930",18,"b.e. 2","ma[ship]N kud[cut]V/t","{ŋeš}ma₂ kud",0,"ma[ship]N_kud[cut]V/t"
"P235262",21,"unknown","unknown","unknown",999,"unknown"
"Q000039",583,"525a","ŋeš[tree]N eš[three]NU giŋ[unit]N","ŋeš eš₅ giŋ₄",0,"ŋeš[tree]N_eš[three]NU_giŋ[unit]N"
"X100003",33,"r 17","pa[branch]N peš[fig]N","{ŋeš}pa {ŋeš}peš₃",0,"pa[branch]N_peš[fig]N"
"P459217",133,"r i 20'","arina[madder]N","{ŋeš}i-ri₉-na",0,"arina[madder]N"
"P370399",201,"o viii 2'","x-kin[NA]NA","x-kin",0,"x-kin[NA]NA"
"P409465",3,"3","Madurahabzu[1]ON","{ŋeš}ma₂-durah{+ra}-ab-zu",0,"Madurahabzu[1]ON"
"P253228",38,"r i 2","{ŋeš}x[NA]NA","{ŋeš}x",0,"{ŋeš}x[NA]NA"
"Q000039",468,"419","garig[comb]N siki[hair]N","{ŋeš}ga-rig₂ siki",0,"garig[comb]N_siki[hair]N"
"P447996",165,"r ii 2","ŋešla[key]N ŋešnimbar[palm]N","{ŋeš}ŋeš-la₂ ŋešnimbar",0,"ŋešla[key]N_ŋešnimbar[palm]N"
"Q000001",501,"497","uzu[flesh]N inun[ghee]N","uzu i₃-nun",0,"uzu[flesh]N_inun[ghee]N"
"P332934",184,"o iii 20","ŋešnimbar[palm]N uhin[date]N dug[good]V/i","{ŋeš}ŋešnimbar u₄-hi-in dug₃",0,"ŋešnimbar[palm]N_uhin[date]N_dug[good]V/i"
"P253228",88,"r iii 5'","ŋešnimbar[palm]N x-x[NA]NA","{ŋeš}ŋešnimbar x-x",0,"ŋešnimbar[palm]N_x-x[NA]NA"
"P229426",2,"o 1","la[hang]V/t la-a[NA]NA LA₂[NA]NA","la₂ la-a LA₂",0,"la[hang]V/t_la-a[NA]NA_LA₂[NA]NA"
"P247864",352,"o vi 36","mar[shovel]N šu[hand]N","{ŋeš}mar šu",0,"mar[shovel]N_šu[hand]N"
"P332934",94,"o ii 11","manu[wood]N muran[tree]N","{ŋeš}ma-nu mur-ra-an",0,"manu[wood]N_muran[tree]N"
"P273880",132,"a iv 29'","guza[chair]N Aratta[1]SN","{ŋeš}gu-za aratta",0,"guza[chair]N_Aratta[1]SN"
"Q000001",379,"378","šah[pig]N gi[thicket]N","šah₂ {ŋeš}gi",0,"šah[pig]N_gi[thicket]N"
"P312012",2,"2","naŋa[mortar]N še[barley]N","{ŋeš}naŋa₃ še",0,"naŋa[mortar]N_še[barley]N"
"P273880",680,"d ii 15'","{ŋeš}x[NA]NA tab[double]V/t","{ŋeš}x tab",0,"{ŋeš}x[NA]NA_tab[double]V/t"
"P271911",199,"unknown","unknown","unknown",1,"unknown"
"P447996",33,"o iv 2","x-bu[NA]NA","x-bu",0,"x-bu[NA]NA"
"P253228",42,"r i 6","ŋipar[tree]N ah[dry]V/i","{ŋeš}ŋi₆-par₄ e₃",0,"ŋipar[tree]N_ah[dry]V/i"
"P332930",27,"r 6","ma[ship]N dirig[float]V/i","{ŋeš}ma₂ dirig",0,"ma[ship]N_dirig[float]V/i"
"Q000039",145,"122","šiqdum[almond]N","{ŋeš}ši-iq-dum",0,"šiqdum[almond]N"
"P370399",186,"o vi 33'","ŋidru[scepter]N harmušen[snare]N","{ŋeš}ŋidru har-mušen-na",0,"ŋidru[scepter]N_harmušen[snare]N"
"Q000001",144,"144","maš[goat]N kur[mountain]N","maš₂ kur",0,"maš[goat]N_kur[mountain]N"
"P296528",7,"unknown","unknown","unknown",999,"unknown"
"P332934",151,"o ii 67","ŋešnimbar[palm]N x[NA]NA","{ŋeš}ŋešnimbar x",0,"ŋešnimbar[palm]N_x[NA]NA"
"P447996",41,"o iv 10","KID.da[twig]N","{ŋeš}KID-da",0,"KID.da[twig]N"
"P346714",17,"r i 21'","ŋešhum[bench]N margida[cart]N","ŋeš-hum mar-gid₂-da",0,"ŋešhum[bench]N_margida[cart]N"
"P250736",48,"o ii 20","{gi}PU₂[NA]NA","{gi}PU₂",0,"{gi}PU₂[NA]NA"
"P271911",7,"o i 2'","ig[door]N kan[gate]N tur[small]V/i","ig kan₄ tur",0,"ig[door]N_kan[gate]N_tur[small]V/i"
"Q000039",7,"6a","ŋešgana[tree]N babbar[white]V/i","ŋeš-kin₂ babbar",0,"ŋešgana[tree]N_babbar[white]V/i"
"P492330",22,"o ii 5","tukul[weapon]N saŋ[head]N ninnu[fifty]NU","{ŋeš}tukul saŋ ninnu",0,"tukul[weapon]N_saŋ[head]N_ninnu[fifty]NU"
"P273712",18,"r i 8","al[hoe]N zu[tooth]N limmu[four]NU","{ŋeš}al zu₂ limmu₅",0,"al[hoe]N_zu[tooth]N_limmu[four]NU"
"P253238",4,"o 1'","šinig[tamarisk]N","{ŋeš}šinig",0,"šinig[tamarisk]N"
"P272532",5,"o 3","guza[chair]N mes[tree]N","{ŋeš}gu-za {ŋeš}mes",0,"guza[chair]N_mes[tree]N"
"Q000039",35,"29","šimgig[tree]N","{ŋeš}šim-gig",0,"šimgig[tree]N"
"P273880",63,"a ii 45'","zara[pivot]N gagsila[harness]N","{ŋeš}za-ra gag-sal₄",0,"zara[pivot]N_gagsila[harness]N"
"P253233",6,"o i 1","dilim[spoon]N","{ŋeš}dilim₂",0,"dilim[spoon]N"
"Q000001",189,"189","gud[ox]N dalla[bright]V/i","gud dalla",0,"gud[ox]N_dalla[bright]V/i"
"P271771",37,"o iii 14","zirdum[olive]N","{ŋeš}zi-ir-du",0,"zirdum[olive]N"
"P247864",313,"o v 61","ma[ship]N e-tab-ba[NA]NA x-na[NA]NA","{ŋeš}ma₂ e-tab-ba x-na",0,"ma[ship]N_e-tab-ba[NA]NA_x-na[NA]NA"
"P347814",205,"c ii 11","niŋ[thing]N diš[one]NU sila[unit]N","{ŋeš}niŋ₂ diš sila₃",0,"niŋ[thing]N_diš[one]NU_sila[unit]N"
"Q000001",406,"405","uzu[flesh]N meze[jaw]N","uzu me-ze₂",0,"uzu[flesh]N_meze[jaw]N"
"P273880",537,"c iii 22","{ŋeš}niŋ₂-ak-da[NA]NA ŋešnimbar[palm]N","{ŋeš}niŋ₂-ak-da ŋešnimbar",0,"{ŋeš}niŋ₂-ak-da[NA]NA_ŋešnimbar[palm]N"
"P247864",275,"o v 23","x[NA]NA","x",0,"x[NA]NA"
"P250364",24,"unknown","unknown","unknown",999,"unknown"
"P271301",129,"o iii 17","urzinum[tree]N","{ŋeš}ur-zi-nu-um",0,"urzinum[tree]N"
"P447996",143,"r i 25","dala[thorn]N tur[small]V/i ŋešnimbar[palm]N","{ŋeš}dala₂ tur ŋešnimbar",0,"dala[thorn]N_tur[small]V/i_ŋešnimbar[palm]N"
"P273880",225,"b ii 14","{ŋeš}šu-x[NA]NA","{ŋeš}šu-x",0,"{ŋeš}šu-x[NA]NA"
"P247864",180,"o iii 54","ŋirigub[footstool]N gigir[chariot]N","{ŋeš}ŋiri₃-gub gigir",0,"ŋirigub[footstool]N_gigir[chariot]N"
"P429503",87,"o iii 26","ŋešnimbar[palm]N x[NA]NA","{ŋeš}ŋešnimbar x",0,"ŋešnimbar[palm]N_x[NA]NA"
"P332934",60,"o i 4'","bir.GAM.la.e[tree]N","{ŋeš}BIR-GAM-ME-NE",0,"bir.GAM.la.e[tree]N"
"Q000039",526,"470","ŋušur[harrow]N zu[tooth]N gal[big]V/i","{ŋeš}gana₂-ur₃ zu₂ gal-gal",0,"ŋušur[harrow]N_zu[tooth]N_gal[big]V/i"
"P273880",622,"c iv 56","kur[wood]N","{ŋeš}kur",0,"kur[wood]N"
"P247864",55,"o i 52","peš[fig]N |KI.URI|-ra[NA]NA","{ŋeš}peš₃ |KI.URI|-ra",0,"peš[fig]N_|KI.URI|-ra[NA]NA"
"P273880",513,"c ii 58","ŋešnimbar[palm]N dar[split]V/t","{ŋeš}ŋešnimbar dar",0,"ŋešnimbar[palm]N_dar[split]V/t"
"P250736",215,"r ii 19","šaggig[vessel]N","{dug}šag₄-ki",0,"šaggig[vessel]N"
"P388265",364,"unknown","unknown","unknown",4,"unknown"
"Q000001",73,"73","udu[sheep]N ŋissu[shade]N","udu ŋissu",0,"udu[sheep]N_ŋissu[shade]N"
"P271911",54,"o i 36'","mud[tube]N aškud[~door]N","mud aškudₓ(|A₂.ZA.AN.MUŠ₃|)",0,"mud[tube]N_aškud[~door]N"
"P273880",645,"d i 25'","ŋešŋiri[fetters]N","ŋeš-ŋiri₃",0,"ŋešŋiri[fetters]N"
"P247864",445,"r i 5","saŋ[head]N ŋešnud[bed]N","{ŋeš}saŋ nud",0,"saŋ[head]N_ŋešnud[bed]N"
"P271792",26,"r 21'","x[NA]NA","x",0,"x[NA]NA"
"P459216",89,"iv 3'","{ŋeš}x[NA]NA","{ŋeš}x",0,"{ŋeš}x[NA]NA"
"P459226",24,"o ii 4'","{ŋeš}x[NA]NA","{ŋeš}x",0,"{ŋeš}x[NA]NA"
"P250736",307,"r iv 25","dalbana[space]N","dal-ba-na",0,"dalbana[space]N"
"P247864",83,"o ii 20","su[fibers]N gal[big]V/i ŋešnimbar[palm]N","{ŋeš}su₁₁ gu-la ŋešnimbar",0,"su[fibers]N_gal[big]V/i_ŋešnimbar[palm]N"
"P271301",34,"o i 31","peš[fig]N Mari[1]SN","{ŋeš}peš₃ ma₂-ri₂{ki}",0,"peš[fig]N_Mari[1]SN"
"P346714",77,"r ii 45'","{ŋeš}x[NA]NA","{ŋeš}x",0,"{ŋeš}x[NA]NA"
"Q000039",688,"620","šu[handle]N","{ŋeš}šu",0,"šu[handle]N"
"P235262",92,"d i 35'","x[NA]NA gigir[chariot]N","x gigir",0,"x[NA]NA_gigir[chariot]N"
"P247864",179,"o iii 53","sahargi[dust-guard]N gigir[chariot]N","{ŋeš}sahar-gi gigir",0,"sahargi[dust-guard]N_gigir[chariot]N"
"P332934",210,"o iii 46","su[fibers]N barda[crossbar]N ŋešnimbar[palm]N","{ŋeš}su₁₁ bar-da-na ŋešnimbar",0,"su[fibers]N_barda[crossbar]N_ŋešnimbar[palm]N"
"P250364",70,"o iv 10","al[hoe]N saŋ[head]N ŋal[be]V/i","{ŋeš}al saŋ ŋal₂",0,"al[hoe]N_saŋ[head]N_ŋal[be]V/i"
"P253228",46,"r i 10","tugtug[~loom]N","{ŋeš}KU-KU",0,"tugtug[~loom]N"
"P271792",14,"r 11'","x-da[NA]NA","x-da",0,"x-da[NA]NA"
"Q000039",520,"464","ninda[seed-funnel]N apin[plow]N","{ŋeš}ninda₂ apin",0,"ninda[seed-funnel]N_apin[plow]N"
"P271911",71,"o i 49'","x[NA]NA","x",0,"x[NA]NA"
"Q000039",15,"13","hašhur[apple]N","{ŋeš}hašhur",0,"hašhur[apple]N"
"Q000039",277,"241","maštakda[wooden-object]N","{ŋeš}maš-tak-da",0,"maštakda[wooden-object]N"
"P437074",100,"b iii 4'","guza[chair]N anše[equid]N","{ŋeš}gu-za anše",0,"guza[chair]N_anše[equid]N"
"P250736",13,"o i 9","saŋ[head]N ga-RI-a[NA]NA","{gi}saŋ ga-RI-a",0,"saŋ[head]N_ga-RI-a[NA]NA"
"Q000001",509,"505","uzu[flesh]N dah-ma-sa[NA]NA","uzu dah-ma-sa",0,"uzu[flesh]N_dah-ma-sa[NA]NA"
"P273880",112,"unknown","unknown","unknown",999,"unknown"
"Q000001",423,"422","uzu[flesh]N sila[cut]N zag[side]N udu[sheep]N","uzu sila₃ zag udu",0,"uzu[flesh]N_sila[cut]N_zag[side]N_udu[sheep]N"
"P229173",2,"o 1","mes[tree]N Meluhha[1]GN","{ŋeš}mes me-luh-ha",0,"mes[tree]N_Meluhha[1]GN"
"P253866",101,"r i 4","illar[weapon]N šub[fall]V/t","{ŋeš}illar šub",0,"illar[weapon]N_šub[fall]V/t"
"P235262",110,"d ii 15'","margida[cart]N","{ŋeš}mar-gid₂-da",0,"margida[cart]N"
"P228596",6,"6","ganum[stand]N tur[small]V/i","{ŋeš}gan-nu-um tur",0,"ganum[stand]N_tur[small]V/i"
"Q000039",213,"179","guza[chair]N Magan[1]GN","{ŋeš}gu-za ma₂-gan-na",0,"guza[chair]N_Magan[1]GN"
"P388330",10,"r 8","hašhur[apple]N baza[dwarf]N","{ŋeš}hašhur bil₂-za",0,"hašhur[apple]N_baza[dwarf]N"
"P271911",266,"o iv 32","eš[three]NU giŋ[unit]N","eš₅ giŋ₄",0,"eš[three]NU_giŋ[unit]N"
"P273880",44,"a ii 11'","damga[~plow]N apin[plow]N","{ŋeš}da-ga apin",0,"damga[~plow]N_apin[plow]N"
"P250736",45,"o ii 17","garadin[bundle]N","{gi}garadin",0,"garadin[bundle]N"
"P271911",193,"o iii 37'","a[arm]N apin[plow]N","a₂ apin",0,"a[arm]N_apin[plow]N"
"P459217",148,"r ii 17'","tun[container]N x[NA]NA","{ŋeš}tun₃ x",0,"tun[container]N_x[NA]NA"
"P370399",64,"o iii 3'","guza[chair]N sirda[cnne]N","{ŋeš}gu-za sir₃-da",0,"guza[chair]N_sirda[cnne]N"
"Q000039",138,"115","samana[tree]N","{ŋeš}sa-ma-na₂",0,"samana[tree]N"
"P347814",286,"unknown","unknown","unknown",9,"unknown"
"P253233",20,"o ii 3","dilim[spoon]N banšur[table]N","{ŋeš}dilim₂ banšur",0,"dilim[spoon]N_banšur[table]N"
"P459216",158,"r iii 25'","ma[ship]N x[NA]NA gur[unit]N","{ŋeš}ma₂ x gur",0,"ma[ship]N_x[NA]NA_gur[unit]N"
"P235262",76,"d i 19'","ma[ship]N ya[five]NU gur[basket]N","{ŋeš}ma₂ ia₂ gur",0,"ma[ship]N_ya[five]NU_gur[basket]N"
"P347814",33,"a ii 4'","e[house]N balak[spindle]N","{ŋeš}e₂ balak",0,"e[house]N_balak[spindle]N"
"P271911",570,"unknown","unknown","unknown",1,"unknown"
"P230849",9,"r 5","illur[tree]N","{ŋeš}il-lu-ur",0,"illur[tree]N"
"P228596",8,"8","matgan[stand]N","{ŋeš}ma-at-gan",0,"matgan[stand]N"
"P409465",2,"2","Magurnubzu[1]ON","{ŋeš}ma₂-{d}gur₈-nu-zu",0,"Magurnubzu[1]ON"
"P429503",75,"o iii 14","ŋešnimbar[palm]N x[NA]NA","{ŋeš}ŋešnimbar x",0,"ŋešnimbar[palm]N_x[NA]NA"
"P273880",621,"c iv 55","{ŋeš}KAL[NA]NA","{ŋeš}KAL",0,"{ŋeš}KAL[NA]NA"
"P253233",20,"o ii 3","dilim[spoon]N banšur[table]N","{ŋeš}dilim₂ banšur",0,"dilim[spoon]N_banšur[table]N"
"P247864",225,"o iv 36","saŋkul[bolt]N ig[door]N","{ŋeš}sag-gul ig",0,"saŋkul[bolt]N_ig[door]N"
"Q000039",219,"185","guza[chair]N unkin[assembly]N","{ŋeš}gu-za unkin",0,"guza[chair]N_unkin[assembly]N"
"P332934",174,"o iii 10","ŋešnimbar[palm]N ŋal[be]V/i","{ŋeš}ŋešnimbar ŋal₂",0,"ŋešnimbar[palm]N_ŋal[be]V/i"
"P253238",41,"r 18","x[NA]NA","x",0,"x[NA]NA"
"P332934",394,"r iv 28'","x[NA]NA margida[cart]N","x mar-gid₂-da",0,"x[NA]NA_margida[cart]N"
"P273880",394,"b iv 62","gag[nail]N eškiri[rope]N","{ŋeš}gag eškiri₂",0,"gag[nail]N_eškiri[rope]N"
"P429503",43,"o ii 12","ildag[poplar]N kindar[hole]N","{ŋeš}ildag₂ kin-tur",0,"ildag[poplar]N_kindar[hole]N"
"P247864",204,"o iv 15","{ŋeš}zi-x[NA]NA","{ŋeš}zi-x",0,"{ŋeš}zi-x[NA]NA"
"P447996",214,"r iii 15","x[NA]NA ma[ship]N","x ma₂",0,"x[NA]NA_ma[ship]N"
"P273880",471,"c ii 15","mete[appropriate-thing]N ma[ship]N","{ŋeš}me-te ma₂",0,"mete[appropriate-thing]N_ma[ship]N"
"P459218",83,"o iv 1","damga[~plow]N apin[plow]N","{ŋeš}dam apin",0,"damga[~plow]N_apin[plow]N"
"P347814",107,"b i 37'","gag[nail]N šum[garlic]N bal[dig]V/t","{ŋeš}gag šum₂ ba-al",0,"gag[nail]N_šum[garlic]N_bal[dig]V/t"
"P429505",7,"5'","ŋešnimbar[palm]N šeŋ[cook]V/t","{ŋeš}ŋešnimbar šeŋ₆",0,"ŋešnimbar[palm]N_šeŋ[cook]V/t"
"Q000039",28,"25a","usuh[tree]N tur[small]V/i","{ŋeš}u₃-suh₅ tur",0,"usuh[tree]N_tur[small]V/i"
"Q000039",488,"436","ŋešrin[scales]N","ŋeš-rin₂",0,"ŋešrin[scales]N"
"P273880",133,"a iv 30'","guza[chair]N Magan[1]GN","{ŋeš}gu-za ma₂-gan-na",0,"guza[chair]N_Magan[1]GN"
"P250364",127,"r ii 12'","{ŋeš}x-UD[NA]NA x[NA]NA","{ŋeš}x-UD x",0,"{ŋeš}x-UD[NA]NA_x[NA]NA"
"P253228",65,"r ii 4'","{ŋeš}x[NA]NA x[NA]NA","{ŋeš}x x",0,"{ŋeš}x[NA]NA_x[NA]NA"
"P389511",3,"o 2","ŋešaʾabak[tree]N Meluhha[1]GN","ŋeš-a-ab-ba me-luh-ha",0,"ŋešaʾabak[tree]N_Meluhha[1]GN"
"P347814",282,"d ii 10'","{ŋeš}MA-x[NA]NA","{ŋeš}MA-x",0,"{ŋeš}MA-x[NA]NA"
"Q000001",153,"153","sila[lamb]N","sila₄",0,"sila[lamb]N"
"P459216",153,"r iii 20'","{ŋeš}x[NA]NA madu[~boat]N","{ŋeš}x ma₂-du₃",0,"{ŋeš}x[NA]NA_madu[~boat]N"
"P347814",273,"d ii 1'","{ŋeš}x[NA]NA","{ŋeš}x",0,"{ŋeš}x[NA]NA"
"P271301",435,"r iv 16","{ŋeš}x-zi[NA]NA gigir[chariot]N","{ŋeš}x-zi gigir",0,"{ŋeš}x-zi[NA]NA_gigir[chariot]N"
"P271911",570,"unknown","unknown","unknown",1,"unknown"
"P349893",5,"5","madal[pole]N","{ŋeš}madla(BU)",0,"madal[pole]N"
"P388265",235,"r iii 14","izzi[wall]N guza[chair]N","{ŋeš}i-zi gu-za",0,"izzi[wall]N_guza[chair]N"
"P271301",100,"o ii 48","KID.da[twig]N","{ŋeš}šed-da",0,"KID.da[twig]N"
"P332934",211,"o iii 47","su[fibers]N ŋešnimbar[palm]N","{ŋeš}su₁₁ ŋešnimbar",0,"su[fibers]N_ŋešnimbar[palm]N"
"P271771",141,"unknown","unknown","unknown",999,"unknown"
"Q000039",708,"639","zena[weapon]N","{ŋeš}ze₂-na",0,"zena[weapon]N"
"P273880",407,"c i 10","tukul[weapon]N ur[root]N","{ŋeš}tukul ur₃",0,"tukul[weapon]N_ur[root]N"
"P459226",14,"o i 11'","peš[fig]N šergu[string]N","{ŋeš}peš₃ še-er-gu",0,"peš[fig]N_šergu[string]N"
"P459218",38,"o ii 18'","e[house]N balak[spindle]N","{ŋeš}e₂ balak",0,"e[house]N_balak[spindle]N"
"P447996",155,"r i 37","kita[basket]N zulum[date]N ri-ri-ga[NA]NA ŋešnimbar[palm]N","{ŋeš}kid-da zu₂-lum ri-ri-ga ŋešnimbar",0,"kita[basket]N_zulum[date]N_ri-ri-ga[NA]NA_ŋešnimbar[palm]N"
"P447996",65,"o iv 34","ŋeštin[vine]N giggi[black]V/i","{ŋeš}ŋeštin giggi",0,"ŋeštin[vine]N_giggi[black]V/i"
"P250736",149,"o iv 42","gi[reed]N x[NA]NA","gi x",0,"gi[reed]N_x[NA]NA"
"P273880",716,"d iii 7'","e[house]N zana[doll]N","{ŋeš}e₂ za-na",0,"e[house]N_zana[doll]N"
"P273880",173,"b i 16'","izzi[wall]N guza[chair]N","{ŋeš}i-zi gu-za",0,"izzi[wall]N_guza[chair]N"
"P332934",295,"r iii 22","ma[ship]N x-x[NA]NA","{ŋeš}ma₂ x-x",0,"ma[ship]N_x-x[NA]NA"
"P271911",278,"o iv 42","sa[net]N gal[big]V/i","sa gal",0,"sa[net]N_gal[big]V/i"
"P250736",16,"o i 12","gi[reed]N niŋ[thing]N gal[big]V/i","gi niŋ₂ gal-gal",0,"gi[reed]N_niŋ[thing]N_gal[big]V/i"
"P332934",215,"o iii 53","tubala[harness]N ŋešnimbar[palm]N","{ŋeš}tubaₓ(EŠ₂)-la₂ ŋešnimbar",0,"tubala[harness]N_ŋešnimbar[palm]N"
"P459216",164,"r iii 31'","te[~boat]N ma[ship]N","{ŋeš}te ma₂",0,"te[~boat]N_ma[ship]N"
"P347814",217,"c ii 23'","mar[shovel]N x[NA]NA","{ŋeš}mar x",0,"mar[shovel]N_x[NA]NA"
"P247864",37,"o i 34","dih[weed]N","{ŋeš}dih₃(NIM)",0,"dih[weed]N"
"P332934",309,"r iii 12'","ma[ship]N Idlurugu[1]DN","{ŋeš}ma₂ {d}id₂-lu₂-ru-gu₂",0,"ma[ship]N_Idlurugu[1]DN"
"Q000001",156,"156","sila[lamb]N gabaria[offering]N","sila₄ gaba-ri-a",0,"sila[lamb]N_gabaria[offering]N"
"P228596",9,"9","matgan[stand]N","{ŋeš}ma-at-gan",0,"matgan[stand]N"
"P346867",3,"3","{ŋeš}KAL[NA]NA","{ŋeš}KAL",0,"{ŋeš}KAL[NA]NA"
"P332934",206,"o iii 42","gag[nail]N zena[midrib]N ŋešnimbar[palm]N","{ŋeš}gag zi-na-na ŋešnimbar",0,"gag[nail]N_zena[midrib]N_ŋešnimbar[palm]N"
"P388265",291,"r iv 31","miriza[plank]N","{ŋeš}mi-ri₂-za",0,"miriza[plank]N"
"P253866",7,"o i 2'","saŋdu[beam]N","{ŋeš}saŋ-du",0,"saŋdu[beam]N"
"P273880",455,"c i 60","dilim[spoon]N zigan[rudder]N","{ŋeš}dilim₂ {ŋeš}zi-kam₃",0,"dilim[spoon]N_zigan[rudder]N"
"P347814",61,"a ii 32'","ŋešpu[rim]N","ŋeš-bu₁₀",0,"ŋešpu[rim]N"
"Q000001",249,"249","anše[equid]N guza[chair]N","anše {ŋeš}gu-za",0,"anše[equid]N_guza[chair]N"
"P251649",7,"o 6","harmušen[snare]N","{ŋeš}har-mušen",0,"harmušen[snare]N"
"P253866",50,"o ii 14'","guza[chair]N barag[sanctum]N","{ŋeš}gu-za barag",0,"guza[chair]N_barag[sanctum]N"
"P273880",176,"b i 19'","guza[chair]N kinud[bedroom]N","{ŋeš}gu-za ki-nud",0,"guza[chair]N_kinud[bedroom]N"
"P271911",377,"r i 58'","kun[tail]N zabar[bronze]N","kun zabar",0,"kun[tail]N_zabar[bronze]N"
"P388265",133,"r i 11","eme[tongue]N apin[plow]N","{ŋeš}eme apin",0,"eme[tongue]N_apin[plow]N"
"P273880",99,"unknown","unknown","unknown",2,"unknown"
"P388265",57,"iii 6","ŋešaʾabak[tree]N Meluhha[1]GN","ŋeš-ab-ba me-luh-ha",0,"ŋešaʾabak[tree]N_Meluhha[1]GN"
"P459217",67,"iii 17","armanu[tree]N","{ŋeš}ar-man-nu-um",0,"armanu[tree]N"
"P247864",40,"o i 37","KID.da[twig]N","{ŋeš}KID-da",0,"KID.da[twig]N"
"P332939",36,"unknown","unknown","unknown",999,"unknown"
"P271911",375,"r i 57'","innu[straw]N šugi[bolt]N","in-nu šu-kam₂-ma",0,"innu[straw]N_šugi[bolt]N"
"P271911",77,"o ii 6","ilila[lever]N","{+il-li-il}il₂",0,"ilila[lever]N"
"P253866",54,"o ii 18'","guza[chair]N gidim[ghost]N","{ŋeš}gu-za gidim",0,"guza[chair]N_gidim[ghost]N"
"P332934",131,"o ii 48","girim[flower]N","{ŋeš}gi-rim",0,"girim[flower]N"
"P347814",146,"b ii 33'","x[NA]NA gin₂-x[NA]NA","x gin₂-x",0,"x[NA]NA_gin₂-x[NA]NA"
"P271911",438,"unknown","unknown","unknown",1,"unknown"
"P332934",58,"o i 2'","pa[branch]N usuh[tree]N","{ŋeš}pa u₃-suh₅",0,"pa[branch]N_usuh[tree]N"
"P229426",36,"r ii 10","magur[barge]N Damu[1]DN","{ŋeš}ma₂-gur₈ {d}da-mu",0,"magur[barge]N_Damu[1]DN"
"P250736",117,"o iv 10","bisaŋ[basket]N |LAGAB×U|[NA]NA aš-ba[NA]NA","{gi}bisaŋ |LAGAB×U| aš-ba",0,"bisaŋ[basket]N_|LAGAB×U|[NA]NA_aš-ba[NA]NA"
"Q000039",556,"500","mitum[weapon]N","{ŋeš}mitum",0,"mitum[weapon]N"
"P250736",291,"r iv 9","im[clay]N U[NA]NA","im U",0,"im[clay]N_U[NA]NA"
"Q000039",116,"94","tubala[harness]N ŋešnimbar[palm]N","{ŋeš}tubaₓ(TUG₂) ŋešnimbar",0,"tubala[harness]N_ŋešnimbar[palm]N"
"P459227",9,"unknown","unknown","unknown",999,"unknown"
"Q000039",521,"465","a[arm]N gud[ox]N apin[plow]N","{ŋeš}a₂ gud apin",0,"a[arm]N_gud[ox]N_apin[plow]N"
"P250736",164,"r i 18","{gi}UD-X[NA]NA","{gi}UD-X",0,"{gi}UD-X[NA]NA"
"P253238",28,"r 5","ŋešaʾabak[tree]N","ŋeš-a-ab-ba",0,"ŋešaʾabak[tree]N"
"P271301",380,"r iii 13","ma[ship]N šagha[cloth]N","{ŋeš}ma₂ šag₄-ha",0,"ma[ship]N_šagha[cloth]N"
"Q000039",660,"594","sugin[rot]N","{ŋeš}sugin(BAD)",0,"sugin[rot]N"
"P459216",56,"ii 24","girinum[plant]N","{ŋeš}gi-ri-num₂",0,"girinum[plant]N"
"P250736",207,"r ii 11","sab[jar]N inun[ghee]N","{dug}sab i₃-nun",0,"sab[jar]N_inun[ghee]N"
"P273880",347,"b iv 10","tigidlu[instrument]N","{ŋeš}tigidla",0,"tigidlu[instrument]N"
"P429503",159,"r iii' 2'","usan[whip]N gud[ox]N","{ŋeš}usan₃ gud",0,"usan[whip]N_gud[ox]N"
"P250736",321,"r iv 39","bad[wall]N bar[outside]V/t","bad₃ bar",0,"bad[wall]N_bar[outside]V/t"
"P273880",459,"c ii 3","ŋisal[rudder]N ŋiri[foot]N","{ŋeš}ŋisal ŋiri₃",0,"ŋisal[rudder]N_ŋiri[foot]N"
"P247864",353,"o vi 37","{ŋeš}x-x-ni[NA]NA","{ŋeš}x-x-ni",0,"{ŋeš}x-x-ni[NA]NA"
"P273880",293,"b iii 17","ŋešgana[pestle]N","ŋeš-gan-na",0,"ŋešgana[pestle]N"
"P235262",95,"unknown","unknown","unknown",8,"unknown"
"Q000001",112,"112","u[ewe]N ŋeš[penis]N zu[know]V/t","u₈ ŋeš₃ zu-zu",0,"u[ewe]N_ŋeš[penis]N_zu[know]V/t"
"P388265",100,"iv 17","{ŋeš}i-lu₂-u[NA]NA ŋešnimbar[palm]N","{ŋeš}i-lu₂-u ŋešnimbar",0,"{ŋeš}i-lu₂-u[NA]NA_ŋešnimbar[palm]N"
"P347814",219,"c ii 25'","mar[shovel]N niŋsur[beer]N","{ŋeš}mar niŋ₂-sur",0,"mar[shovel]N_niŋsur[beer]N"
"P447996",90,"o v 15","nurma[pomegranate]N ka-ŋar-ra[NA]NA","{ŋeš}nu-ur₂-ma ka-ŋar-ra",0,"nurma[pomegranate]N_ka-ŋar-ra[NA]NA"
"P271301",8,"o i 5","esi[tree]N hub₂-ba[NA]NA","{ŋeš}esi hub₂-ba",0,"esi[tree]N_hub₂-ba[NA]NA"
"P388265",172,"r i 50","zara[pivot]N margida[cart]N","{ŋeš}za-ra mar-gid₂-da",0,"zara[pivot]N_margida[cart]N"
"P271911",223,"o iii 63'","ušub[brick-mold]N ab[window]N","u₃-šub a-ab",0,"ušub[brick-mold]N_ab[window]N"
"P346714",151,"r iv 34'","illar[weapon]N šu[hand]N lugal[king]N","{ŋeš}illar šu lugal",0,"illar[weapon]N_šu[hand]N_lugal[king]N"
"P250736",44,"o ii 16","sa[bundle]N garadin[bundle]N","{gi}sa garadin",0,"sa[bundle]N_garadin[bundle]N"
"Q000039",138,"115","samana[tree]N","{ŋeš}sa-ma-na₂",0,"samana[tree]N"
"Q000001",263,"263","muš[snake]N","muš",0,"muš[snake]N"
"P388330",5,"o 4","hašhur[apple]N še[barley]N eštub[carp]N","{ŋeš}hašhur še eštub",0,"hašhur[apple]N_še[barley]N_eštub[carp]N"
"Q000001",379,"378","šah[pig]N gi[thicket]N","šah₂ {ŋeš}gi",0,"šah[pig]N_gi[thicket]N"
"P346714",133,"r iv 13'","sa[net]N x[NA]NA","{ŋeš}sa x",0,"sa[net]N_x[NA]NA"
"P228096",18,"o i 16","garig[comb]N munus[woman]N","{ŋeš}ga-rig₂ munus",0,"garig[comb]N_munus[woman]N"
"P332934",240,"o iv 11'","buzunuma[plant]N","{ŋeš}bu-zu₂-num₂",0,"buzunuma[plant]N"
"Q000039",242,"206","šuʾa[stool]N nagar[carpenter]N","{ŋeš}šu₂-a nagar",0,"šuʾa[stool]N_nagar[carpenter]N"
"P347814",90,"b i 15'","damga[~plow]N apin[plow]N","{ŋeš}da-an-ga apin",0,"damga[~plow]N_apin[plow]N"
"P459226",23,"o ii 3'","{ŋeš}x[NA]NA","{ŋeš}x",0,"{ŋeš}x[NA]NA"
"P229426",31,"r ii 5","ma[ship]N ya[five]NU gur[unit]N","{ŋeš}ma₂ ia₂ gur",0,"ma[ship]N_ya[five]NU_gur[unit]N"
"P271301",225,"o iv 59","{ŋeš}x[NA]NA arina[madder]N","{ŋeš}x i-ri₉-na",0,"{ŋeš}x[NA]NA_arina[madder]N"
"P247864",255,"o v 3","sumungi[tool]N","{ŋeš}sumun-gi",0,"sumungi[tool]N"
"P429504",38,"r i 1'","guza[chair]N x[NA]NA im-PI[NA]NA","{ŋeš}gu-za x im-PI",0,"guza[chair]N_x[NA]NA_im-PI[NA]NA"
"P271301",183,"o iv 17","peš[frond]N tur[small]V/i ŋešnimbar[palm]N","{ŋeš}peš tur ŋešnimbar",0,"peš[frond]N_tur[small]V/i_ŋešnimbar[palm]N"
"P271911",452,"r ii 53","ŋisal[rudder]N mud[tube]N","ŋisal mud",0,"ŋisal[rudder]N_mud[tube]N"
"Q000039",429,"382","ig[door]N uma[triumph]N","{ŋeš}ig u₃-ma",0,"ig[door]N_uma[triumph]N"
"P253228",99,"r iii 16'","{ŋeš}ma-x-x-x[NA]NA","{ŋeš}ma-x-x-x",0,"{ŋeš}ma-x-x-x[NA]NA"
"P273880",483,"c ii 27","ma[ship]N ŋeš[sixty]NU gur[unit]N","{ŋeš}ma₂ ŋeš₂ gur",0,"ma[ship]N_ŋeš[sixty]NU_gur[unit]N"
"P250736",121,"o iv 14","bisaŋ[basket]N kuš[skin]N sig[put]V/t","{gi}bisaŋ kuš sig₉",0,"bisaŋ[basket]N_kuš[skin]N_sig[put]V/t"
"P271911",207,"o iii 49'","zu[tooth]N ŋušur[harrow]N","zu₂ niŋ₂-gan₂-ur₃",0,"zu[tooth]N_ŋušur[harrow]N"
"P253245",16,"o 12","šibir[staff]N","{ŋeš}šibir",0,"šibir[staff]N"
"P271911",451,"r ii 52","ŋisal[rudder]N šu[hand]N","ŋisal šu",0,"ŋisal[rudder]N_šu[hand]N"
"P247864",208,"o iv 19","ilila[lever]N","{ŋeš}il₂-il₂",0,"ilila[lever]N"
"P253233",43,"r i 11'","{ŋeš}TUK-TUK[NA]NA","{ŋeš}TUK-TUK",0,"{ŋeš}TUK-TUK[NA]NA"
"P447996",119,"r i 1","ŋešnimbar[palm]N izi[fire]N gu[eat]V/t","{ŋeš}ŋešnimbar izi gu₇",0,"ŋešnimbar[palm]N_izi[fire]N_gu[eat]V/t"
"P429503",111,"r i' 15'","buniŋ[trough]N x[NA]NA","{ŋeš}buniŋ x",0,"buniŋ[trough]N_x[NA]NA"
"P370399",22,"o i 19'","x[NA]NA ŋešnimbar[palm]N","x ŋešnimbar",0,"x[NA]NA_ŋešnimbar[palm]N"
"P273880",49,"a ii 23'","x[NA]NA apin[plow]N","x apin",0,"x[NA]NA_apin[plow]N"
"P332934",175,"o iii 11","ŋešnimbar[palm]N dar[split]V/t","{ŋeš}ŋešnimbar dar",0,"ŋešnimbar[palm]N_dar[split]V/t"
"Q000039",44,"37","ildag[poplar]N šitan[water-channel]N","{ŋeš}ildag₂ šita₃",0,"ildag[poplar]N_šitan[water-channel]N"
"P271771",79,"o v 9","{ŋeš}saŋ-SAG-UR[NA]NA","{ŋeš}saŋ-SAG-UR",0,"{ŋeš}saŋ-SAG-UR[NA]NA"
"Q000001",469,"466","uzu[flesh]N KAD₅[NA]NA","uzu KAD₅",0,"uzu[flesh]N_KAD₅[NA]NA"
"P271911",625,"unknown","unknown","unknown",2,"unknown"
"P250364",37,"o ii 12","apin[plow]N šu[hand]N","{ŋeš}apin šu",0,"apin[plow]N_šu[hand]N"
"P271301",351,"r ii 35","tukul[weapon]N naŋasikaz[pestle]N","{ŋeš}tukul naŋa₃-si₃-gaz",0,"tukul[weapon]N_naŋasikaz[pestle]N"
"P370399",192,"o vii 4'","zigan[rudder]N","{ŋeš}zi-ga-an",0,"zigan[rudder]N"
"P271301",301,"r i 29","ŋešnud[bed]N kinud[bedroom]N","ŋeš-nud ki-nud",0,"ŋešnud[bed]N_kinud[bedroom]N"
"P271911",262,"o iv 29","5/6[NA]NA sila[unit]N","5/6 sila₃",0,"5/6[NA]NA_sila[unit]N"
"P447996",173,"r ii 10","Manuri[1]ON","{ŋeš}ma₂-nu-ri",0,"Manuri[1]ON"
"P273880",217,"b ii 6","gilim[foliage]N abzu[water]N","{ŋeš}gilim abzu",0,"gilim[foliage]N_abzu[water]N"
"P332934",383,"r iv 17'","manhara[vessel]N margida[cart]N","{ŋeš}nam-ha-ra mar-gid₂-da",0,"manhara[vessel]N_margida[cart]N"
"P250736",222,"r ii 26","sila[unit]N banda[junior]V/i","{dug}sila₃ banda₃{da}",0,"sila[unit]N_banda[junior]V/i"
"P271301",375,"r iii 8","mala[boat]N","{ŋeš}ma₂-la₂",0,"mala[boat]N"
"P253233",80,"r iii 19'","{ŋeš}x-x-um[NA]NA","{ŋeš}x-x-um",0,"{ŋeš}x-x-um[NA]NA"
"P250363",2,"o 1'","ig[door]N miriza[plank]N","{ŋeš}ig mi-ri₂-za",0,"ig[door]N_miriza[plank]N"
"Q000039",746,"675","{ŋeš}LUM-LUM[NA]NA anše[equid]N","{ŋeš}LUM-LUM anše",0,"{ŋeš}LUM-LUM[NA]NA_anše[equid]N"
"P271911",167,"o iii 15'","nig[~plow]N apin[plow]N","nig apin",0,"nig[~plow]N_apin[plow]N"
"P347814",81,"b i 6'","{ŋeš}x[NA]NA apin[plow]N","{ŋeš}x apin",0,"{ŋeš}x[NA]NA_apin[plow]N"
"P271911",67,"o i 46'","nura[~loom]N","nir-ra",0,"nura[~loom]N"
"P271911",608,"r v 4","ganum[stand]N tur[small]V/i","ŋa₂-an-nu tur",0,"ganum[stand]N_tur[small]V/i"
"P447996",216,"r iii 17","x[NA]NA ma[ship]N","x ma₂",0,"x[NA]NA_ma[ship]N"
"P437074",184,"c ii 18'","{ŋeš}x[NA]NA","{ŋeš}x",0,"{ŋeš}x[NA]NA"
"P432448",14,"o 8'","ŋešgana[tree]N giggi[black]V/i","ŋeš-kin₂ giggi",0,"ŋešgana[tree]N_giggi[black]V/i"
"P235262",69,"d i 12'","ma[ship]N 6(u)[NA]NA gur[unit]N","{ŋeš}ma₂ 6(u) gur",0,"ma[ship]N_6(u)[NA]NA_gur[unit]N"
"P459217",48,"ii 24'","mes[tree]N","{ŋeš}mes",0,"mes[tree]N"
"P347814",91,"b i 16'","saŋkul[bolt]N apin[plow]N","{ŋeš}saŋ-kul apin",0,"saŋkul[bolt]N_apin[plow]N"
"P271911",73,"unknown","unknown","unknown",1,"unknown"
"P459216",99,"r i 4'","guza[chair]N x[NA]NA","{ŋeš}gu-za x",0,"guza[chair]N_x[NA]NA"
"P447996",209,"r iii 10","x-a[NA]NA","x-a",0,"x-a[NA]NA"
"P253228",106,"r iii 23'","mud[blood]N eren[cedar]N","{ŋeš}mud₂ eren",0,"mud[blood]N_eren[cedar]N"
"P370399",116,"o iv 13'","e[house]N usan[whip]N gigir[chariot]N","{ŋeš}e₂ usan₃ gigir",0,"e[house]N_usan[whip]N_gigir[chariot]N"
"P273880",439,"c i 44","miriza[plank]N","{ŋeš}mi-ri₂-za",0,"miriza[plank]N"
"P271301",7,"o i 4","esi[tree]N x[NA]NA","{ŋeš}esi x",0,"esi[tree]N_x[NA]NA"
"P271911",529,"r iii 57","damšelum[plant]N","dam-ši-lum",0,"damšelum[plant]N"
"P271301",237,"o v 10'","ba[tool]N šu[hand]N","{ŋeš}ba šu",0,"ba[tool]N_šu[hand]N"
"P332934",340,"r iii 43'","{ŋeš}x[NA]NA","{ŋeš}x",0,"{ŋeš}x[NA]NA"
"Q000001",117,"117","u[ewe]N sila[lamb]N du[go]V/t","u₈ sila₄ du",0,"u[ewe]N_sila[lamb]N_du[go]V/t"
"P271320",25,"o i 17'","guza[chair]N gar[knob]N zabar[bronze]N ŋar[place]V/t","{ŋeš}gu-za gar₃ zabar ŋar",0,"guza[chair]N_gar[knob]N_zabar[bronze]N_ŋar[place]V/t"
"P332934",73,"o i 17'","ildag[poplar]N kug[pure]V/i","{ŋeš}ildag₂ kug",0,"ildag[poplar]N_kug[pure]V/i"
"Q000039",632,"566","giŋsal[hoe]N","{ŋeš}giŋ₄-sal",0,"giŋsal[hoe]N"
"P332934",198,"o iii 34","andul[shade]N gilim-la₂[NA]NA ŋešnimbar[palm]N","{ŋeš}an-dul gilim-la₂ ŋešnimbar",0,"andul[shade]N_gilim-la₂[NA]NA_ŋešnimbar[palm]N"
"P447996",14,"o iii 10'","samana[tree]N","{ŋeš}sa-ma-num₂",0,"samana[tree]N"
"P250369",4,"2","pešmur[~palm]N ŋešnimbar[palm]N","{ŋeš}peš-mur₇ ŋešnimbar",0,"pešmur[~palm]N_ŋešnimbar[palm]N"
"P271301",424,"r iv 5","gigir[chariot]N x[NA]NA sa₂-ab[NA]NA","{ŋeš}gigir x sa₂-ab",0,"gigir[chariot]N_x[NA]NA_sa₂-ab[NA]NA"
"P459217",124,"r i 11'","buzunuma[plant]N","{ŋeš}bu-zu₂-num₂-na",0,"buzunuma[plant]N"
"Q000001",58,"58","udu[sheep]N gaba[chest]N","udu gaba",0,"udu[sheep]N_gaba[chest]N"
"P271911",508,"unknown","unknown","unknown",1,"unknown"
"P429504",9,"o ii' 3","ŋešnimbar[palm]N uhin[date]N ses[bitter]V/i","{ŋeš}ŋešnimbar u₄-hi-in ses",0,"ŋešnimbar[palm]N_uhin[date]N_ses[bitter]V/i"
"P459218",45,"o ii 25'","ellag[ball]N","{ŋeš}ellag",0,"ellag[ball]N"
"Q000039",146,"123","zarsi[plant]N","{ŋeš}zar-si",0,"zarsi[plant]N"
"P271911",150,"o iii 1'","apin[plow]N šu[hand]N","apin šu",0,"apin[plow]N_šu[hand]N"
"P271911",227,"unknown","unknown","unknown",2,"unknown"
"Q000039",493,"441","dilim[spoon]N ŋešrin[scales]N","{ŋeš}dilim₂ rin₂",0,"dilim[spoon]N_ŋešrin[scales]N"
"P437074",135,"unknown","unknown","unknown",999,"unknown"
"P250364",105,"r i 5'","sigsig[musical-instrument]N","{ŋeš}sig₃-sig₃",0,"sigsig[musical-instrument]N"
"P332934",130,"o ii 47","girizum[tree]N","{ŋeš}gi-ri-zum",0,"girizum[tree]N"
"P250736",77,"o iii 11","gigur[container]N šagha[cloth]N","gi-gur šag₄-ha",0,"gigur[container]N_šagha[cloth]N"
"P273880",354,"b iv 17","{ŋeš}AN-x[NA]NA","{ŋeš}AN-x",0,"{ŋeš}AN-x[NA]NA"
"P117404",3,"o 2","ig[door]N dib[board]N","{ŋeš}ig dib",0,"ig[door]N_dib[board]N"
"P346714",81,"r iii 03'","ellag[ball]N","{ŋeš}ellag",0,"ellag[ball]N"
"P271911",109,"o ii 33","lagab[block]N","{+la-ga-me}lagab",0,"lagab[block]N"
"P271911",384,"unknown","unknown","unknown",1,"unknown"
"Q000039",636,"570","aga[ax]N aʾašŋar[ax]N","{ŋeš}aga a₂-aš-ŋar",0,"aga[ax]N_aʾašŋar[ax]N"
"P253233",13,"o i 7","dilim[spoon]N","{ŋeš}dilim₂",0,"dilim[spoon]N"
"P271771",31,"o iii 8","šurmen[cypress]N","{ŋeš}šu-ur₂-min₃",0,"šurmen[cypress]N"
"P447996",140,"r i 22","pa[branch]N kud[cut]V/t ŋešnimbar[palm]N","{ŋeš}pa kud ŋešnimbar",0,"pa[branch]N_kud[cut]V/t_ŋešnimbar[palm]N"
"P253233",26,"o ii 9","dilim[spoon]N banšur[table]N","{ŋeš}dilim₂ banšur",0,"dilim[spoon]N_banšur[table]N"
"P250364",141,"r iii 7'","{ŋeš}x[NA]NA","{ŋeš}x",0,"{ŋeš}x[NA]NA"
"P271301",76,"o ii 24","ŋipar[tree]N","{ŋeš}ŋi₆-par₄",0,"ŋipar[tree]N"
"Q000039",503,"451","kašu[~plow]N apin[plow]N","{ŋeš}ka-šu₂ apin",0,"kašu[~plow]N_apin[plow]N"
"P271301",198,"o iv 32","asal[poplar]N kur[mountain]N","{ŋeš}asal₂ kur",0,"asal[poplar]N_kur[mountain]N"
"P271911",289,"unknown","unknown","unknown",1,"unknown"
"P251686",9,"o 6","guza[chair]N kugbabbar[silver]N ŋar[place]V/t","{ŋeš}gu-za kug-babbar ŋar",0,"guza[chair]N_kugbabbar[silver]N_ŋar[place]V/t"
"P429503",131,"r ii' 7'","{ŋeš}PAD[NA]NA ma[ship]N","{ŋeš}PAD ma₂",0,"{ŋeš}PAD[NA]NA_ma[ship]N"
"P447996",52,"o iv 21","manu[wood]N muran[tree]N","{ŋeš}ma-nu mur-ra-an",0,"manu[wood]N_muran[tree]N"
"P388265",296,"r iv 36","dur[balk]N","{ŋeš}dur",0,"dur[balk]N"
"Q000039",388,"345","gaba[chest]N gigir[chariot]N","{ŋeš}gaba gigir",0,"gaba[chest]N_gigir[chariot]N"
"P429504",33,"o iii' 14","x-x[NA]NA","x-x",0,"x-x[NA]NA"
"P253230",25,"o ii 3","apin[plow]N šudu[equipped]AJ","{ŋeš}apin šu-nu-du₇",0,"apin[plow]N_šudu[equipped]AJ"
"Q000039",21,"19","šinig[tamarisk]N dili[single]V/i","{ŋeš}šinig dili",0,"šinig[tamarisk]N_dili[single]V/i"
"P273880",285,"b iii 9","kaŋeškarak[table]N nita[male]N","{ŋeš}ka-kara₄ nita₂",0,"kaŋeškarak[table]N_nita[male]N"
"P437074",156,"c i 21'","ŋešdi[rung]N ŋešnud[bed]N","ŋeš-di₅ nud",0,"ŋešdi[rung]N_ŋešnud[bed]N"
"P459217",7,"i 6'","ŋeštinguruma[~vine]N","{ŋeš}ŋeštin-gurum-ma",0,"ŋeštinguruma[~vine]N"
"P271301",75,"o ii 23","ŋešaʾabak[tree]N Meluhha[1]GN","ŋeš-a-ab-ba me-luh-ha",0,"ŋešaʾabak[tree]N_Meluhha[1]GN"
"P273880",113,"a iv 1'","nukušu[~door]N","{ŋeš}nu-kuš₂",0,"nukušu[~door]N"
"P429503",161,"r iii' 4'","šu[handle]N usan[whip]N anše[equid]N","{ŋeš}šu usan₃ anše",0,"šu[handle]N_usan[whip]N_anše[equid]N"
"P271911",354,"r i 38'","mar[shovel]N","mar",0,"mar[shovel]N"
"P271301",433,"r iv 14","{ŋeš}x[NA]NA x[NA]NA gigir[chariot]N","{ŋeš}x x gigir",0,"{ŋeš}x[NA]NA_x[NA]NA_gigir[chariot]N"
"P459217",173,"r iv 7","guza[chair]N GAR-x[NA]NA","{ŋeš}gu-za GAR-x",0,"guza[chair]N_GAR-x[NA]NA"
"P247864",52,"o i 49","peš[fig]N","{ŋeš}peš₃",0,"peš[fig]N"
"P228105",3,"o i 1'","nisiki[comb]N","{ŋeš}UMBIN",0,"nisiki[comb]N"
"P277271",7,"o 5'","x[NA]NA","x",0,"x[NA]NA"
"P250736",57,"o ii 31","dur[bond]N sig[weak]V/i","{gi}dur sig",0,"dur[bond]N_sig[weak]V/i"
"P273880",202,"b i 52'","targul[pole]N","{ŋeš}dar-dar-kak",0,"targul[pole]N"
"P346714",113,"r iii 35'","al[hoe]N zu[tooth]N min[two]NU","{ŋeš}al zu₂ min",0,"al[hoe]N_zu[tooth]N_min[two]NU"
"P437074",63,"b ii 6'","aslum[rod]N","{ŋeš}aš₂-lum",0,"aslum[rod]N"
"P273880",196,"b i 46'","x-x[NA]NA","x-x",0,"x-x[NA]NA"
"P271301",329,"r ii 13","emerah[jug]N kaš[beer]N","{ŋeš}emerah kaš",0,"emerah[jug]N_kaš[beer]N"
"P271301",456,"r iv 37","DUB.du₃[~vehicle]N šar₂(|SAL+U|)-ra[NA]NA","{ŋeš}kišib₃-du₃ šar₂(|SAL+U|)-ra",0,"DUB.du₃[~vehicle]N_šar₂(|SAL+U|)-ra[NA]NA"
"P247864",423,"o vii 42'","guza[chair]N gid[drag]V/t imin[seven]NU kuš[skin]N","{ŋeš}gu-za gid₂ imin kuš",0,"guza[chair]N_gid[drag]V/t_imin[seven]NU_kuš[skin]N"
"P347814",241,"c ii 47'","dimlumagurak[instrument]N","{ŋeš}dim₃-{lu₂}ma₂-gur₈",0,"dimlumagurak[instrument]N"
"P271320",64,"r ii' 12'","KI.KAL[bottom]N margida[cart]N","{ŋeš}sasₓ(|KI.KAL|) mar-gid₂-da",0,"KI.KAL[bottom]N_margida[cart]N"
"P388265",435,"t.e. iii 7","{ŋeš}x[NA]NA","{ŋeš}x",0,"{ŋeš}x[NA]NA"
"P253228",102,"r iii 19'","ilianum[tree]N","{ŋeš}i-ri-a-nu-um",0,"ilianum[tree]N"
"Q000001",323,"323","immal[cow]N","immal₂",0,"immal[cow]N"
"P492330",3,"o i 1","saŋ[head]N","{ŋeš}saŋ",0,"saŋ[head]N"
"P253863",8,"unknown","unknown","unknown",1,"unknown"
"P273880",425,"c i 30","dur[board]N ešŋar[part-of-a-loom]N","{ŋeš}dur₂ eš-ŋar",0,"dur[board]N_ešŋar[part-of-a-loom]N"
"P388265",353,"r v 43","illar[weapon]N kiŋ[work]V/t","{ŋeš}illar kiŋ₂",0,"illar[weapon]N_kiŋ[work]V/t"
"P250736",94,"o iii 28","gigur[container]N sal[thin]V/i","gi-gur sal",0,"gigur[container]N_sal[thin]V/i"
"P271911",456,"r ii 56","gam[haft]N ŋiri[dagger]N","kin ŋiri₂",0,"gam[haft]N_ŋiri[dagger]N"
"P388265",107,"iv 24","niŋkiluh[broom]N ŋešnimbar[palm]N","{ŋeš}niŋ₂-ki-luh ŋešnimbar",0,"niŋkiluh[broom]N_ŋešnimbar[palm]N"
"P388265",435,"t.e. iii 7","{ŋeš}x[NA]NA","{ŋeš}x",0,"{ŋeš}x[NA]NA"
"Q000039",278,"242","emerah[jug]N","{ŋeš}emerah",0,"emerah[jug]N"
"P247864",336,"o vi 20","pana[bow]N x-a[NA]NA","{ŋeš}pana x-a",0,"pana[bow]N_x-a[NA]NA"
"Q000001",196,"196","gudalim[bovid]N","gud-alim-bu",0,"gudalim[bovid]N"
"X100003",28,"r 12","peš[fig]N Subir[1]GN","{ŋeš}peš₃ su-bir{ki}",0,"peš[fig]N_Subir[1]GN"
"P447996",85,"o v 10","laldar[pomegranate]N","{ŋeš}lal₃-dar",0,"laldar[pomegranate]N"
"P370399",82,"o iii 21","banšurzagŋara[table]N","{ŋeš}banšur-zag-ŋar-ra",0,"banšurzagŋara[table]N"
"P332939",64,"r ii' 8'","umbin[wheel]N margida[cart]N","{ŋeš}umbin mar-gid₂-da",0,"umbin[wheel]N_margida[cart]N"
"P272243",24,"r i 5","ŋešnimbar[palm]N nita[male]N","{ŋeš}ŋešnimbar nita₂",0,"ŋešnimbar[palm]N_nita[male]N"
"P388265",416,"r vi 60","{ŋeš}x[NA]NA bulug[needle]N","{ŋeš}x bulug",0,"{ŋeš}x[NA]NA_bulug[needle]N"
"P271911",543,"r iv 13","gibil[firewood]N","gibil₂",0,"gibil[firewood]N"
"P253866",12,"o i 7'","{ŋeš}x[NA]NA |SAG×X|[NA]NA","{ŋeš}x |SAG×X|",0,"{ŋeš}x[NA]NA_|SAG×X|[NA]NA"
"P250736",52,"unknown","unknown","unknown",3,"unknown"
"P271301",234,"o v 7'","ba[tool]N pa-x[NA]NA","{ŋeš}ba pa-x",0,"ba[tool]N_pa-x[NA]NA"
"P388265",299,"r iv 39","ti[arrow]N","{ŋeš}ti",0,"ti[arrow]N"
"P459216",129,"unknown","unknown","unknown",8,"unknown"
"P347814",195,"unknown","unknown","unknown",1,"unknown"
"Q000039",319,"281","ma[ship]N nimin[forty]NU gur[unit]N","{ŋeš}ma₂ nimin gur",0,"ma[ship]N_nimin[forty]NU_gur[unit]N"
"P273880",135,"a iv 32'","guza[chair]N dus[bathroom]N","{ŋeš}gu-za du₁₀-us₂",0,"guza[chair]N_dus[bathroom]N"
"P247864",343,"o vi 27","banšur[table]N ŋešhur[plan]N","{ŋeš}banšur ŋeš-hur",0,"banšur[table]N_ŋešhur[plan]N"
"P297185",3,"1","urnum[cedar]N","{ŋeš}ur-nu-um",0,"urnum[cedar]N"
"P271771",134,"r iii 4'","Magan[1]GN","{ŋeš}ma₂-gan-na",0,"Magan[1]GN"
"X100003",23,"r 7","tila[grapevine]N ŋeštin[vine]N","{ŋeš}illat {ŋeš}ŋeštin",0,"tila[grapevine]N_ŋeštin[vine]N"
"Q000001",130,"130","uzud[goat]N ŋeš[penis]N zu[know]V/t","uzud ŋeš₃ zu",0,"uzud[goat]N_ŋeš[penis]N_zu[know]V/t"
"P247864",148,"o iii 22","{ŋeš}gub-ba[NA]NA margida[cart]N","{ŋeš}gub-ba mar-gid₂-da",0,"{ŋeš}gub-ba[NA]NA_margida[cart]N"
"Q000001",144,"144","maš[goat]N kur[mountain]N","maš₂ kur",0,"maš[goat]N_kur[mountain]N"
"P250736",134,"o iv 27","gi[reed]N kud[cut]V/t","gi kud",0,"gi[reed]N_kud[cut]V/t"
"P271549",13,"8'","x[NA]NA","x",0,"x[NA]NA"
"Q000039",584,"525b","ŋeš[tree]N min[two]NU giŋ[unit]N","ŋeš min giŋ₄",0,"ŋeš[tree]N_min[two]NU_giŋ[unit]N"
"P388265",206,"r ii 33","niŋ[thing]N šušana[fraction]N sila[unit]N","{ŋeš}niŋ₂ šušana sila₃",0,"niŋ[thing]N_šušana[fraction]N_sila[unit]N"
"Q000039",146,"123","zarsi[plant]N","{ŋeš}zar-si",0,"zarsi[plant]N"
"P253228",103,"r iii 20'","tiʾarum[tree]N","{ŋeš}ti-a-ru-um",0,"tiʾarum[tree]N"
"P247864",347,"o vi 31","{ŋeš}x-x[NA]NA","{ŋeš}x-x",0,"{ŋeš}x-x[NA]NA"
"P253228",49,"r i 13","{ŋeš}PA-da[NA]NA","{ŋeš}PA-da",0,"{ŋeš}PA-da[NA]NA"
"P273880",465,"c ii 9","tug[textile]N ma[ship]N","{ŋeš}tug₂ ma₂",0,"tug[textile]N_ma[ship]N"
"Q000039",498,"446","apin[plow]N tugsaga[plow]N","{ŋeš}apin tug₂-saga₁₁",0,"apin[plow]N_tugsaga[plow]N"
"P271911",456,"r ii 56","gam[haft]N ŋiri[dagger]N","kin ŋiri₂",0,"gam[haft]N_ŋiri[dagger]N"
"P250736",256,"r iii 17","{dug}URU[NA]NA TU-x[NA]NA","{dug}URU TU-x",0,"{dug}URU[NA]NA_TU-x[NA]NA"
"Q000001",377,"376","balgi[turtle]N","ba-al-gi₄",0,"balgi[turtle]N"
"P429504",25,"o iii' 6","{ŋeš}gurun-gi[NA]NA","{ŋeš}gurun-gi",0,"{ŋeš}gurun-gi[NA]NA"
"Q000001",77,"77","udu[sheep]N ki[place]N ŋar[place]V/t","udu ki ŋar",0,"udu[sheep]N_ki[place]N_ŋar[place]V/t"
"P271301",286,"r i 14","na[box]N tur[small]V/i","{ŋeš}na tur",0,"na[box]N_tur[small]V/i"
"P429503",176,"r iii' 19'","gag[nail]N x-x[NA]NA","{ŋeš}gag x-x",0,"gag[nail]N_x-x[NA]NA"
"P253228",4,"o i 1","saŋkul[bolt]N gigir[chariot]N","{ŋeš}sag-gul gigir₂",0,"saŋkul[bolt]N_gigir[chariot]N"
"P253228",49,"r i 13","{ŋeš}PA-da[NA]NA","{ŋeš}PA-da",0,"{ŋeš}PA-da[NA]NA"
"P271911",165,"o iii 13'","eme[tongue]N apin[plow]N","eme apin",0,"eme[tongue]N_apin[plow]N"
"P273880",485,"c ii 29","ma[ship]N nimin[forty]NU gur[unit]N","{ŋeš}ma₂ nimin gur",0,"ma[ship]N_nimin[forty]NU_gur[unit]N"
"Q000001",176,"176","gud[ox]N ŋešdu[breeder]N","gud ŋeš-du₃-a",0,"gud[ox]N_ŋešdu[breeder]N"
"P253866",104,"r i 7","pana[bow]N","{ŋeš}pana",0,"pana[bow]N"
"P429503",128,"r ii' 4'","ma[ship]N Šaghula[1]ON","{ŋeš}ma₂ {d}šag₄-hul₂-a",0,"ma[ship]N_Šaghula[1]ON"
"P447996",202,"r ii 39","ma[ship]N addir[ferry]N","{ŋeš}ma₂ addir",0,"ma[ship]N_addir[ferry]N"
"P271301",308,"r i 36","ŋešnud[bed]N šatuku[mattress]N","ŋeš-nud šag₄-tuku₅",0,"ŋešnud[bed]N_šatuku[mattress]N"
"P271771",25,"o iii 2","mesgam[tree]N","{ŋeš}mes-gam₃",0,"mesgam[tree]N"
"P271301",444,"r iv 25","GUL[~chariot]N gigir[chariot]N","{ŋeš}GUL gigir",0,"GUL[~chariot]N_gigir[chariot]N"
"P347814",192,"unknown","unknown","unknown",1,"unknown"
"P332934",78,"o i 22'","ildag[poplar]N tur[small]V/i","{ŋeš}ildag₂ tur",0,"ildag[poplar]N_tur[small]V/i"
"P247864",167,"o iii 41","zu[tooth]N ŋušur[harrow]N","{ŋeš}zu₂ gana₂-ur₃",0,"zu[tooth]N_ŋušur[harrow]N"
"Q000001",289,"289","urgir[dog]N","ur-gir₁₅",0,"urgir[dog]N"
"P370399",140,"o iv 37'","ig[door]N egal[palace]N","{ŋeš}ig e₂-gal",0,"ig[door]N_egal[palace]N"
"P271301",170,"o iv 4","{ŋeš}x[NA]NA","{ŋeš}x",0,"{ŋeš}x[NA]NA"
"Q000001",57,"57","udu[sheep]N zulumhi[sheep]N","udu zulumhi",0,"udu[sheep]N_zulumhi[sheep]N"
"P250736",271,"r iii 32","ubur[breast]N dili[single]V/i","{dug}ubur dili",0,"ubur[breast]N_dili[single]V/i"
"P370399",150,"o v 4'","sumungi[tool]N","{ŋeš}šu-me₃-gi",0,"sumungi[tool]N"
"P273880",715,"d iii 6'","zana[doll]N","{ŋeš}za-na",0,"zana[doll]N"
"P332930",8,"o 6","ma[ship]N peš[thick]V/i","{ŋeš}ma₂ peš-peš",0,"ma[ship]N_peš[thick]V/i"
"Q000001",116,"116","u[ewe]N sila[lamb]N utud[bear]V/t","u₈ sila₄ tud",0,"u[ewe]N_sila[lamb]N_utud[bear]V/t"
"P332934",272,"r ii 1'","{ŋeš}x[NA]NA","{ŋeš}x",0,"{ŋeš}x[NA]NA"
"Q000039",132,"109","numun[seed]N asal[poplar]N","{ŋeš}numun asal₂",0,"numun[seed]N_asal[poplar]N"
"P346714",104,"r iii 26'","ŋešrin[scales]N diš[one]NU mana[unit]N la[hang]V/t","ŋeš-rin₂ diš ma-na la₂",0,"ŋešrin[scales]N_diš[one]NU_mana[unit]N_la[hang]V/t"
"P271911",237,"unknown","unknown","unknown",1,"unknown"
"Q000039",282,"246","kuŋ[stair]N","{ŋeš}kuŋ₄",0,"kuŋ[stair]N"
"P271911",540,"r iv 10","{x}URI{ki}[NA]NA","{x}URI{ki}",0,"{x}URI{ki}[NA]NA"
"P247864",106,"o ii 43","girah[tool]N gal[big]V/i","{ŋeš}|ŠU.DIM₂| gal",0,"girah[tool]N_gal[big]V/i"
"P332934",117,"o ii 34","mes[tree]N Magan[1]GN","{ŋeš}mes ma₂-gan-na",0,"mes[tree]N_Magan[1]GN"
"P388265",99,"iv 16","zena[midrib]N ŋešnimbar[palm]N","{ŋeš}ze₂-na ŋešnimbar",0,"zena[midrib]N_ŋešnimbar[palm]N"
"P253228",63,"r ii 2'","{ŋeš}x[NA]NA","{ŋeš}x",0,"{ŋeš}x[NA]NA"
"P273880",478,"c ii 22","magaz[bench]N burud[perforate]V/t","{ŋeš}ma₂-gaz bur₃-bur₃",0,"magaz[bench]N_burud[perforate]V/t"
"P388265",411,"r vi 55","gal[big]V/i","{ŋeš}gal",0,"gal[big]V/i"
"P253238",11,"o 8'","usuh[tree]N","{ŋeš}u₃-suh₅",0,"usuh[tree]N"
"P273880",127,"a iv 15'","{ŋeš}x-x[NA]NA","{ŋeš}x-x",0,"{ŋeš}x-x[NA]NA"
"P459216",58,"ii 26","zirdum[olive]N","{ŋeš}zi₂-ir-dum",0,"zirdum[olive]N"
"P271911",174,"o iii 21'","gag[nail]N ninda[seed-funnel]N apin[plow]N","gag ninda₂ apin",0,"gag[nail]N_ninda[seed-funnel]N_apin[plow]N"
"P273880",295,"b iii 19","hedu[ornament]N kan[gate]N","{ŋeš}he₂-du₇ kan₄",0,"hedu[ornament]N_kan[gate]N"
"Q000001",409,"408","uzu[flesh]N azad[head]N","uzu a-sa",0,"uzu[flesh]N_azad[head]N"
"P437074",147,"c i 12'","ŋešnud[bed]N umbin[nail]N sal[thin]V/i","ŋeš-nud umbin sal",0,"ŋešnud[bed]N_umbin[nail]N_sal[thin]V/i"
"P347814",5,"a i 3'","ig[door]N x-PA-ra[NA]NA","{ŋeš}ig x-PA-ra",0,"ig[door]N_x-PA-ra[NA]NA"
"Q000039",110,"88","dala[thorn]N ŋešnimbar[palm]N","{ŋeš}dala₂ ŋešnimbar",0,"dala[thorn]N_ŋešnimbar[palm]N"
"P459218",70,"o iii 21","kašu[~plow]N apin[plow]N","{ŋeš}ka-šu₂ apin",0,"kašu[~plow]N_apin[plow]N"
"P273880",484,"c ii 28","ma[ship]N ninnu[fifty]NU gur[unit]N","{ŋeš}ma₂ ninnu gur",0,"ma[ship]N_ninnu[fifty]NU_gur[unit]N"
"P388265",408,"r vi 52","{ŋeš}|NINDA₂×AŠ|[NA]NA","{ŋeš}|NINDA₂×AŠ|",0,"{ŋeš}|NINDA₂×AŠ|[NA]NA"
"Q000039",93,"75","ŋešnimbar[palm]N guz[crush]V/i","{ŋeš}ŋešnimbar al-kum-ma₃",0,"ŋešnimbar[palm]N_guz[crush]V/i"
"Q000039",512,"459","šudul[yoke]N apin[plow]N","{ŋeš}šu₂-dul₄ apin",0,"šudul[yoke]N_apin[plow]N"
"P347814",29,"unknown","unknown","unknown",999,"unknown"
"P312012",3,"3","ŋešgana[pestle]N","ŋeš-gan-na",0,"ŋešgana[pestle]N"
"P437074",128,"b iii 14''","{ŋeš}x-x[NA]NA","{ŋeš}x-x",0,"{ŋeš}x-x[NA]NA"
"Q000001",464,"462","uzu[flesh]N sam[price]N","uzu sam₂",0,"uzu[flesh]N_sam[price]N"
"P459218",34,"o ii 14'","garig[comb]N šuʾi[barber]N","{ŋeš}ga-rig₂ šu-i",0,"garig[comb]N_šuʾi[barber]N"
"P347814",274,"d ii 2'","{ŋeš}x[NA]NA","{ŋeš}x",0,"{ŋeš}x[NA]NA"
"Q000039",609,"548","šukur[lance]N","{ŋeš}šukur",0,"šukur[lance]N"
"Q000001",183,"183","gud[ox]N na[cvne]N deg[collect]V/t","gud na degₓ(RI)",0,"gud[ox]N_na[cvne]N_deg[collect]V/t"
"P388265",303,"r iv 44","SAL.UŠ[sheath]N x[NA]NA","{ŋeš}|SAL.UŠ| x",0,"SAL.UŠ[sheath]N_x[NA]NA"
"P250736",255,"r iii 16","{dug}URU[NA]NA DUN₃[NA]NA sa[net]N","{dug}URU DUN₃ sa",0,"{dug}URU[NA]NA_DUN₃[NA]NA_sa[net]N"
"P229426",7,"o 6","laʾu[arrears]N la-u₂[NA]NA |LAL₂.KAK|[NA]NA","laʾu₄ la-u₂ |LAL₂.KAK|",0,"laʾu[arrears]N_la-u₂[NA]NA_|LAL₂.KAK|[NA]NA"
"P250363",16,"r 3","siŋar[bolt]N","{ŋeš}si-ŋar",0,"siŋar[bolt]N"
"X100003",20,"r 4","ŋeštinguruma[~vine]N","{ŋeš}ŋeštin-gurum-ma",0,"ŋeštinguruma[~vine]N"
"X100003",25,"r 9","garan[bunch]N ŋeštin[vine]N","{ŋeš}ga-ra-na {ŋeš}ŋeštin",0,"garan[bunch]N_ŋeštin[vine]N"
"P250736",112,"o iv 5","bisaŋ[basket]N x[NA]NA","{gi}bisaŋ x",0,"bisaŋ[basket]N_x[NA]NA"
"P253228",17,"o i 13","al[hoe]N zu[tooth]N eš[three]NU","{ŋeš}al zu₂ eš₅",0,"al[hoe]N_zu[tooth]N_eš[three]NU"
"P247864",255,"o v 3","sumungi[tool]N","{ŋeš}sumun-gi",0,"sumungi[tool]N"
"P271911",423,"r ii 30","x-ra-x[NA]NA","x-ra-x",0,"x-ra-x[NA]NA"
"Q000039",140,"117","peškal[tree]N","{ŋeš}peš₇-kal",0,"peškal[tree]N"
"P271301",242,"o v 15'","guza[chair]N","{ŋeš}gu-za",0,"guza[chair]N"
"P492330",10,"o i 8","ŋešed[key]N","ŋeš-e₃",0,"ŋešed[key]N"
"Q000039",531,"475","suhur[tool]N","{ŋeš}suhur",0,"suhur[tool]N"
"P271911",560,"r iv 25","tukul[weapon]N nisiki[comb]N","tukul MAŠ-LA-UMBIN",0,"tukul[weapon]N_nisiki[comb]N"
"P253233",51,"r ii 1'","lamgal[nut]N","{ŋeš}lam-gal",0,"lamgal[nut]N"
"Q000001",207,"207","ab[cow]N peš[thick]V/i","ab₂ peš₇",0,"ab[cow]N_peš[thick]V/i"
"P429504",47,"r i 10'","guza[chair]N gar[knob]N x[NA]NA","{ŋeš}gu-za gar₃ x",0,"guza[chair]N_gar[knob]N_x[NA]NA"
"P235262",109,"d ii 14'","DUB.du₃[~vehicle]N ŋar[place]V/t","{ŋeš}šid-du₁₀ ŋar",0,"DUB.du₃[~vehicle]N_ŋar[place]V/t"
"P347814",132,"b ii 16'","{ŋeš}x[NA]NA","{ŋeš}x",0,"{ŋeš}x[NA]NA"
"P253230",51,"t.e. 1","x-x-šu-tum[NA]NA","x-x-šu-tum",0,"x-x-šu-tum[NA]NA"
"P347814",139,"b ii 23'","e[house]N pana[bow]N","{ŋeš}e₂ pana",0,"e[house]N_pana[bow]N"
"P388265",133,"r i 11","eme[tongue]N apin[plow]N","{ŋeš}eme apin",0,"eme[tongue]N_apin[plow]N"
"P459217",93,"iv 15","mud[stump]N ŋešnimbar[palm]N","{ŋeš}mud ŋešnimbar",0,"mud[stump]N_ŋešnimbar[palm]N"
"P429503",91,"unknown","unknown","unknown",999,"unknown"
"P271301",300,"r i 28","ŋeš.nud.AŠ.nud[bed]N","ŋeš-nud-AŠ-nud",0,"ŋeš.nud.AŠ.nud[bed]N"
"P332934",198,"o iii 34","andul[shade]N gilim-la₂[NA]NA ŋešnimbar[palm]N","{ŋeš}an-dul gilim-la₂ ŋešnimbar",0,"andul[shade]N_gilim-la₂[NA]NA_ŋešnimbar[palm]N"
"P271911",243,"o iv 14","dur[board]N šeg[brick]N alura[baked]AJ","dur₂ šeg₁₂ al-ur₃-ra",0,"dur[board]N_šeg[brick]N_alura[baked]AJ"
"P235262",10,"a i 6'","peš[fig]N Mari[1]SN","{ŋeš}peš₃ ma₂-ri₂{ki}",0,"peš[fig]N_Mari[1]SN"
"P253228",89,"r iii 6'","{ŋeš}x[NA]NA","{ŋeš}x",0,"{ŋeš}x[NA]NA"
"Q000039",19,"17","šeše[tree]N","{ŋeš}še-še",0,"šeše[tree]N"
"P388265",168,"r i 46","SUD[post-or-stake?]N","{ŋeš}SUD",0,"SUD[post-or-stake?]N"
"P247864",37,"o i 34","dih[weed]N","{ŋeš}dih₃(NIM)",0,"dih[weed]N"
"P271301",59,"o ii 7","az[myrtle]N","{ŋeš}{šim}az",0,"az[myrtle]N"
"P273880",273,"b ii 66","banšurzaggula[table]N","{ŋeš}banšurₓ(|URU×IGI.URUDA|)-zag-gu-la₂",0,"banšurzaggula[table]N"
"Q000039",582,"525","ŋeš[tree]N ya[five]NU giŋ[unit]N","ŋeš ia₂ giŋ₄",0,"ŋeš[tree]N_ya[five]NU_giŋ[unit]N"
"P332934",322,"r iii 25'","ti[rib]N ma[ship]N","{ŋeš}ti ma₂",0,"ti[rib]N_ma[ship]N"
"P253233",68,"r ii 18'","hašhur[apple]N","{ŋeš}hašhur",0,"hašhur[apple]N"
"P447996",123,"r i 5","ŋešnimbar[palm]N lipiš[innards]N bur[tear]V/t","{ŋeš}ŋešnimbar lipiš bur₁₂",0,"ŋešnimbar[palm]N_lipiš[innards]N_bur[tear]V/t"
"P253245",19,"o 15","ŋirigub[footstool]N","{ŋeš}ŋiri₃-gub",0,"ŋirigub[footstool]N"
"P429503",130,"r ii' 6'","u[ride]V/t ma[ship]N","{ŋeš}u₅ ma₂",0,"u[ride]V/t_ma[ship]N"
"P271911",325,"r i 15'","illar[weapon]N šub[fall]V/t","illar šub",0,"illar[weapon]N_šub[fall]V/t"
"P459216",53,"ii 21","šurmen[cypress]N","{ŋeš}šu-ur₂-min₃",0,"šurmen[cypress]N"
"P332934",28,"o i 24","gurum[bend]V/t ŋeštin[vine]N","{ŋeš}gurum ŋeštin",0,"gurum[bend]V/t_ŋeštin[vine]N"
"P253228",99,"r iii 16'","{ŋeš}ma-x-x-x[NA]NA","{ŋeš}ma-x-x-x",0,"{ŋeš}ma-x-x-x[NA]NA"
"Q000039",614,"552","illar[weapon]N","{ŋeš}illar",0,"illar[weapon]N"
"P271301",249,"o v 22'","guza[chair]N niŋba[gift]N","{ŋeš}gu-za niŋ₂-ba",0,"guza[chair]N_niŋba[gift]N"
"P271911",227,"unknown","unknown","unknown",2,"unknown"
"P388265",254,"r iii 41","x[NA]NA gigir[chariot]N","x gigir",0,"x[NA]NA_gigir[chariot]N"
"P271549",4,"2'","x-x[NA]NA","x-x",0,"x-x[NA]NA"
"P271301",234,"o v 7'","ba[tool]N pa-x[NA]NA","{ŋeš}ba pa-x",0,"ba[tool]N_pa-x[NA]NA"
"P247864",263,"o v 11","niŋ[thing]N šušana[fraction]N sila[unit]N","{ŋeš}niŋ₂ šušana sila₃",0,"niŋ[thing]N_šušana[fraction]N_sila[unit]N"
"P388265",62,"unknown","unknown","unknown",2,"unknown"
"P271792",22,"r 17'","x-x[NA]NA","x-x",0,"x-x[NA]NA"
"Q000039",243,"207","šuʾa[stool]N burgul[stone-cutter]N","{ŋeš}šu₂-a bur-gul",0,"šuʾa[stool]N_burgul[stone-cutter]N"
"P447996",92,"o v 17","šennur[plum]N","{ŋeš}šennur",0,"šennur[plum]N"
"P459218",8,"o i 12'","ig[door]N maštab[twin]N","{ŋeš}ig maš-tab",0,"ig[door]N_maštab[twin]N"
"P429503",38,"o ii 7","ildag[poplar]N","{ŋeš}ildag₂",0,"ildag[poplar]N"
"P273880",158,"b i 1'","x-x[NA]NA","x-x",0,"x-x[NA]NA"
"P271792",25,"r 20'","x-ga[NA]NA","x-ga",0,"x-ga[NA]NA"
"P271911",312,"r i 4'","dala[thorn]N","dala₂",0,"dala[thorn]N"
"P253866",93,"o iii 26'","raba[clamp]N šu[hand]N","{ŋeš}raba šu",0,"raba[clamp]N_šu[hand]N"
"Q000001",179,"179","gud[ox]N šugi[senior]N","gud šu-gi₄",0,"gud[ox]N_šugi[senior]N"
"Q000001",257,"257","eme[donkey]N utud[bear]V/t","eme₅ u₃-tud",0,"eme[donkey]N_utud[bear]V/t"
"P271911",133,"o ii 53","ŋešrin[scales]N 1(AŠ)[NA]NA gun[load]N","rin₂ 1(AŠ) gu₂-un",0,"ŋešrin[scales]N_1(AŠ)[NA]NA_gun[load]N"
"P273880",639,"d i 19'","{ŋeš}zig₃-ga[NA]NA","{ŋeš}zig₃-ga",0,"{ŋeš}zig₃-ga[NA]NA"
"P347814",275,"d ii 3'","{ŋeš}x[NA]NA","{ŋeš}x",0,"{ŋeš}x[NA]NA"
"P247864",268,"o v 16","niŋ[thing]N eš[three]NU giŋ[unit]N","{ŋeš}niŋ₂ eš₅ giŋ₄",0,"niŋ[thing]N_eš[three]NU_giŋ[unit]N"
"Q000039",214,"180","guza[chair]N Meluhha[1]GN","{ŋeš}gu-za me-luh-ha",0,"guza[chair]N_Meluhha[1]GN"
"Q000001",149,"149","maš[goat]N babbar[white]V/i","maš₂ babbar",0,"maš[goat]N_babbar[white]V/i"
"P271911",163,"unknown","unknown","unknown",1,"unknown"
"Q000001",283,"283","muš[snake]N uŋiri[unmng]N mu[grow]V/t","muš u₂-ŋiri₃ mu₂",0,"muš[snake]N_uŋiri[unmng]N_mu[grow]V/t"
"P447996",4,"unknown","unknown","unknown",999,"unknown"
"P253866",41,"o ii 5'","ŋirigub[footstool]N zu[tooth]N amsi[elephant]N","{ŋeš}ŋiri₃-gub zu₂ am-si",0,"ŋirigub[footstool]N_zu[tooth]N_amsi[elephant]N"
"P273880",619,"c iv 53","esi[tree]N","{ŋeš}esi",0,"esi[tree]N"
"Q000001",437,"436","uzu[flesh]N šagmah[intestine]N","uzu šag₄-mah",0,"uzu[flesh]N_šagmah[intestine]N"
"P347814",80,"b i 5'","{ŋeš}x[NA]NA apin[plow]N","{ŋeš}x apin",0,"{ŋeš}x[NA]NA_apin[plow]N"
"Q000039",299,"262","emesig[plank]N","{ŋeš}eme-sig",0,"emesig[plank]N"
"X100003",9,"o 8","ŋešgana[tree]N giggi[black]V/i","ŋeš-kin₂ giggi",0,"ŋešgana[tree]N_giggi[black]V/i"
"P273880",714,"d iii 5'","{ŋeš}a-x[NA]NA i-x-ta[NA]NA dug[good]V/i","{ŋeš}a-x i-x-ta dug₃",0,"{ŋeš}a-x[NA]NA_i-x-ta[NA]NA_dug[good]V/i"
"P253233",11,"o i 6","banmin[vessel]N","{ŋeš}{+ba-an}banmin",0,"banmin[vessel]N"
"Q000039",596,"537","ŋidru[scepter]N harmušen[snare]N","{ŋeš}ŋidru har-mušen-na",0,"ŋidru[scepter]N_harmušen[snare]N"
"P271301",108,"o ii 56","mes[tree]N Meluhha[1]GN","{ŋeš}mes me-luh-ha",0,"mes[tree]N_Meluhha[1]GN"
"P388265",348,"r v 33","urzababitu[instrument]N","{ŋeš}ur-za-ba₄-tum",0,"urzababitu[instrument]N"
"Q000039",592,"533","sahir[net]N","{ŋeš}sa-hir",0,"sahir[net]N"
"P332934",127,"o ii 44","zabalum[juniper]N","{ŋeš}za-ba-lum",0,"zabalum[juniper]N"
"P271301",162,"o iii 50","ŋešnimbar[palm]N nita[male]N","{ŋeš}ŋešnimbar nita",0,"ŋešnimbar[palm]N_nita[male]N"
"Q000001",66,"66","udu[sheep]N a[water]N ak[do]V/t","udu a ak",0,"udu[sheep]N_a[water]N_ak[do]V/t"
"P459216",21,"i 19","hašhur[apple]N damšelum[plant]N","{ŋeš}hašhur dam-ši-lum",0,"hašhur[apple]N_damšelum[plant]N"
"P273880",330,"b iii 58","sigsig[musical-instrument]N","{ŋeš}sig₃-sig₃",0,"sigsig[musical-instrument]N"
"Q000001",97,"97","udu[sheep]N sila[bait]N urbara[wolf]N","udu sila ur-bar-ra",0,"udu[sheep]N_sila[bait]N_urbara[wolf]N"
"P229426",14,"o 13","šita[priest]N ši-ta-an[NA]NA ŠITA[NA]NA","šita ši-ta-an ŠITA",0,"šita[priest]N_ši-ta-an[NA]NA_ŠITA[NA]NA"
"P250736",281,"r iii 42","gir[oven]N esir[bitumen]N","gir₄ esir",0,"gir[oven]N_esir[bitumen]N"
"P250363",6,"o 5'","ig[door]N i[oil]N","{ŋeš}ig i₃",0,"ig[door]N_i[oil]N"
"P492330",44,"r ii 2'","x-x[NA]NA","x-x",0,"x-x[NA]NA"
"Q000039",684,"616","tigidlu[instrument]N Elam[1]GN","{ŋeš}tigidla elam-ma",0,"tigidlu[instrument]N_Elam[1]GN"
"P271771",86,"o v 16","ur[root]N gibil[new]V/i","{ŋeš}ur₂ gibil",0,"ur[root]N_gibil[new]V/i"
"P250736",174,"r i 28","gakkul[mash-tub]N x-a[NA]NA","{gi}gakkul₃ x-a",0,"gakkul[mash-tub]N_x-a[NA]NA"
"Q000001",378,"377","šah[pig]N","šah₂",0,"šah[pig]N"
"P247864",330,"o vi 14","pana[bow]N","{ŋeš}pana",0,"pana[bow]N"
"P247864",435,"o vii 54'","guza[chair]N mušlah[charmer]N","{ŋeš}gu-za muš-lahₓ(DU)",0,"guza[chair]N_mušlah[charmer]N"
"Q000039",174,"145c","{ŋeš}x-bi[NA]NA","{ŋeš}x-bi",0,"{ŋeš}x-bi[NA]NA"
"P447996",216,"r iii 17","x[NA]NA ma[ship]N","x ma₂",0,"x[NA]NA_ma[ship]N"
"P459216",46,"ii 14","mes[tree]N Magan[1]GN","{ŋeš}mes ma₂-gan-na",0,"mes[tree]N_Magan[1]GN"
"P273880",321,"b iii 49","{ŋeš}LAGAB[NA]NA illar[weapon]N","{ŋeš}LAGAB illar",0,"{ŋeš}LAGAB[NA]NA_illar[weapon]N"
"P437074",96,"unknown","unknown","unknown",999,"unknown"
"P271911",104,"o ii 29","garig[comb]N šukama[need]N","ga-rig₂ šu-kam₂-ma",0,"garig[comb]N_šukama[need]N"
"P250364",105,"r i 5'","sigsig[musical-instrument]N","{ŋeš}sig₃-sig₃",0,"sigsig[musical-instrument]N"
"P459218",89,"o iv 7","{ŋeš}x[NA]NA","{ŋeš}x",0,"{ŋeš}x[NA]NA"
"P253874",9,"o 6","gag[nail]N šudul[yoke]N gigir[chariot]N","{ŋeš}gag šudul₄ gigir",0,"gag[nail]N_šudul[yoke]N_gigir[chariot]N"
"P253228",98,"r iii 15'","peškal[tree]N","{ŋeš}peš₇-kal",0,"peškal[tree]N"
"P271911",550,"r iv 17","tuluʾangid[tool]N","tu-lu₂-gid₂-gid₂",0,"tuluʾangid[tool]N"
"P370399",160,"o v 14'","{ŋeš}KAL[NA]NA","{ŋeš}KAL",0,"{ŋeš}KAL[NA]NA"
"P251686",11,"o 8","guza[chair]N tu[bath?]N","{ŋeš}gu-za tu₅",0,"guza[chair]N_tu[bath?]N"
"P332934",382,"r iv 16'","usakar[moon]N margida[cart]N","{ŋeš}u₄-sakar mar-gid₂-da",0,"usakar[moon]N_margida[cart]N"
"P332934",309,"r iii 12'","ma[ship]N Idlurugu[1]DN","{ŋeš}ma₂ {d}id₂-lu₂-ru-gu₂",0,"ma[ship]N_Idlurugu[1]DN"
"P388265",134,"r i 12","šu[hand]N burud[perforate]V/t apin[plow]N","{ŋeš}šu bur₃-bur₃ apin",0,"šu[hand]N_burud[perforate]V/t_apin[plow]N"
"P388265",199,"r ii 26","bariga[unit]N","{ŋeš}ba-ri₂-ga",0,"bariga[unit]N"
"P447996",123,"r i 5","ŋešnimbar[palm]N lipiš[innards]N bur[tear]V/t","{ŋeš}ŋešnimbar lipiš bur₁₂",0,"ŋešnimbar[palm]N_lipiš[innards]N_bur[tear]V/t"
"P273880",502,"c ii 47","ŋiškim[sign]N","{ŋeš}ŋiškim",0,"ŋiškim[sign]N"
"P492330",36,"r i 6'","{ŋeš}saŋ-x[NA]NA","{ŋeš}saŋ-x",0,"{ŋeš}saŋ-x[NA]NA"
"P447996",24,"o iii 20","ildag[poplar]N kur[mountain]N","{ŋeš}ildag₂ kur",0,"ildag[poplar]N_kur[mountain]N"
"P271301",414,"r iii 47","eškiri[rope]N","{ŋeš}eškiri₂",0,"eškiri[rope]N"
"P437074",19,"a iii 1'","ŋešnimbar[palm]N x[NA]NA","{ŋeš}ŋešnimbar x",0,"ŋešnimbar[palm]N_x[NA]NA"
"P250736",321,"r iv 39","bad[wall]N bar[outside]V/t","bad₃ bar",0,"bad[wall]N_bar[outside]V/t"
"P247864",213,"o iv 24","garig[comb]N","{ŋeš}ga-rig₂",0,"garig[comb]N"
"P271320",5,"unknown","unknown","unknown",1,"unknown"
"P273880",305,"b iii 33","DUB.du₃[~vehicle]N mar[shovel]N","{ŋeš}ŠID mar",0,"DUB.du₃[~vehicle]N_mar[shovel]N"
"P250736",136,"o iv 29","gi[reed]N šu[hand]N ak[do]V/t","gi šu ak",0,"gi[reed]N_šu[hand]N_ak[do]V/t"
"Q000039",154,"130","maš[plant]N","{ŋeš}maš",0,"maš[plant]N"
"P447996",40,"o iv 9","šinig[tamarisk]N ud[sun]N","{ŋeš}šinig ud",0,"šinig[tamarisk]N_ud[sun]N"
"P459217",100,"iv 22","pešmur[~palm]N ŋešnimbar[palm]N","{ŋeš}peš-murgu ŋešnimbar",0,"pešmur[~palm]N_ŋešnimbar[palm]N"
"P437074",85,"b ii 9''","guza[chair]N","{ŋeš}gu-za",0,"guza[chair]N"
"P271792",12,"unknown","unknown","unknown",8,"unknown"
"P271301",384,"r iii 17","ma[ship]N Uri[Akkad]GN","{ŋeš}ma₂ uri-ma",0,"ma[ship]N_Uri[Akkad]GN"
"P250736",286,"r iv 4","im[clay]N","im",0,"im[clay]N"
"P271301",377,"r iii 10","ma[ship]N peš[thick]V/i","{ŋeš}ma₂ peš-peš",0,"ma[ship]N_peš[thick]V/i"
"P429503",105,"r i' 9'","{ŋeš}x-x[NA]NA","{ŋeš}x-x",0,"{ŋeš}x-x[NA]NA"
"P296528",14,"r v 1'","urnum[cedar]N","{ŋeš}ur-nu-um",0,"urnum[cedar]N"
"Q000001",149,"149","maš[goat]N babbar[white]V/i","maš₂ babbar",0,"maš[goat]N_babbar[white]V/i"
"Q000039",275,"239","kaŋeškarak[table]N","{ŋeš}ka-kara₄(KAD₄)",0,"kaŋeškarak[table]N"
"P273880",49,"a ii 23'","x[NA]NA apin[plow]N","x apin",0,"x[NA]NA_apin[plow]N"
"P332934",156,"o ii 72","ŋešnimbar[palm]N al-x[NA]NA","{ŋeš}ŋešnimbar al-x",0,"ŋešnimbar[palm]N_al-x[NA]NA"
"P247864",93,"o ii 30","{ŋeš}x[NA]NA babbar[white]V/i","{ŋeš}x babbar",0,"{ŋeš}x[NA]NA_babbar[white]V/i"
"P347814",196,"c ii 2'","ŋeš[tree]N 11[NA]NA x[NA]NA","ŋeš 11 x",0,"ŋeš[tree]N_11[NA]NA_x[NA]NA"
"P459224",3,"2","saŋ[head]N ŋešnud[bed]N","{ŋeš}saŋ nud",0,"saŋ[head]N_ŋešnud[bed]N"
"Q000039",607,"547","dala[thorn]N","{ŋeš}dala₂(|IGI.NI|)",0,"dala[thorn]N"
"P389511",18,"r 2","{ŋeš}a-x[NA]NA","{ŋeš}a-x",0,"{ŋeš}a-x[NA]NA"
"P459217",173,"r iv 7","guza[chair]N GAR-x[NA]NA","{ŋeš}gu-za GAR-x",0,"guza[chair]N_GAR-x[NA]NA"
"P459217",55,"iii 5","eren[cedar]N","{ŋeš}eren",0,"eren[cedar]N"
"P273880",286,"b iii 10","kaŋeškarak[table]N urud[copper]N","{ŋeš}ka-kara₄ urud",0,"kaŋeškarak[table]N_urud[copper]N"
"P459216",59,"ii 27","tiʾarum[tree]N","{ŋeš}ti-ia-ar",0,"tiʾarum[tree]N"
"P332934",316,"r iii 19'","{ŋeš}ad-du₅-gi[NA]NA ma[ship]N","{ŋeš}ad-du₅-gi ma₂",0,"{ŋeš}ad-du₅-gi[NA]NA_ma[ship]N"
"Q000001",219,"219","ab[cow]N si[horn]N ŋal[be]V/i","ab₂ si ŋal₂",0,"ab[cow]N_si[horn]N_ŋal[be]V/i"
"P429504",16,"o ii' 10","ŋešnimbar[palm]N uhin[date]N sissig[green]V/i šeŋ[cook]V/t","{ŋeš}ŋešnimbar u₄-hi-in sig₇-sig₇ šeŋ₆",0,"ŋešnimbar[palm]N_uhin[date]N_sissig[green]V/i_šeŋ[cook]V/t"
"P271301",44,"o i 41","hašhur[apple]N kur[mountain]N","{ŋeš}hašhur kur",0,"hašhur[apple]N_kur[mountain]N"
"P437074",181,"c ii 15'","{ŋeš}x[NA]NA x[NA]NA","{ŋeš}x x",0,"{ŋeš}x[NA]NA_x[NA]NA"
"Q000039",182,"152","ba[tool]N","{ŋeš}ba",0,"ba[tool]N"
"P253228",16,"o i 12","al[hoe]N zu[tooth]N min[two]NU","{ŋeš}al zu₂ min",0,"al[hoe]N_zu[tooth]N_min[two]NU"
"P271911",47,"o i 31'","mud[tube]N","mud",0,"mud[tube]N"
"P253233",14,"o i 8","dilim[spoon]N dug[speak]V/t","{ŋeš}dilim₂ dug₄",0,"dilim[spoon]N_dug[speak]V/t"
"P247864",9,"o i 6","ŋešaʾabak[tree]N","ŋeš-ab-ba",0,"ŋešaʾabak[tree]N"
"P332930",32,"r 11","ma[ship]N niš[twenty]NU gur[unit]N","{ŋeš}ma₂ niš gur",0,"ma[ship]N_niš[twenty]NU_gur[unit]N"
"P388265",434,"t.e. iii 6","{ŋeš}x-x[NA]NA","{ŋeš}x-x",0,"{ŋeš}x-x[NA]NA"
"P273880",134,"a iv 31'","guza[chair]N malah[sailor]N","{ŋeš}gu-za ma₂-lah₅",0,"guza[chair]N_malah[sailor]N"
"P273880",548,"c iii 33","ŋešnimbar[palm]N x[NA]NA","{ŋeš}ŋešnimbar x",0,"ŋešnimbar[palm]N_x[NA]NA"
"P388265",387,"r vi 28","banšurzaggula[table]N","{ŋeš}banšurₓ(|URU×IGI|)-zag-ku-la₂",0,"banšurzaggula[table]N"
"P253238",38,"r 15","KID.da[twig]N","{ŋeš}KID-da",0,"KID.da[twig]N"
"P347814",86,"b i 11'","{ŋeš}ma-ah[NA]NA apin[plow]N","{ŋeš}ma-ah apin",0,"{ŋeš}ma-ah[NA]NA_apin[plow]N"
"P273880",576,"c iv 8","{ŋeš}x[NA]NA","{ŋeš}x",0,"{ŋeš}x[NA]NA"
"Q000039",274,"238","banšur[table]N zagŋara[shrine]N","{ŋeš}banšur zag-ŋar-ra",0,"banšur[table]N_zagŋara[shrine]N"
"P271911",300,"unknown","unknown","unknown",1,"unknown"
"P447996",215,"r iii 16","x-us₂[NA]NA ma[ship]N","x-us₂ ma₂",0,"x-us₂[NA]NA_ma[ship]N"
"P347814",109,"b i 39'","x[NA]NA x-la₂[NA]NA","x x-la₂",0,"x[NA]NA_x-la₂[NA]NA"
"P271301",443,"r iv 24","tum[cross-beam]N gigir[chariot]N","{ŋeš}tum gigir",0,"tum[cross-beam]N_gigir[chariot]N"
"P247864",74,"o ii 11","dala[thorn]N ŋešnimbar[palm]N","{ŋeš}dala₂ ŋešnimbar",0,"dala[thorn]N_ŋešnimbar[palm]N"
"P347814",89,"b i 14'","niŋŋeštug[~plow]N apin[plow]N","{ŋeš}niŋ₂-ŋeštug apin",0,"niŋŋeštug[~plow]N_apin[plow]N"
"P346714",79,"r iii 01'","ellag[ball]N","{ŋeš}ellag",0,"ellag[ball]N"
"Q000039",499,"447","apin[plow]N saŋ[head]N e[leave]V/i","{ŋeš}apin saŋ e₃",0,"apin[plow]N_saŋ[head]N_e[leave]V/i"
"P273880",153,"a iv 50'","guza[chair]N aški[rushes]N du[build]V/t","{ŋeš}gu-za {+a}aški du₃",0,"guza[chair]N_aški[rushes]N_du[build]V/t"
"P273712",22,"r i 12","ušub[brick-mold]N šeg[brick]N","{ŋeš}u₃-šub šeg₁₂",0,"ušub[brick-mold]N_šeg[brick]N"
"P271911",83,"o ii 11","minbulug[pin]N","niŋ₂-balak",0,"minbulug[pin]N"
"Q000039",275,"239","kaŋeškarak[table]N","{ŋeš}ka-kara₄(KAD₄)",0,"kaŋeškarak[table]N"
"P447996",53,"o iv 22","muran[tree]N","{ŋeš}mur-ra-an",0,"muran[tree]N"
"P247864",93,"o ii 30","{ŋeš}x[NA]NA babbar[white]V/i","{ŋeš}x babbar",0,"{ŋeš}x[NA]NA_babbar[white]V/i"
"P273880",564,"c iii 49","suhuš[offshoot]N ŋešnimbar[palm]N","{ŋeš}suhuš ŋešnimbar",0,"suhuš[offshoot]N_ŋešnimbar[palm]N"
"P459216",195,"r iv 27'","{ŋeš}KAM-DAR[NA]NA margida[cart]N","{ŋeš}KAM-DAR mar-gid₂-da",0,"{ŋeš}KAM-DAR[NA]NA_margida[cart]N"
"P271301",346,"r ii 30","naŋa[mortar]N","{ŋeš}naŋa₃",0,"naŋa[mortar]N"
"P388265",199,"r ii 26","bariga[unit]N","{ŋeš}ba-ri₂-ga",0,"bariga[unit]N"
"Q000039",710,"641","ŋušur[beam]N TUG₂[NA]NA","{ŋeš}ur₂ TUG₂",0,"ŋušur[beam]N_TUG₂[NA]NA"
"P388265",258,"r iii 45","x[NA]NA gigir[chariot]N","x gigir",0,"x[NA]NA_gigir[chariot]N"
"P273880",94,"a iii 32'","sudin[~chariot]N gigir[chariot]N","{ŋeš}su-din gigir",0,"sudin[~chariot]N_gigir[chariot]N"
"P346714",9,"r i 05'","{ŋeš}niŋ₂-x[NA]NA","{ŋeš}niŋ₂-x",0,"{ŋeš}niŋ₂-x[NA]NA"
"P459217",80,"unknown","unknown","unknown",2,"unknown"
"Q000039",639,"573","{ŋeš}KID[NA]NA tukul[weapon]N mah[great]V/i","{ŋeš}KID tukul mah",0,"{ŋeš}KID[NA]NA_tukul[weapon]N_mah[great]V/i"
"P235262",89,"d i 32'","sahargi[dust-guard]N gigir[chariot]N","{ŋeš}sahar-gi gigir",0,"sahargi[dust-guard]N_gigir[chariot]N"
"Q000039",584,"525b","ŋeš[tree]N min[two]NU giŋ[unit]N","ŋeš min giŋ₄",0,"ŋeš[tree]N_min[two]NU_giŋ[unit]N"
"P437074",159,"c i 24'","umbin[nail]N ŋešnud[bed]N","{ŋeš}umbin nud",0,"umbin[nail]N_ŋešnud[bed]N"
"P271911",332,"r i 21'","pana[bow]N","pana",0,"pana[bow]N"
"Q000039",607,"547","dala[thorn]N","{ŋeš}dala₂(|IGI.NI|)",0,"dala[thorn]N"
"P332934",11,"o i 7","ŋešgana[tree]N babbar[white]V/i","ŋeš-kin₂ babbar",0,"ŋešgana[tree]N_babbar[white]V/i"
"P388265",416,"r vi 60","{ŋeš}x[NA]NA bulug[needle]N","{ŋeš}x bulug",0,"{ŋeš}x[NA]NA_bulug[needle]N"
"P250736",38,"o ii 10","{gi}NI[NA]NA šu[hand]N gag[nail]N x[NA]NA","{gi}NI šu {ŋeš}gag x",0,"{gi}NI[NA]NA_šu[hand]N_gag[nail]N_x[NA]NA"
"P250362",6,"6","niŋna[incense]N UD[NA]NA","{ŋeš}niŋ₂-na UD",0,"niŋna[incense]N_UD[NA]NA"
"P247864",427,"o vii 46'","guza[chair]N zag[side]N us[follow]V/t","{ŋeš}gu-za zag us₂",0,"guza[chair]N_zag[side]N_us[follow]V/t"
"P332934",48,"o i 44","hašhur[apple]N šega[agreement]N","{ŋeš}hašhur še-ga",0,"hašhur[apple]N_šega[agreement]N"
"P271911",285,"o iv 49","sa[sinew]N igi[eye]N tur[small]V/i","sa igi tur-tur",0,"sa[sinew]N_igi[eye]N_tur[small]V/i"
"P332934",87,"o ii 4","manu[wood]N","{ŋeš}ma-nu",0,"manu[wood]N"
"X100003",12,"o 11","ŋeš[tree]N babbar[white]V/i","ŋeš babbar",0,"ŋeš[tree]N_babbar[white]V/i"
"P235262",4,"unknown","unknown","unknown",10,"unknown"
"P273880",415,"c i 18","niŋgul[hatchet]N","{ŋeš}niŋ₂-gul-gul",0,"niŋgul[hatchet]N"
"P273880",491,"c ii 35","Madurahabzu[1]ON","{ŋeš}ma₂-da-abzu",0,"Madurahabzu[1]ON"
"P332934",347,"r iv 4","gigir[chariot]N Enlil[1]DN","{ŋeš}gigir {d}50",0,"gigir[chariot]N_Enlil[1]DN"
"P228196",2,"2","ganum[stand]N gal[big]V/i","{ŋeš}gan-nu gu-la",0,"ganum[stand]N_gal[big]V/i"
"P253874",5,"o 2","mud[tube]N gigir[chariot]N","{ŋeš}mud₂ gigir",0,"mud[tube]N_gigir[chariot]N"
"P332934",153,"o ii 69","ŋešnimbar[palm]N x[NA]NA","{ŋeš}ŋešnimbar x",0,"ŋešnimbar[palm]N_x[NA]NA"
"P253866",26,"o i 21'","ig[door]N gal[big]V/i","{ŋeš}ig gal",0,"ig[door]N_gal[big]V/i"
"Q000039",57,"49","mes[tree]N","{ŋeš}mes",0,"mes[tree]N"
"P389511",10,"o 9","šaršabid[tree]N","{ŋeš}šarₓ(NE)-ša₄-bit",0,"šaršabid[tree]N"
"P459226",10,"o i 7'","ŋeš[tree]N giggi[black]V/i","ŋeš giggi",0,"ŋeš[tree]N_giggi[black]V/i"
"P271911",583,"unknown","unknown","unknown",1,"unknown"
"P429503",26,"o i 23","gurum[bend]V/t ŋeštin[vine]N","{ŋeš}gurum ŋeštin",0,"gurum[bend]V/t_ŋeštin[vine]N"
"P273880",469,"c ii 13","magur[barge]N","{ŋeš}ma₂-kur",0,"magur[barge]N"
"P459218",53,"o iii 4","{ŋeš}BU-ERIN₂-AŠ-GI-MA[NA]NA","{ŋeš}BU-ERIN₂-AŠ-GI-MA",0,"{ŋeš}BU-ERIN₂-AŠ-GI-MA[NA]NA"
"Q000039",555,"499","tukul[weapon]N kun[tail]N","{ŋeš}tukul kun",0,"tukul[weapon]N_kun[tail]N"
"P273880",237,"b ii 26","garig[comb]N saŋdu[head]N","{ŋeš}ga-rig₂ saŋ-du",0,"garig[comb]N_saŋdu[head]N"
"P247864",163,"o iii 37","DUB[pole-pin]N margida[cart]N","{ŋeš}DUB mar-gid₂-da",0,"DUB[pole-pin]N_margida[cart]N"
"P346714",100,"r iii 22'","{ŋeš}x[NA]NA gur[rim]N","{ŋeš}x gur₂",0,"{ŋeš}x[NA]NA_gur[rim]N"
"P250736",136,"o iv 29","gi[reed]N šu[hand]N ak[do]V/t","gi šu ak",0,"gi[reed]N_šu[hand]N_ak[do]V/t"
"P271911",558,"r iv 23","kunsig[bristle]N","kun-sig₂",0,"kunsig[bristle]N"
"P247864",338,"o vi 22","pana[bow]N x-x[NA]NA","{ŋeš}pana x-x",0,"pana[bow]N_x-x[NA]NA"
"P271301",176,"o iv 10","mud[stump]N su[fibers]N ŋešnimbar[palm]N","{ŋeš}mud su₁₁ ŋešnimbar",0,"mud[stump]N_su[fibers]N_ŋešnimbar[palm]N"
"P273880",359,"b iv 22","harmušen[snare]N","{ŋeš}har-mušen",0,"harmušen[snare]N"
"P271911",235,"o iv 8","gu[neck]N zirigum[irrigation-device]N","gu₂ zi-ri-kum",0,"gu[neck]N_zirigum[irrigation-device]N"
"P228196",2,"2","ganum[stand]N gal[big]V/i","{ŋeš}gan-nu gu-la",0,"ganum[stand]N_gal[big]V/i"
"P437074",81,"b ii 5''","{ŋeš}HUB₂[NA]NA","{ŋeš}HUB₂",0,"{ŋeš}HUB₂[NA]NA"
"P253866",108,"r i 11","ma[ship]N x[NA]NA","{ŋeš}ma₂ x",0,"ma[ship]N_x[NA]NA"
"P349859",5,"05'","sa[net]N igi[eye]N tur[small]V/i","{ŋeš}sa igi tur-tur",0,"sa[net]N_igi[eye]N_tur[small]V/i"
"P346714",30,"r i 34'","{ŋeš}x[NA]NA","{ŋeš}x",0,"{ŋeš}x[NA]NA"
"P346714",82,"r iii 04'","kur[wood]N","{ŋeš}kur",0,"kur[wood]N"
"P388265",300,"unknown","unknown","unknown",2,"unknown"
"P447996",100,"o v 25","isimu[sprout]N","{ŋeš}isimu₃{+mu₂}",0,"isimu[sprout]N"
"P459216",178,"r iv 10'","DUB.du₃[~vehicle]N šag[heart]N","{ŋeš}šid-du₁₀ šag₄",0,"DUB.du₃[~vehicle]N_šag[heart]N"
"P346714",182,"unknown","unknown","unknown",1,"unknown"
"P271911",365,"unknown","unknown","unknown",1,"unknown"
"P271301",293,"r i 21","šuʾa[stool]N tibira[sculptor]N","{ŋeš}šuaₓ(|ŠU₂×(A.DIŠ)|) tibira(|URUDA.NAGAR|)",0,"šuʾa[stool]N_tibira[sculptor]N"
"Q000039",328,"290","magur[barge]N Ninlil[1]DN","{ŋeš}ma₂-gur₈ {d}nin-lil₂",0,"magur[barge]N_Ninlil[1]DN"
"P492330",4,"o i 2","saŋkul[bolt]N la[hang]V/t","{ŋeš}saŋ-kul la₂-la₂",0,"saŋkul[bolt]N_la[hang]V/t"
"P250736",253,"r iii 14","epig[vessel]N šah[pig]N","{dug}epig šah₂",0,"epig[vessel]N_šah[pig]N"
"P459217",15,"i 14'","hašhur[apple]N šeʾeštub[barley]N","{ŋeš}hašhur eštub",0,"hašhur[apple]N_šeʾeštub[barley]N"
"P447996",26,"o iii 22","ildag[poplar]N bur[to-spread-out-cover]V/t","{ŋeš}ildag₂ bu-r·a",0,"ildag[poplar]N_bur[to-spread-out-cover]V/t"
"Q000001",278,"278","muš[snake]N eme[tongue]N min[two]NU","muš eme min",0,"muš[snake]N_eme[tongue]N_min[two]NU"
"P271549",13,"8'","x[NA]NA","x",0,"x[NA]NA"
"P370399",94,"o iii 33'","x[NA]NA saŋ[head]N apin[plow]N","x saŋ apin",0,"x[NA]NA_saŋ[head]N_apin[plow]N"
"P429503",20,"o i 17","ŋeštinkaʾa[grape]N","{ŋeš}ŋeštin-ka₅-a",0,"ŋeštinkaʾa[grape]N"
"P347814",113,"b i 43'","gu[neck]N zirigum[irrigation-device]N","{ŋeš}gu₂ zi-ri₂-gum",0,"gu[neck]N_zirigum[irrigation-device]N"
"P459218",36,"o ii 16'","garig[comb]N eban[pair]N","{ŋeš}ga-rig₂ e₂-pa-na",0,"garig[comb]N_eban[pair]N"
"P459218",8,"o i 12'","ig[door]N maštab[twin]N","{ŋeš}ig maš-tab",0,"ig[door]N_maštab[twin]N"
"P346714",147,"r iv 30'","illar[weapon]N eban[pair]N","{ŋeš}illar e-ba-an",0,"illar[weapon]N_eban[pair]N"
"P250736",248,"r iii 9","epig[vessel]N","{dug}epig",0,"epig[vessel]N"
"P332934",137,"o ii 54","tiʾarum[tree]N","{ŋeš}ti-ia-lum",0,"tiʾarum[tree]N"
"P273880",256,"b ii 49","ŋeš[tree]N 1/2[NA]NA giŋ[unit]N","ŋeš 1/2 giŋ₄",0,"ŋeš[tree]N_1/2[NA]NA_giŋ[unit]N"
"P271911",477,"r iii 16","tukul[weapon]N manu[wood]N","tukul {ŋeš}ma-nu",0,"tukul[weapon]N_manu[wood]N"
"P271911",527,"r iii 55","arganum[conifer]N","ar-ga-an-nu-um",0,"arganum[conifer]N"
"P271911",150,"o iii 1'","apin[plow]N šu[hand]N","apin šu",0,"apin[plow]N_šu[hand]N"
"P447996",113,"o v 38","ŋešnimbar[palm]N al-x[NA]NA","{ŋeš}ŋešnimbar al-x",0,"ŋešnimbar[palm]N_al-x[NA]NA"
"P250736",288,"r iv 6","x[NA]NA šu[hand]N","x šu",0,"x[NA]NA_šu[hand]N"
"P271320",26,"o i 18'","guza[chair]N gar[knob]N x[NA]NA","{ŋeš}gu-za gar₃ x",0,"guza[chair]N_gar[knob]N_x[NA]NA"
"Q000039",251,"215","ŋeš.nud.AŠ.nud[bed]N","ŋeš-nud-AŠ-nud",0,"ŋeš.nud.AŠ.nud[bed]N"
"P253228",15,"o i 11","saŋ[head]N al[hoe]N","{ŋeš}saŋ al",0,"saŋ[head]N_al[hoe]N"
"P459216",138,"r iii 5'","ma[ship]N x[NA]NA","{ŋeš}ma₂ x",0,"ma[ship]N_x[NA]NA"
"Q000039",542,"486","ušub[brick-mold]N šeg[brick]N alura[baked]AJ","{ŋeš}u₃-šub šeg₁₂ al-ur₅-ra",0,"ušub[brick-mold]N_šeg[brick]N_alura[baked]AJ"
"P271911",600,"unknown","unknown","unknown",1,"unknown"
"P271301",362,"r ii 46","ma[ship]N x[NA]NA","{ŋeš}ma₂ x",0,"ma[ship]N_x[NA]NA"
"P273880",196,"b i 46'","x-x[NA]NA","x-x",0,"x-x[NA]NA"
"P250371",5,"o 3","gabaŋal[guard]N gigir[chariot]N","{ŋeš}gaba-ŋal₂ gigir",0,"gabaŋal[guard]N_gigir[chariot]N"
"P271911",338,"r i 26'","lubi[ax]N tur[small]V/i","lub tur",0,"lubi[ax]N_tur[small]V/i"
"P388265",268,"r iv 8","šuʾa[stool]N kaskal[way]N","{ŋeš}šu₂-a kaskal",0,"šuʾa[stool]N_kaskal[way]N"
"Q000001",392,"391","dadamul[animal]N","da-da-mul",0,"dadamul[animal]N"
"P271301",221,"o iv 55","guruʾuš[tree-trunk]N","{ŋeš}guru₅-uš",0,"guruʾuš[tree-trunk]N"
"P271301",405,"r iii 38","ma[ship]N niš[twenty]NU gur[unit]N","{ŋeš}ma₂ niš gur",0,"ma[ship]N_niš[twenty]NU_gur[unit]N"
"P388265",44,"ii 27","šumsikil[vegetable]N","{ŋeš}šum₂-sikil",0,"šumsikil[vegetable]N"
"P253228",24,"o ii 5","al[hoe]N zu[tooth]N min[two]NU","{ŋeš}al zu₂ min",0,"al[hoe]N_zu[tooth]N_min[two]NU"
"P273880",287,"b iii 11","x[NA]NA kaŋeškarak[table]N x[NA]NA","x ka-kara₄ x",0,"x[NA]NA_kaŋeškarak[table]N_x[NA]NA"
"P272243",11,"o i' 7'","ŋešnimbar[palm]N Dilmun[1]GN","{ŋeš}ŋešnimbar dilmun",0,"ŋešnimbar[palm]N_Dilmun[1]GN"
"P271911",106,"unknown","unknown","unknown",1,"unknown"
"P250364",18,"o i 15","gag[nail]N x[NA]NA gigir[chariot]N","{ŋeš}gag x gigir",0,"gag[nail]N_x[NA]NA_gigir[chariot]N"
"P459217",72,"iii 22","ŋešnimbar[palm]N","{ŋeš}ŋešnimbar",0,"ŋešnimbar[palm]N"
"Q000039",740,"669","{ŋeš}URI[NA]NA","{ŋeš}URI",0,"{ŋeš}URI[NA]NA"
"P247864",160,"o iii 34","gag[nail]N šudul[yoke]N margida[cart]N","{ŋeš}gag šu₂-dul₄ mar-gid₂-da",0,"gag[nail]N_šudul[yoke]N_margida[cart]N"
"P347814",51,"a ii 22'","{ŋeš}x[NA]NA","{ŋeš}x",0,"{ŋeš}x[NA]NA"
"Q000039",491,"439","ŋešrin[scales]N mana[unit]N","ŋeš-rin₂ ma-na",0,"ŋešrin[scales]N_mana[unit]N"
"P447996",144,"r i 26","ligima[shoot]N ŋešnimbar[palm]N","{ŋeš}ligima ŋešnimbar",0,"ligima[shoot]N_ŋešnimbar[palm]N"
"P271911",216,"o iii 57'","al[hoe]N zu[tooth]N limmu[four]NU","al zu₂ limmu₂",0,"al[hoe]N_zu[tooth]N_limmu[four]NU"
"P459216",163,"r iii 30'","gur[basket]N ma[ship]N","{ŋeš}gur ma₂",0,"gur[basket]N_ma[ship]N"
"P349893",6,"6","malalum[container]N","{ŋeš}malla",0,"malalum[container]N"
"P459216",136,"r iii 3'","ma[ship]N ki-x[NA]NA","{ŋeš}ma₂ ki-x",0,"ma[ship]N_ki-x[NA]NA"
"Q000039",318,"280","ma[ship]N ninnu[fifty]NU gur[unit]N","{ŋeš}ma₂ ninnu gur",0,"ma[ship]N_ninnu[fifty]NU_gur[unit]N"
"P271911",396,"r ii 11","x[NA]NA","x",0,"x[NA]NA"
"P271301",287,"r i 15","na[box]N šu[hand]N","{ŋeš}na šu",0,"na[box]N_šu[hand]N"
"P437074",139,"c i 4'","ŋirigub[footstool]N zu[tooth]N amsi[elephant]N dul[cover]V/t","{ŋeš}ŋiri₃-gub zu₉ am-si dul₄-dul₄",0,"ŋirigub[footstool]N_zu[tooth]N_amsi[elephant]N_dul[cover]V/t"
"Q000039",708,"639","zena[weapon]N","{ŋeš}ze₂-na",0,"zena[weapon]N"
"P271771",18,"o ii 16","lamhal[nut]N","{ŋeš}lam-hal",0,"lamhal[nut]N"
"P429503",127,"r ii' 3'","ma[ship]N Ninazu[1]DN","{ŋeš}ma₂ {d}nin-a-zu",0,"ma[ship]N_Ninazu[1]DN"
"P272532",3,"o 1","guza[chair]N gar[knob]N urud[copper]N ŋar[place]V/t","{ŋeš}gu-za gar₃ urud ŋar",0,"guza[chair]N_gar[knob]N_urud[copper]N_ŋar[place]V/t"
"P409466",3,"o 2","Magurnubzu[1]ON","{ŋeš}ma₂-{d}gur₈-nu-ub-zu",0,"Magurnubzu[1]ON"
"P332934",29,"o i 25","garan[bunch]N ŋeštin[vine]N","{ŋeš}ga-ra-an ŋeštin",0,"garan[bunch]N_ŋeštin[vine]N"
"Q000039",497,"445","apin[plow]N šudu[equipped]AJ","{ŋeš}apin šu-nu-du₇",0,"apin[plow]N_šudu[equipped]AJ"
"Q000039",602,"542","{ŋeš}šu-DU[NA]NA","{ŋeš}šu-DU",0,"{ŋeš}šu-DU[NA]NA"
"P459216",100,"r i 5'","guza[chair]N x[NA]NA","{ŋeš}gu-za x",0,"guza[chair]N_x[NA]NA"
"P447996",34,"o iv 3","urzinum[tree]N","{ŋeš}ur-zi-nu",0,"urzinum[tree]N"
"P459225",7,"r i 2'","gagsisa[arrow]N","{ŋeš}gag-si-sa₂",0,"gagsisa[arrow]N"
"P271911",530,"unknown","unknown","unknown",1,"unknown"
"Q000039",22,"20","šinig[tamarisk]N kur[mountain]N","{ŋeš}šinig kur",0,"šinig[tamarisk]N_kur[mountain]N"
"Q000001",228,"228","amar[young]N lirum[strength]N","amar lirum",0,"amar[young]N_lirum[strength]N"
"P459216",82,"iii 21","pešbandazi[offshoot]N ŋešnimbar[palm]N","{ŋeš}peš-banda₃-zi ŋešnimbar",0,"pešbandazi[offshoot]N_ŋešnimbar[palm]N"
"P271911",279,"o iv 43","sa[net]N tur[small]V/i","sa tur",0,"sa[net]N_tur[small]V/i"
"P459218",85,"o iv 3","{ŋeš}gan[NA]NA apin[plow]N","{ŋeš}gan apin",0,"{ŋeš}gan[NA]NA_apin[plow]N"
"Q000039",150,"126","buzunuma[plant]N","{ŋeš}bu-zu₂-num₂-ma",0,"buzunuma[plant]N"
"P253228",90,"r iii 7'","x-x[NA]NA","x-x",0,"x-x[NA]NA"
"P437074",154,"c i 19'","gam[crook]N ŋešnud[bed]N","{ŋeš}kab nud",0,"gam[crook]N_ŋešnud[bed]N"
"P271301",88,"o ii 36","manu[wood]N kalag[strong]V/i","{ŋeš}ma-nu kalag",0,"manu[wood]N_kalag[strong]V/i"
"P273880",188,"b i 38'","ŋešnud[bed]N dih[weed]N","ŋeš-nud {ŋeš}dih₃",0,"ŋešnud[bed]N_dih[weed]N"
"Q000039",695,"627","ganum[stand]N kaš[beer]N","{ŋeš}ga-an-nu kaš",0,"ganum[stand]N_kaš[beer]N"
"P250736",137,"o iv 30","{gi}x-x-KID[NA]NA","{gi}x-x-KID",0,"{gi}x-x-KID[NA]NA"
"P271301",176,"o iv 10","mud[stump]N su[fibers]N ŋešnimbar[palm]N","{ŋeš}mud su₁₁ ŋešnimbar",0,"mud[stump]N_su[fibers]N_ŋešnimbar[palm]N"
"Q000039",272,"236","umbin[base]N banšur[table]N","{ŋeš}umbin banšur",0,"umbin[base]N_banšur[table]N"
"P228096",11,"o i 9","nisiki[comb]N","{ŋeš}UMBIN",0,"nisiki[comb]N"
"P273880",341,"b iv 4","dub[tablet]N zamin[lyre]N","{ŋeš}dub za₃-mi₂",0,"dub[tablet]N_zamin[lyre]N"
"P271911",460,"unknown","unknown","unknown",999,"unknown"
"P271911",82,"o ii 10","barbar[shuttle]N","bar-bar",0,"barbar[shuttle]N"
"P247864",22,"o i 19","mes[tree]N ma₂-gan-na[NA]NA","{ŋeš}mes ma₂-gan-na",0,"mes[tree]N_ma₂-gan-na[NA]NA"
"Q000001",363,"363","peš[mouse]N","peš₂",0,"peš[mouse]N"
"P429503",64,"o iii 3","ilianum[tree]N","{ŋeš}i-li-ia-nu-um",0,"ilianum[tree]N"
"Q000039",741,"670","{ŋeš}URI[NA]NA","{ŋeš}URI",0,"{ŋeš}URI[NA]NA"
"P370399",70,"o iii 9'","saŋ[head]N guza[chair]N","{ŋeš}saŋ gu-za",0,"saŋ[head]N_guza[chair]N"
"P459216",110,"r i 15'","{ŋeš}x[NA]NA","{ŋeš}x",0,"{ŋeš}x[NA]NA"
"X100003",6,"o 5","šagkal[tree]N","{ŋeš}šag₄-ul₄",0,"šagkal[tree]N"
"P273880",193,"b i 43'","ŋešnud[bed]N kuš[hide]N du[build]V/t","ŋeš-nud kuš du₃",0,"ŋešnud[bed]N_kuš[hide]N_du[build]V/t"
"P272243",26,"r i 7","ŋešnimbar[palm]N 1(AŠ)[NA]NA gun[load]N","{ŋeš}ŋešnimbar 1(AŠ) gu₂-un",0,"ŋešnimbar[palm]N_1(AŠ)[NA]NA_gun[load]N"
"P492330",15,"o i 13","{ŋeš}x-la₂[NA]NA","{ŋeš}x-la₂",0,"{ŋeš}x-la₂[NA]NA"
"X100003",4,"o 3","ŋešnu[tree]N","ŋeš-BUR₂",0,"ŋešnu[tree]N"
"P271911",272,"o iv 38","igi[~mathematics]N eš[three]NU ŋal[be]V/i","igi eš₅ ŋal₂",0,"igi[~mathematics]N_eš[three]NU_ŋal[be]V/i"
"Q000039",486,"435","ŋešpu[rim]N mansim[sieve]N","ŋeš-bu {gi}ma-an-sim",0,"ŋešpu[rim]N_mansim[sieve]N"
"P459218",85,"o iv 3","{ŋeš}gan[NA]NA apin[plow]N","{ŋeš}gan apin",0,"{ŋeš}gan[NA]NA_apin[plow]N"
"Q000039",556,"500","mitum[weapon]N","{ŋeš}mitum",0,"mitum[weapon]N"
"P388265",95,"iv 12","ŋešnimbar[palm]N dar[split]V/t","{ŋeš}ŋešnimbar dar",0,"ŋešnimbar[palm]N_dar[split]V/t"
"P273880",23,"a i 20'","{ŋeš}x[NA]NA","{ŋeš}x",0,"{ŋeš}x[NA]NA"
"P347814",41,"a ii 12'","{ŋeš}x[NA]NA","{ŋeš}x",0,"{ŋeš}x[NA]NA"
"Q000039",737,"666","esi[tree]N","{ŋeš}esi",0,"esi[tree]N"
"P459218",90,"o iv 8","{ŋeš}x[NA]NA","{ŋeš}x",0,"{ŋeš}x[NA]NA"
"P332934",226,"unknown","unknown","unknown",999,"unknown"
"P273880",555,"c iii 40","ŋešnimbar[palm]N x-x-e[NA]NA","{ŋeš}ŋešnimbar x-x-e",0,"ŋešnimbar[palm]N_x-x-e[NA]NA"
"P429503",47,"o ii 16","ŋeškur[tree]N","ŋeš-ku-ra",0,"ŋeškur[tree]N"
"P273880",21,"a i 18'","ŋeštin[vine]N x[NA]NA","{ŋeš}ŋeštin x",0,"ŋeštin[vine]N_x[NA]NA"
"P433291",2,"o 1","lam[tree]N","{ŋeš}lam",0,"lam[tree]N"
"P432448",5,"unknown","unknown","unknown",999,"unknown"
"P273880",717,"d iii 8'","ŋeš[tree]N zu[tooth]N kešed[bind]V/t","ŋeš zu₂ keš₂",0,"ŋeš[tree]N_zu[tooth]N_kešed[bind]V/t"
"P271301",48,"o i 45","hašhur[apple]N aʾabak[sea]N","{ŋeš}hašhur a-ab-ba",0,"hašhur[apple]N_aʾabak[sea]N"
"P429505",9,"7'","ŋešnimbar[palm]N uhin[date]N duru[wet]V/i","{ŋeš}ŋešnimbar u₄-hi-in duru₅",0,"ŋešnimbar[palm]N_uhin[date]N_duru[wet]V/i"
"P250736",202,"r ii 6","{dug}x[NA]NA","{dug}x",0,"{dug}x[NA]NA"
"P347814",49,"a ii 20'","{ŋeš}x[NA]NA","{ŋeš}x",0,"{ŋeš}x[NA]NA"
"P429503",30,"unknown","unknown","unknown",999,"unknown"
"X100003",10,"o 9","ŋešgana[tree]N si[fill]V/t","ŋeš-kin₂ sa₅",0,"ŋešgana[tree]N_si[fill]V/t"
"P271301",269,"o v 42'","guza[chair]N taškarin[boxwood]N","{ŋeš}gu-za {ŋeš}taškarin",0,"guza[chair]N_taškarin[boxwood]N"
"P273880",597,"c iv 31","gur[rim]N balaŋ[instrument]N","{ŋeš}gur₂ balaŋ",0,"gur[rim]N_balaŋ[instrument]N"
"P332934",120,"o ii 37","mes[tree]N halub[tree]N harran[route]N","{ŋeš}mes ha-lu-ub₂ har-ra-an",0,"mes[tree]N_halub[tree]N_harran[route]N"
"P346714",106,"r iii 28'","al[hoe]N","{ŋeš}al",0,"al[hoe]N"
"P247864",284,"o v 32","{ŋeš}DA-x[NA]NA","{ŋeš}DA-x",0,"{ŋeš}DA-x[NA]NA"
"P296528",21,"r v 8'","ŋešnimbar[palm]N","{ŋeš}ŋešnimbar",0,"ŋešnimbar[palm]N"
"P459226",13,"o i 10'","peš[fig]N da-di[NA]NA","{ŋeš}peš₃ da-di",0,"peš[fig]N_da-di[NA]NA"
"P332934",12,"o i 8","ŋešgana[tree]N giggi[black]V/i","ŋeš-kin₂ giggi",0,"ŋešgana[tree]N_giggi[black]V/i"
"P332934",122,"o ii 39","mes.TU[tree]N","{ŋeš}mes-TU",0,"mes.TU[tree]N"
"P437074",148,"c i 13'","ŋešnud[bed]N šatuku[mattress]N","ŋeš-nud ša₃-an-tuku",0,"ŋešnud[bed]N_šatuku[mattress]N"
"P273880",242,"b ii 35","ba[tool]N samag[birthmark]N","{ŋeš}ba samag",0,"ba[tool]N_samag[birthmark]N"
"P429504",13,"o ii' 7","ŋešnimbar[palm]N uhin[date]N giggi[black]V/i","{ŋeš}ŋešnimbar u₄-hi-in giggi",0,"ŋešnimbar[palm]N_uhin[date]N_giggi[black]V/i"
"P271911",420,"r ii 28","x[NA]NA","x",0,"x[NA]NA"
"P247864",256,"o v 4","ninda[seed-funnel]N gur[turn]V/i","{ŋeš}ninda₂ gur",0,"ninda[seed-funnel]N_gur[turn]V/i"
"P388265",389,"r vi 30","dilim[spoon]N banšur[table]N","{ŋeš}dilim₂ banšurₓ(|URU×IGI|)",0,"dilim[spoon]N_banšur[table]N"
"P273880",311,"b iii 39","al[hoe]N zu[tooth]N limmu[four]NU","{ŋeš}al zu₂ limmu₅",0,"al[hoe]N_zu[tooth]N_limmu[four]NU"
"P273880",629,"d i 2'","madal[pole]N","{ŋeš}madla(BU)",0,"madal[pole]N"
"P273880",408,"c i 11","tukul[weapon]N mitum[weapon]N","{ŋeš}tukul mi-tum",0,"tukul[weapon]N_mitum[weapon]N"
"Q000039",433,"386","ig[door]N kan[gate]N tilla[street]N","{ŋeš}ig kan₄ tilla₂",0,"ig[door]N_kan[gate]N_tilla[street]N"
"P369718",3,"o 2","gag[nail]N šudul[yoke]N margida[cart]N","{ŋeš}gag šudul₃ mar-gid₂-da",0,"gag[nail]N_šudul[yoke]N_margida[cart]N"
"Q000001",477,"474","uzu[flesh]N nikid[~food]N","uzu ni₂-kid₂",0,"uzu[flesh]N_nikid[~food]N"
"P447996",114,"o v 39","ŋešnimbar[palm]N Meluhha[1]GN","{ŋeš}ŋešnimbar me-luh-ha",0,"ŋešnimbar[palm]N_Meluhha[1]GN"
"P447996",219,"r iii 20","{ŋeš}u₅-zi-pa-ah[NA]NA ma[ship]N","{ŋeš}u₅-zi-pa-ah ma₂",0,"{ŋeš}u₅-zi-pa-ah[NA]NA_ma[ship]N"
"P429504",26,"o iii' 7","samana[tree]N","{ŋeš}sa-mu-nu",0,"samana[tree]N"
"P271301",438,"r iv 19","ŋirigub[footstool]N gigir[chariot]N","{ŋeš}ŋiri₃-gub gigir",0,"ŋirigub[footstool]N_gigir[chariot]N"
"P273880",301,"b iii 25","mar[shovel]N x[NA]NA","{ŋeš}mar x",0,"mar[shovel]N_x[NA]NA"
"P447996",59,"o iv 28","ŋeštin[vine]N x-x-bi[NA]NA","{ŋeš}ŋeštin x-x-bi",0,"ŋeštin[vine]N_x-x-bi[NA]NA"
"P273880",388,"b iv 56","katapum[object]N","{ŋeš}ka-ta-pu-um",0,"katapum[object]N"
"P247864",144,"o iii 18","{ŋeš}x-x[NA]NA margida[cart]N","{ŋeš}x-x mar-gid₂-da",0,"{ŋeš}x-x[NA]NA_margida[cart]N"
"P229426",20,"o 19","ne₂[NA]NA ne-e[NA]NA NI[NA]NA","ne₂ ne-e NI",0,"ne₂[NA]NA_ne-e[NA]NA_NI[NA]NA"
"P429504",37,"unknown","unknown","unknown",999,"unknown"
"P271911",480,"r iii 19","tukul[weapon]N zulum[date]N","tukul zu₂-lum",0,"tukul[weapon]N_zulum[date]N"
"P247864",280,"o v 28","ŋešgana[pestle]N","ŋeš-gan-na",0,"ŋešgana[pestle]N"
"Q000039",146,"123","zarsi[plant]N","{ŋeš}zar-si",0,"zarsi[plant]N"
"P447996",44,"o iv 13","KID.da[twig]N sil[split]V/i","{ŋeš}KID-da zil",0,"KID.da[twig]N_sil[split]V/i"
"P459216",174,"r iv 6'","gagsila[harness]N","{ŋeš}gag-sila₃",0,"gagsila[harness]N"
"P271301",442,"r iv 23","gag[nail]N zara[pivot]N gigir[chariot]N","{ŋeš}gag za-ra gigir",0,"gag[nail]N_zara[pivot]N_gigir[chariot]N"
"P253238",8,"o 5'","mes[tree]N šaršabid[tree]N","{ŋeš}mes šarₓ(NE)-ša₄-bid₃",0,"mes[tree]N_šaršabid[tree]N"
"Q000001",219,"219","ab[cow]N si[horn]N ŋal[be]V/i","ab₂ si ŋal₂",0,"ab[cow]N_si[horn]N_ŋal[be]V/i"
"Q000039",675,"609","{ŋeš}AN[NA]NA x[NA]NA ŋal₂[NA]NA","{ŋeš}AN x ŋal₂",0,"{ŋeš}AN[NA]NA_x[NA]NA_ŋal₂[NA]NA"
"P370399",39,"o ii 12'","{ŋeš}gur₂-gur₂-ra[NA]NA","{ŋeš}gur₂-gur₂-ra",0,"{ŋeš}gur₂-gur₂-ra[NA]NA"
"Q000001",373,"373","niŋbuna[turtle]N","niŋ₂-bun₂-na",0,"niŋbuna[turtle]N"
"P250364",75,"o iv 15","al[hoe]N zu[tooth]N eš[three]NU","{ŋeš}al zu₂ eš₅",0,"al[hoe]N_zu[tooth]N_eš[three]NU"
"Q000039",713,"644","ŋušur[beam]N tal[broad]V/i","ŋeš-ur₂ tal₂",0,"ŋušur[beam]N_tal[broad]V/i"
"Q000001",105,"105","udu[sheep]N gunu[speckled]V/i","udu gun₃",0,"udu[sheep]N_gunu[speckled]V/i"
"P447996",87,"o v 12","nurma[pomegranate]N gal[big]V/i","{ŋeš}nu-ur₂-ma gal",0,"nurma[pomegranate]N_gal[big]V/i"
"P388265",171,"r i 49","margida[cart]N","{ŋeš}mar-gid₂-da",0,"margida[cart]N"
"P370399",173,"o v 27'","ebir[vessel-stand]N gub[stand]V/i","{ŋeš}ebir gub",0,"ebir[vessel-stand]N_gub[stand]V/i"
"P437074",61,"b ii 4'","pa[branch]N kud[cut]V/t","{ŋeš}pa kud",0,"pa[branch]N_kud[cut]V/t"
"P273880",34,"a ii 1'","dub[knee]N bar[outside]V/t apin[plow]N","{ŋeš}dub₃ bar apin",0,"dub[knee]N_bar[outside]V/t_apin[plow]N"
"Q000039",333,"294a","Manuri[1]ON banda[junior]V/i","{ŋeš}ma₂-nu-ri banda₃{da}",0,"Manuri[1]ON_banda[junior]V/i"
"P247864",130,"o iii 4","da[side-board]N apin[plow]N","{ŋeš}da apin",0,"da[side-board]N_apin[plow]N"
"P388265",231,"r iii 10","guza[chair]N gar[knob]N zabar[bronze]N ŋar[place]V/t","{ŋeš}gu-za gar₃ zabar ŋar",0,"guza[chair]N_gar[knob]N_zabar[bronze]N_ŋar[place]V/t"
"P247864",382,"o vii 1'","{ŋeš}a-x[NA]NA","{ŋeš}a-x",0,"{ŋeš}a-x[NA]NA"
"Q000039",35,"29","šimgig[tree]N","{ŋeš}šim-gig",0,"šimgig[tree]N"
"Q000039",447,"398","saŋkul[bolt]N","{ŋeš}saŋ-kul",0,"saŋkul[bolt]N"
"P271911",130,"o ii 50","ŋešrin[scales]N tur[small]V/i","rin₂ tur",0,"ŋešrin[scales]N_tur[small]V/i"
"P459217",152,"r ii 21'","tun[container]N x[NA]NA","{ŋeš}tun₃ x",0,"tun[container]N_x[NA]NA"
"P346714",165,"r v 01'","mar[shovel]N ninda[bread]N","{ŋeš}mar ninda",0,"mar[shovel]N_ninda[bread]N"
"P332934",42,"o i 38","hašhur[apple]N armanu[tree]N","{ŋeš}hašhur ar-mi-an-nu-um",0,"hašhur[apple]N_armanu[tree]N"
"P332934",336,"r iii 39'","gag[nail]N x[NA]NA","{ŋeš}gag x",0,"gag[nail]N_x[NA]NA"
"P250363",9,"o 8'","ig[door]N uma[triumph]N","{ŋeš}ig u₃-ma",0,"ig[door]N_uma[triumph]N"
"P432448",6,"unknown","unknown","unknown",2,"unknown"
"P273880",105,"a iii 44'","ig[door]N dib[board]N","{ŋeš}ig dib",0,"ig[door]N_dib[board]N"
"P253233",10,"o i 5","baneš[container]N","{ŋeš}{+ba-an}baneš",0,"baneš[container]N"
"P271911",11,"o i 5'","ig[door]N eren[cedar]N","ig {ŋeš}eren",0,"ig[door]N_eren[cedar]N"
"P235262",60,"d i 3'","adus[plank]N ma[ship]N","{ŋeš}ad-us₂ ma₂",0,"adus[plank]N_ma[ship]N"
"P429503",150,"r ii' 26'","gag[nail]N","{ŋeš}gag",0,"gag[nail]N"
"P388265",195,"r ii 22","mar[shovel]N gir[oven]N","{ŋeš}mar gir₄",0,"mar[shovel]N_gir[oven]N"
"P437074",65,"b ii 8'","mašdara[inscription]N","{ŋeš}maš-tar",0,"mašdara[inscription]N"
"P228105",7,"o i 5'","namuzum[a-tool]N","{ŋeš}na-mu-zum",0,"namuzum[a-tool]N"
"P388265",142,"r i 20","anzam[vessel]N apin[plow]N","{ŋeš}an-za-am apin",0,"anzam[vessel]N_apin[plow]N"
"P273880",453,"c i 58","{ŋeš}UŠ[NA]NA gimuš[pole]N","{ŋeš}UŠ gi-muš",0,"{ŋeš}UŠ[NA]NA_gimuš[pole]N"
"P247864",272,"o v 20","ebir[vessel-stand]N","{ŋeš}epir₂(BI)",0,"ebir[vessel-stand]N"
"P271301",144,"o iii 32","ŋešnimbar[palm]N šunim[spring]N","{ŋeš}ŋešnimbar šu-nim",0,"ŋešnimbar[palm]N_šunim[spring]N"
"P296528",2,"o 1","{ŋeš}IGI-TUR[NA]NA","{ŋeš}IGI-TUR",0,"{ŋeš}IGI-TUR[NA]NA"
"P228596",2,"2","ganum[stand]N gal[big]V/i","{ŋeš}gan-nu-um gu-la",0,"ganum[stand]N_gal[big]V/i"
"P332939",50,"r i' 9'","šag[heart]N hul[rejoice]V/i","{ŋeš}šag₄ hul₂",0,"šag[heart]N_hul[rejoice]V/i"
"Q000039",528,"472","u[ride]V/t ŋušur[harrow]N","{ŋeš}u₅ gana₂-ur₃",0,"u[ride]V/t_ŋušur[harrow]N"
"Q000001",37,"37","udu[sheep]N nim[high]V/i","udu nim-nim",0,"udu[sheep]N_nim[high]V/i"
"P271301",47,"o i 44","hašhur[apple]N damšelum[plant]N","{ŋeš}hašhur dam-ši-lum",0,"hašhur[apple]N_damšelum[plant]N"
"P388265",158,"r i 36","{ŋeš}KAL[NA]NA","{ŋeš}KAL",0,"{ŋeš}KAL[NA]NA"
"P253233",72,"r iii 2'","mes[tree]N Magan[1]GN","{ŋeš}mes ma₂-gan-na",0,"mes[tree]N_Magan[1]GN"
"Q000001",486,"483","uzu[flesh]N e[house]N MUR-ra[NA]NA","uzu e₂ MUR-ra",0,"uzu[flesh]N_e[house]N_MUR-ra[NA]NA"
"Q000001",124,"124","uzud[goat]N gi[turn]V/i","uzud gi₄",0,"uzud[goat]N_gi[turn]V/i"
"P230849",8,"r 4","numun[seed]N asal[poplar]N","{ŋeš}numun asal₂",0,"numun[seed]N_asal[poplar]N"
"P388265",105,"iv 22","{ŋeš}šag₄-šag₄-ga[NA]NA ŋešnimbar[palm]N","{ŋeš}šag₄-šag₄-ga ŋešnimbar",0,"{ŋeš}šag₄-šag₄-ga[NA]NA_ŋešnimbar[palm]N"
"P273880",331,"b iii 59","sigsig[musical-instrument]N eban[pair]N","{ŋeš}sig₃-sig₃ e₂-pa-an",0,"sigsig[musical-instrument]N_eban[pair]N"
"P271771",21,"o ii 19","ildag[poplar]N kur[mountain]N","{ŋeš}ildag₂ kur",0,"ildag[poplar]N_kur[mountain]N"
"P388265",140,"r i 18","da[side-board]N apin[plow]N","{ŋeš}da apin",0,"da[side-board]N_apin[plow]N"
"Q000039",463,"414","niŋzu[~loom]N","{ŋeš}niŋ₂-zu",0,"niŋzu[~loom]N"
"P225023",5,"o i 2","emerah[jug]N x[NA]NA","{ŋeš}emerah x",0,"emerah[jug]N_x[NA]NA"
"P447996",76,"o v 1","hašhur[apple]N","{ŋeš}hašhur",0,"hašhur[apple]N"
"P347814",213,"c ii 19","niŋ[thing]N x[NA]NA","{ŋeš}niŋ₂ x",0,"niŋ[thing]N_x[NA]NA"
"P459223",2,"2","ušub[brick-mold]N sal[thin]V/i","{ŋeš}u₃-šub sal",0,"ušub[brick-mold]N_sal[thin]V/i"
"P235262",115,"d ii 20'","{ŋeš}x[NA]NA x[NA]NA","{ŋeš}x x",0,"{ŋeš}x[NA]NA_x[NA]NA"
"P388265",114,"iv 31","{ŋeš}su₁₁-si[NA]NA ŋešnimbar[palm]N","{ŋeš}su₁₁-si ŋešnimbar",0,"{ŋeš}su₁₁-si[NA]NA_ŋešnimbar[palm]N"
"P253238",41,"r 18","x[NA]NA","x",0,"x[NA]NA"
"P273880",296,"b iii 20","isimu[sprout]N","{ŋeš}isimu₃{+mu₂}",0,"isimu[sprout]N"
"P389511",14,"o 13","urnum[cedar]N","{ŋeš}ur-nu-um",0,"urnum[cedar]N"
"P271911",382,"r ii 1","balaŋ[instrument]N","{ŋeš}balaŋ",0,"balaŋ[instrument]N"
"P459216",7,"i 5","ŋešgana[tree]N babbar[white]V/i","ŋeš-kin₂ babbar",0,"ŋešgana[tree]N_babbar[white]V/i"
"P332934",23,"o i 19","ŋeštin[vine]N garan[bunch]N","{ŋeš}ŋeštin ga-ra-an",0,"ŋeštin[vine]N_garan[bunch]N"
"P250736",228,"r ii 32","burzi[bowl]N","{dug}bur-zi",0,"burzi[bowl]N"
"P271911",620,"unknown","unknown","unknown",999,"unknown"
"P459217",59,"iii 9","girinum[plant]N","{ŋeš}gi-ri-num₂",0,"girinum[plant]N"
"P247864",187,"o iii 61","{ŋeš}x-x[NA]NA gigir[chariot]N","{ŋeš}x-x gigir",0,"{ŋeš}x-x[NA]NA_gigir[chariot]N"
"P271301",461,"r iv 42","{ŋeš}LIŠ[NA]NA usan[whip]N","{ŋeš}LIŠ usan₃",0,"{ŋeš}LIŠ[NA]NA_usan[whip]N"
"P273880",61,"a ii 35'","apin[plow]N šudu[equipped]AJ","{ŋeš}apin šu-du₈-a",0,"apin[plow]N_šudu[equipped]AJ"
"P332934",38,"o i 34","hašhur[apple]N","{ŋeš}hašhur",0,"hašhur[apple]N"
"Q000001",133,"133","maš[goat]N","maš₂",0,"maš[goat]N"
"P271771",137,"r iii 7'","Mari[1]SN","{ŋeš}ma₂-ri₂{ki}",0,"Mari[1]SN"
"P459217",63,"iii 13","ilianum[tree]N","{ŋeš}e-la-nu-um",0,"ilianum[tree]N"
"P271301",65,"o ii 13","allanum[oak]N","{ŋeš}al-la-nu-um",0,"allanum[oak]N"
"P271301",131,"o iii 19","ligima[shoot]N","{ŋeš}ligimaₓ(|IGI.TUR|)",0,"ligima[shoot]N"
"Q000039",268,"232","dilimbanda[bowl]N","{ŋeš}dilim₂-banda₃{da}",0,"dilimbanda[bowl]N"
"P273880",229,"b ii 18","maltum[bowl]N","{ŋeš}ma-al-tum",0,"maltum[bowl]N"
"P332934",143,"o ii 59","ŋeš[tree]N gibil[sprout]N","ŋeš gibil",0,"ŋeš[tree]N_gibil[sprout]N"
"P388265",46,"ii 29","ŋeštin[vine]N","{ŋeš}ŋeštin",0,"ŋeštin[vine]N"
"P247864",11,"o i 8","esi[tree]N","{ŋeš}esi",0,"esi[tree]N"
"P229426",10,"o 9","kur[different]V/i kur[NA]NA PAP[NA]NA","kur₂ kur PAP",0,"kur[different]V/i_kur[NA]NA_PAP[NA]NA"
"P228096",12,"o i 10","ašita[equipment]N","{ŋeš}a₂-šita₄",0,"ašita[equipment]N"
"P253228",91,"r iii 8'","{ŋeš}x-x-za-na[NA]NA","{ŋeš}x-x-za-na",0,"{ŋeš}x-x-za-na[NA]NA"
"P332934",223,"o iii 61","hara[shoot]N ŋešnimbar[palm]N","{ŋeš}ha-ra ŋešnimbar",0,"hara[shoot]N_ŋešnimbar[palm]N"
"Q000039",616,"553","illar[weapon]N šub[fall]V/t","{ŋeš}illar šub",0,"illar[weapon]N_šub[fall]V/t"
"P271911",156,"o iii 6'","apin[plow]N gud[ox]N limmu[four]NU","apin gud limmu₂",0,"apin[plow]N_gud[ox]N_limmu[four]NU"
"P247864",241,"o iv 52","{ŋeš}ka₂-na[NA]NA","{ŋeš}ka₂-na",0,"{ŋeš}ka₂-na[NA]NA"
"P346872",2,"o 1","na[box]N","{ŋeš}na₅",0,"na[box]N"
"Q000039",633,"567","aga[ax]N","{ŋeš}aga",0,"aga[ax]N"
"Q000039",353,"311","{ŋeš}uš₂[NA]NA madu[~boat]N","{ŋeš}uš₂ ma₂-du₃",0,"{ŋeš}uš₂[NA]NA_madu[~boat]N"
"P332934",81,"o i 25'","ŋeš[tree]N kur[mountain]N","ŋeš kur",0,"ŋeš[tree]N_kur[mountain]N"
"P437074",83,"b ii 7''","{ŋeš}GIR₃[NA]NA šudu[equipped]AJ","{ŋeš}GIR₃ šu-du₇",0,"{ŋeš}GIR₃[NA]NA_šudu[equipped]AJ"
"P247864",334,"o vi 18","pana[bow]N x-x[NA]NA ig-ga[NA]NA","{ŋeš}pana x-x ig-ga",0,"pana[bow]N_x-x[NA]NA_ig-ga[NA]NA"
"Q000039",106,"85","{ŋeš}KU[NA]NA kiri[orchard]N x[NA]NA x[NA]NA ŋešnimbar[palm]N","{ŋeš}KU {ŋeš}kiri₆ x x ŋešnimbar",0,"{ŋeš}KU[NA]NA_kiri[orchard]N_x[NA]NA_x[NA]NA_ŋešnimbar[palm]N"
"P253233",44,"r i 12'","anta[tree]N","{ŋeš}an-ta",0,"anta[tree]N"
"P271911",501,"unknown","unknown","unknown",1,"unknown"
"P271792",18,"unknown","unknown","unknown",1,"unknown"
"P271301",275,"r i 3","guza[chair]N x[NA]NA","{ŋeš}gu-za x",0,"guza[chair]N_x[NA]NA"
"P235262",78,"d i 21'","mete[appropriate-thing]N ma[ship]N","{ŋeš}me-te ma₂",0,"mete[appropriate-thing]N_ma[ship]N"
"P347814",58,"a ii 29'","{ŋeš}x[NA]NA","{ŋeš}x",0,"{ŋeš}x[NA]NA"
"P346714",52,"r ii 20'","niŋŋeštug[~plow]N apin[plow]N","{ŋeš}niŋ₂-ŋeštug apin",0,"niŋŋeštug[~plow]N_apin[plow]N"
"P253230",34,"o ii 12","apin[plow]N šudu[equipped]AJ","{ŋeš}apin šu-du₇",0,"apin[plow]N_šudu[equipped]AJ"
"Q000039",466,"417","ašita[equipment]N tug[textile]N","{ŋeš}a₂-šu-du₇ tug₂",0,"ašita[equipment]N_tug[textile]N"
"P429503",87,"o iii 26","ŋešnimbar[palm]N x[NA]NA","{ŋeš}ŋešnimbar x",0,"ŋešnimbar[palm]N_x[NA]NA"
"P296528",22,"r v 9'","ŋešnimbar[palm]N suhuš[offshoot]N","{ŋeš}ŋešnimbar suhušₓ(TUR)",0,"ŋešnimbar[palm]N_suhuš[offshoot]N"
"P273880",279,"b iii 3","umbin[base]N banšur[table]N","{ŋeš}umbin {ŋeš}banšurₓ(|URU×IGI.URUDA|)",0,"umbin[base]N_banšur[table]N"
"Q000001",463,"461","uzu[flesh]N dimma[~sheep]N","uzu dimₓ(BALAŊ)-ma",0,"uzu[flesh]N_dimma[~sheep]N"
"P388265",393,"r vi 34","murzanum[wooden-object]N","ur-za-nu-um",0,"murzanum[wooden-object]N"
"P346714",174,"r v 10'","{ŋeš}ŠID[NA]NA mar[shovel]N","{ŋeš}ŠID mar",0,"{ŋeš}ŠID[NA]NA_mar[shovel]N"
"P247864",304,"o v 52","ŋisal[rudder]N ma[ship]N","{ŋeš}gi-sal ma₂",0,"ŋisal[rudder]N_ma[ship]N"
"P271911",34,"unknown","unknown","unknown",1,"unknown"
"Q000001",38,"38","udu[sheep]N saŋ[head]N nim[high]V/i","udu saŋ nim-nim",0,"udu[sheep]N_saŋ[head]N_nim[high]V/i"
"P247864",275,"o v 23","x[NA]NA","x",0,"x[NA]NA"
"Q000039",495,"443","apin[plow]N šu[hand]N","{ŋeš}apin šu",0,"apin[plow]N_šu[hand]N"
"P271301",123,"o iii 11","zirdum[olive]N","{ŋeš}zi-ir-du",0,"zirdum[olive]N"
"P347814",44,"a ii 15'","{ŋeš}x[NA]NA","{ŋeš}x",0,"{ŋeš}x[NA]NA"
"P271911",162,"o iii 11'","apin[plow]N akar[implement]N bir[scatter]V/t","apin a₂-kar₂ bir-bir",0,"apin[plow]N_akar[implement]N_bir[scatter]V/t"
"P437074",14,"a ii 7'","x[NA]NA","x",0,"x[NA]NA"
"P250363",17,"r 4","{ŋeš}ŠU[NA]NA siŋar[bolt]N","{ŋeš}ŠU si-ŋar",0,"{ŋeš}ŠU[NA]NA_siŋar[bolt]N"
"P423759",2,"o 1","gag[nail]N sala[~plow]N apin[plow]N","{ŋeš}gag sal-la apin",0,"gag[nail]N_sala[~plow]N_apin[plow]N"
"P253866",42,"o ii 6'","guza[chair]N","{ŋeš}gu-za",0,"guza[chair]N"
"P271911",236,"o iv 9","namnutare[~irrigation]N","nam-lu₂-da-ri-a",0,"namnutare[~irrigation]N"
"P247864",28,"o i 25","tiʾarum[tree]N","{ŋeš}ti-ia-rum",0,"tiʾarum[tree]N"
"P250364",118,"r ii 3'","{ŋeš}uri[NA]NA","{ŋeš}uri",0,"{ŋeš}uri[NA]NA"
"P346714",88,"r iii 10'","{ŋeš}URI[NA]NA","{ŋeš}URI",0,"{ŋeš}URI[NA]NA"
"Q000001",8,"8","udu[sheep]N aslum[sheep]N","udu aslumₓ(|A.LUM|)",0,"udu[sheep]N_aslum[sheep]N"
"P388265",85,"iv 2","asal[poplar]N kur[mountain]N","{ŋeš}asal₂ kur",0,"asal[poplar]N_kur[mountain]N"
"P271301",94,"o ii 42","tir[forest]N eren[cedar]N","{ŋeš}tir {ŋeš}eren",0,"tir[forest]N_eren[cedar]N"
"P437074",25,"a iii 7'","šag[heart]N ŋešnimbar[palm]N","{ŋeš}šag₄ ŋešnimbar",0,"šag[heart]N_ŋešnimbar[palm]N"
"P250736",114,"o iv 7","bisaŋ[basket]N nushu[container]N x[NA]NA","{gi}bisaŋ nu-us-hu-um x",0,"bisaŋ[basket]N_nushu[container]N_x[NA]NA"
"P272243",35,"r i 15","ŋešnimbar[palm]N uhin[date]N duru[wet]V/i","{ŋeš}ŋešnimbar u₄-hi-in duru₅",0,"ŋešnimbar[palm]N_uhin[date]N_duru[wet]V/i"
"P332934",258,"o iv 29'","pa[branch]N kud[cut]V/t","{ŋeš}pa kud",0,"pa[branch]N_kud[cut]V/t"
"P273880",12,"a i 8'","{ŋeš}x-x[NA]NA","{ŋeš}x-x",0,"{ŋeš}x-x[NA]NA"
"P388265",50,"ii 33","ildag[poplar]N kur[mountain]N","{ŋeš}ildag₂ kur",0,"ildag[poplar]N_kur[mountain]N"
"P253228",86,"r iii 3'","ŋešnimbar[palm]N al-x[NA]NA","{ŋeš}ŋešnimbar al-x",0,"ŋešnimbar[palm]N_al-x[NA]NA"
"Q000039",535,"479","alšub[tool]N","{ŋeš}al-šub",0,"alšub[tool]N"
"Q000001",389,"388","kiši[ant]N su[red]V/i","kiši₈ su₄",0,"kiši[ant]N_su[red]V/i"
"P332934",52,"o i 48","x[NA]NA","x",0,"x[NA]NA"
"P370399",54,"o ii 27'","ŋešnud[bed]N kinud[bedroom]N","ŋeš-nud ki-nud",0,"ŋešnud[bed]N_kinud[bedroom]N"
"P332934",309,"r iii 12'","ma[ship]N Idlurugu[1]DN","{ŋeš}ma₂ {d}id₂-lu₂-ru-gu₂",0,"ma[ship]N_Idlurugu[1]DN"
"P429505",5,"3'","ŋešnimbar[palm]N nu-al-dar-ra[NA]NA","{ŋeš}ŋešnimbar nu-al-dar-ra",0,"ŋešnimbar[palm]N_nu-al-dar-ra[NA]NA"
"P459217",179,"unknown","unknown","unknown",2,"unknown"
"P247864",219,"o iv 30","e[house]N balak[spindle]N","{ŋeš}e₂ balak",0,"e[house]N_balak[spindle]N"
"Q000001",257,"257","eme[donkey]N utud[bear]V/t","eme₅ u₃-tud",0,"eme[donkey]N_utud[bear]V/t"
"P271301",181,"o iv 15","{ŋeš}lagab[NA]NA ŋešnimbar[palm]N","{ŋeš}lagab ŋešnimbar",0,"{ŋeš}lagab[NA]NA_ŋešnimbar[palm]N"
"P459216",174,"r iv 6'","gagsila[harness]N","{ŋeš}gag-sila₃",0,"gagsila[harness]N"
"Q000001",40,"40","udu[sheep]N saʾadnim[disease]N","udu sa-ad-nim",0,"udu[sheep]N_saʾadnim[disease]N"
"P459216",119,"r ii 4'","dilim[spoon]N gal[big]V/i","{ŋeš}dilim₂ gal",0,"dilim[spoon]N_gal[big]V/i"
"P273880",672,"d ii 7'","zag[side]N us[follow]V/t","{ŋeš}zag us₂",0,"zag[side]N_us[follow]V/t"
"P228105",10,"o i 8'","igiŋal[sign]N","{ŋeš}igi-ŋal₂",0,"igiŋal[sign]N"
"Q000039",183,"152a","ba[tool]N zu[stone]N","{ŋeš}ba zu₂",0,"ba[tool]N_zu[stone]N"
"P459227",13,"o ii 3'","DUB.du₃[~vehicle]N ŋar[place]V/t","{ŋeš}ŠID ŋar",0,"DUB.du₃[~vehicle]N_ŋar[place]V/t"
"P271301",50,"o i 47","hašhur[apple]N x[NA]NA","{ŋeš}hašhur x",0,"hašhur[apple]N_x[NA]NA"
"P388265",174,"r ii 1","umbin[wheel]N margida[cart]N","{ŋeš}umbin mar-gid₂-da",0,"umbin[wheel]N_margida[cart]N"
"P271911",222,"o iii 62'","ušub[brick-mold]N šeg[brick]N alura[baked]AJ","u₃-šub šeg₁₂ al-ur₃-ra",0,"ušub[brick-mold]N_šeg[brick]N_alura[baked]AJ"
"P273880",252,"b ii 45","ŋeš[tree]N šušana[fraction]N sila[unit]N","ŋeš šušana sila₃",0,"ŋeš[tree]N_šušana[fraction]N_sila[unit]N"
"Q000001",462,"460","uzu[flesh]N terzum[presentation]N","uzu te-er-zum",0,"uzu[flesh]N_terzum[presentation]N"
"P247864",378,"o vi 62","harmušen[snare]N","{ŋeš}har-mušen",0,"harmušen[snare]N"
"P250364",95,"o v 16","{ŋeš}x-x[NA]NA","{ŋeš}x-x",0,"{ŋeš}x-x[NA]NA"
"P388265",80,"iii 30","li[juniper]N","{ŋeš}li",0,"li[juniper]N"
"P346714",7,"r i 03'","mud[tube]N gigir[chariot]N","{ŋeš}mud gigir",0,"mud[tube]N_gigir[chariot]N"
"P459216",152,"r iii 19'","madu[~boat]N","{ŋeš}ma₂-du₃",0,"madu[~boat]N"
"P271301",331,"r ii 15","emerah[jug]N si[horn]N","{ŋeš}emerah si",0,"emerah[jug]N_si[horn]N"
"P447996",207,"r iii 8","x-x[NA]NA","x-x",0,"x-x[NA]NA"
"P271911",602,"r iv 56","ganum[stand]N a[water]N","{ŋeš}ŋa₂-an-nu a",0,"ganum[stand]N_a[water]N"
"P273880",328,"b iii 56","{ŋeš}$RU[NA]NA ra-x[NA]NA","{ŋeš}$RU ra-x",0,"{ŋeš}$RU[NA]NA_ra-x[NA]NA"
"P251495",4,"4","al[hoe]N saŋ[head]N ŋal[be]V/i","{ŋeš}al saŋ ŋal₂",0,"al[hoe]N_saŋ[head]N_ŋal[be]V/i"
"P332934",158,"o ii 74","ŋešnimbar[palm]N al-x[NA]NA","{ŋeš}ŋešnimbar al-x",0,"ŋešnimbar[palm]N_al-x[NA]NA"
"P253233",66,"r ii 16'","peš[fig]N","{ŋeš}peš₃",0,"peš[fig]N"
"Q000001",94,"94","udu[sheep]N kadra[gift]N","udu kadra(|GAR.ŠA₃.A|)",0,"udu[sheep]N_kadra[gift]N"
"P247864",259,"o v 7","ban[unit]N","{ŋeš}ba-an",0,"ban[unit]N"
"P388265",349,"unknown","unknown","unknown",6,"unknown"
"P429503",76,"o iii 15","ŋešnimbar[palm]N x-x[NA]NA","{ŋeš}ŋešnimbar x-x",0,"ŋešnimbar[palm]N_x-x[NA]NA"
"P253238",26,"r 3","ildag[poplar]N šitan[water-channel]N","{ŋeš}ildag₂ šita₃",0,"ildag[poplar]N_šitan[water-channel]N"
"P271301",421,"r iv 2","gigir[chariot]N mah[great]V/i","{ŋeš}gigir mah",0,"gigir[chariot]N_mah[great]V/i"
"P250364",4,"o i 1","gigir[chariot]N","{ŋeš}gigir",0,"gigir[chariot]N"
"P388265",61,"iii 10","{ŋeš}mu-TUM-da[NA]NA","{ŋeš}mu-TUM-da",0,"{ŋeš}mu-TUM-da[NA]NA"
"P247864",66,"o ii 3","ilur[tree]N","{ŋeš}il-ur₂",0,"ilur[tree]N"
"P228196",20,"20","halba[bucket]N","{ŋeš}{+hal-bi}halbi₅",0,"halba[bucket]N"
"P429503",178,"r iii' 21'","niŋgida[rod?]N margida[cart]N","{ŋeš}niŋ₂-gid₂-da mar-gid₂-da",0,"niŋgida[rod?]N_margida[cart]N"
"P429504",29,"o iii' 10","peškal[tree]N","{ŋeš}peš-gal",0,"peškal[tree]N"
"Q000039",383,"340","šudul[yoke]N gigir[chariot]N","{ŋeš}šu₂-dul₄ gigir",0,"šudul[yoke]N_gigir[chariot]N"
"P247864",448,"r i 8","egir[back]N ŋešnud[bed]N","{ŋeš}egir nud",0,"egir[back]N_ŋešnud[bed]N"
"P409466",4,"o 3","Madurahabzu[1]ON","{ŋeš}ma₂-{d}durah-abzu",0,"Madurahabzu[1]ON"
"P273880",294,"b iii 18","hedu[ornament]N","{ŋeš}he₂-du₇",0,"hedu[ornament]N"
"P271911",219,"o iii 59'","alšub[tool]N","al-u₃-šub",0,"alšub[tool]N"
"P349171",7,"o ii 2'","ŋešnud[bed]N šatuku[mattress]N siki[hair]N uzud[goat]N in-x[NA]NA","ŋeš-nud šag₄-tuku siki uzud in-x",0,"ŋešnud[bed]N_šatuku[mattress]N_siki[hair]N_uzud[goat]N_in-x[NA]NA"
"Q000039",329,"291","magur[barge]N Damu[1]DN","{ŋeš}ma₂-gur₈ {d}da-mu",0,"magur[barge]N_Damu[1]DN"
"P429503",102,"r i' 6'","{ŋeš}x[NA]NA","{ŋeš}x",0,"{ŋeš}x[NA]NA"
"P388265",307,"r iv 48","{ŋeš}x[NA]NA","{ŋeš}x",0,"{ŋeš}x[NA]NA"
"P437074",122,"b iii 8''","guza[chair]N x[NA]NA","{ŋeš}gu-za x",0,"guza[chair]N_x[NA]NA"
"Q000039",498,"446","apin[plow]N tugsaga[plow]N","{ŋeš}apin tug₂-saga₁₁",0,"apin[plow]N_tugsaga[plow]N"
"Q000039",45,"38","kur[wood]N","{ŋeš}kur",0,"kur[wood]N"
"P388265",435,"t.e. iii 7","{ŋeš}x[NA]NA","{ŋeš}x",0,"{ŋeš}x[NA]NA"
"P346714",151,"r iv 34'","illar[weapon]N šu[hand]N lugal[king]N","{ŋeš}illar šu lugal",0,"illar[weapon]N_šu[hand]N_lugal[king]N"
"P253866",67,"unknown","unknown","unknown",999,"unknown"
"Q000039",468,"419","garig[comb]N siki[hair]N","{ŋeš}ga-rig₂ siki",0,"garig[comb]N_siki[hair]N"
"P250736",242,"r iii 3","utul[tureen]N gal[big]V/i","{dug}utul₂ gal",0,"utul[tureen]N_gal[big]V/i"
"Q000039",224,"189","guza[chair]N taškarin[boxwood]N","{ŋeš}gu-za {ŋeš}taškarin",0,"guza[chair]N_taškarin[boxwood]N"
"P250736",72,"o iii 6","kid[mat]N KA.izi[burning]N ana[upper]AJ","{gi}kid KA-izi an-na",0,"kid[mat]N_KA.izi[burning]N_ana[upper]AJ"
"P346714",105,"r iii 27'","ŋešrin[scales]N min[two]NU la[hang]V/t","ŋeš-rin₂ min la₂",0,"ŋešrin[scales]N_min[two]NU_la[hang]V/t"
"P247864",454,"r i 14","ŋešnud[bed]N umbin[nail]N sal[thin]V/i","ŋeš-nud umbin sal",0,"ŋešnud[bed]N_umbin[nail]N_sal[thin]V/i"
"P247864",183,"o iii 57","gag[nail]N umbin[wheel]N gigir[chariot]N","{ŋeš}gag umbin gigir",0,"gag[nail]N_umbin[wheel]N_gigir[chariot]N"
"P247864",64,"o ii 1","asal[poplar]N","{ŋeš}asal₂",0,"asal[poplar]N"
"P273880",671,"d ii 6'","ŋeš[tree]N saŋ[head]N","ŋeš saŋ",0,"ŋeš[tree]N_saŋ[head]N"
"P235262",9,"a i 5'","peš[fig]N","{ŋeš}peš₃",0,"peš[fig]N"
"P370399",99,"o iii 38'","x[NA]NA apin[plow]N","x apin",0,"x[NA]NA_apin[plow]N"
"P388265",32,"ii 15","adar[plant]N","{ŋeš}a-dar",0,"adar[plant]N"
"P347814",255,"d i 10'","ŋešŋiri[fetters]N","ŋeš-ŋiri₃",0,"ŋešŋiri[fetters]N"
"P271911",189,"o iii 34'","gag[nail]N sudin[bat]N apin[plow]N","gag su-din apin",0,"gag[nail]N_sudin[bat]N_apin[plow]N"
"P273880",287,"b iii 11","x[NA]NA kaŋeškarak[table]N x[NA]NA","x ka-kara₄ x",0,"x[NA]NA_kaŋeškarak[table]N_x[NA]NA"
"P273880",674,"d ii 9'","ŋeš[tree]N mu-uš-za[NA]NA","ŋeš mu-uš-za",0,"ŋeš[tree]N_mu-uš-za[NA]NA"
"P235262",42,"c ii 18'","kuŋ[stair]N bad[wall]N","{ŋeš}kuŋ₅ bad₃",0,"kuŋ[stair]N_bad[wall]N"
"P332934",155,"o ii 71","ŋešnimbar[palm]N al-x[NA]NA","{ŋeš}ŋešnimbar al-x",0,"ŋešnimbar[palm]N_al-x[NA]NA"
"P250736",83,"o iii 17","gigur[container]N ki[place]N gub[stand]V/i","gi-gur ki gub",0,"gigur[container]N_ki[place]N_gub[stand]V/i"
"X100003",4,"o 3","ŋešnu[tree]N","ŋeš-BUR₂",0,"ŋešnu[tree]N"
"P429503",153,"r ii' 29'","{ŋeš}x-x[NA]NA umbin[wheel]N","{ŋeš}x-x umbin",0,"{ŋeš}x-x[NA]NA_umbin[wheel]N"
"P423759",2,"o 1","gag[nail]N sala[~plow]N apin[plow]N","{ŋeš}gag sal-la apin",0,"gag[nail]N_sala[~plow]N_apin[plow]N"
"P253233",21,"o ii 4","bariga[unit]N","{ŋeš}ba-ri₂-ga",0,"bariga[unit]N"
"P250364",163,"unknown","unknown","unknown",999,"unknown"
"P273880",248,"b ii 41","niŋ[thing]N baneš[container]N","{ŋeš}niŋ₂ {+ba-an}baneš",0,"niŋ[thing]N_baneš[container]N"
"P271911",498,"r iii 33","x-x[NA]NA","x-x",0,"x-x[NA]NA"
"P273880",225,"b ii 14","{ŋeš}šu-x[NA]NA","{ŋeš}šu-x",0,"{ŋeš}šu-x[NA]NA"
"P271911",86,"o ii 14","x[NA]NA","x",0,"x[NA]NA"
"P271320",26,"o i 18'","guza[chair]N gar[knob]N x[NA]NA","{ŋeš}gu-za gar₃ x",0,"guza[chair]N_gar[knob]N_x[NA]NA"
"P273880",614,"c iv 48","sugin[rot]N","{ŋeš}sugin",0,"sugin[rot]N"
"P229426",19,"o 18","i[oil]N i[NA]NA NI[NA]NA","i₃ i NI",0,"i[oil]N_i[NA]NA_NI[NA]NA"
"P429503",153,"r ii' 29'","{ŋeš}x-x[NA]NA umbin[wheel]N","{ŋeš}x-x umbin",0,"{ŋeš}x-x[NA]NA_umbin[wheel]N"
"P370399",4,"unknown","unknown","unknown",1,"unknown"
"P347814",200,"c ii 6'","ŋeš[tree]N min[two]NU x[NA]NA 4[NA]NA x[NA]NA","ŋeš min x 4 x",0,"ŋeš[tree]N_min[two]NU_x[NA]NA_4[NA]NA_x[NA]NA"
"P459216",6,"i 4","ŋešgana[tree]N","ŋeš-kin₂",0,"ŋešgana[tree]N"
"P429504",32,"o iii' 13","zarsi[plant]N","{ŋeš}zar-si",0,"zarsi[plant]N"
"P347814",160,"c i 15'","dilim[spoon]N zigan[rudder]N","{ŋeš}dilim₂ zi-gan",0,"dilim[spoon]N_zigan[rudder]N"
"P273880",106,"a iii 45'","ig[door]N eren[cedar]N","{ŋeš}ig {ŋeš}eren",0,"ig[door]N_eren[cedar]N"
"P253228",59,"r i 23","x[NA]NA x-x[NA]NA","x x-x",0,"x[NA]NA_x-x[NA]NA"
"P459216",49,"ii 17","mes[tree]N Kiengir[1]GN","{ŋeš}mes ki-en-gi",0,"mes[tree]N_Kiengir[1]GN"
"P388265",66,"iii 16","suhur[tuft]N","{ŋeš}suhur",0,"suhur[tuft]N"
"P271911",425,"unknown","unknown","unknown",1,"unknown"
"P271911",458,"r ii 58","gam[haft]N ŋiri[dagger]N muhaldim[cook]N","kin ŋiri₂ muhaldim",0,"gam[haft]N_ŋiri[dagger]N_muhaldim[cook]N"
"Q000001",189,"189","gud[ox]N dalla[bright]V/i","gud dalla",0,"gud[ox]N_dalla[bright]V/i"
"P271771",119,"r ii 6'","dilim[spoon]N banšur[table]N","{ŋeš}dilim₂ banšur",0,"dilim[spoon]N_banšur[table]N"
"P389511",7,"o 6","zirdum[olive]N","{ŋeš}zi-ir-du",0,"zirdum[olive]N"
"P271301",290,"r i 18","šuʾa[stool]N dus[bathroom]N","{ŋeš}šuaₓ(|ŠU₂×(A.DIŠ)|) du₁₀-us₂",0,"šuʾa[stool]N_dus[bathroom]N"
"P273880",424,"unknown","unknown","unknown",3,"unknown"
"P253866",64,"o ii 28'","bad[leg]N guza[chair]N","{ŋeš}bad gu-za",0,"bad[leg]N_guza[chair]N"
"P250736",124,"o iv 17","masab[basket]N ninda[bread]N","{gi}ma-sa₂-ab ninda",0,"masab[basket]N_ninda[bread]N"
"P253866",28,"o i 23'","ig[door]N dib[board]N","{ŋeš}ig dib",0,"ig[door]N_dib[board]N"
"P459216",124,"r ii 9'","banšurzaggula[table]N","{ŋeš}banšur-zag-gu-la₂",0,"banšurzaggula[table]N"
"P332934",259,"o iv 30'","aslum[rod]N","{ŋeš}a-za-lum",0,"aslum[rod]N"
"P228683",4,"r 1","hašhur[apple]N damšelum[plant]N","{ŋeš}hašhur dam-ši-lum",0,"hašhur[apple]N_damšelum[plant]N"
"P271911",524,"r iii 53","ubila[charcoal]N","u₅-bil₂-la₂",0,"ubila[charcoal]N"
"Q000001",10,"10","udu[sheep]N aslum[sheep]N niga[fattened]V/i sag[rare]V/i","udu aslumₓ(|A.LUM|) niga sag₁₀",0,"udu[sheep]N_aslum[sheep]N_niga[fattened]V/i_sag[rare]V/i"
"P346714",76,"r ii 44'","garig[comb]N x[NA]NA","{ŋeš}ga-rig₂ x",0,"garig[comb]N_x[NA]NA"
"P271911",417,"r ii 26","sa[sinew]N eš[three]NU","sa uš",0,"sa[sinew]N_eš[three]NU"
"P388265",214,"r ii 42","ŋirigub[footstool]N","{ŋeš}ŋiri₃-gub",0,"ŋirigub[footstool]N"
"P459217",167,"r iii 24","guza[chair]N šah-x-ma[NA]NA","{ŋeš}gu-za šah-x-ma",0,"guza[chair]N_šah-x-ma[NA]NA"
"P388265",100,"iv 17","{ŋeš}i-lu₂-u[NA]NA ŋešnimbar[palm]N","{ŋeš}i-lu₂-u ŋešnimbar",0,"{ŋeš}i-lu₂-u[NA]NA_ŋešnimbar[palm]N"
"P347814",240,"c ii 46'","dimdim[instrument]N x[NA]NA","{ŋeš}dim₃-dim₃ x",0,"dimdim[instrument]N_x[NA]NA"
"P370399",13,"o i 10'","da[side-board]N ŋešnimbar[palm]N","{ŋeš}da ŋešnimbar",0,"da[side-board]N_ŋešnimbar[palm]N"
"P437074",38,"b i 6'","x[NA]NA ŋešnimbar[palm]N","x ŋešnimbar",0,"x[NA]NA_ŋešnimbar[palm]N"
"P370399",104,"o iv 1'","{ŋeš}RI[NA]NA x[NA]NA","{ŋeš}RI x",0,"{ŋeš}RI[NA]NA_x[NA]NA"
"P250736",54,"o ii 28","{gi}x[NA]NA šu[hand]N","{gi}x šu",0,"{gi}x[NA]NA_šu[hand]N"
"P332934",97,"o ii 14","manu[wood]N ŋeš[tree]N kalag[strong]V/i","{ŋeš}ma-nu ŋeš kalag",0,"manu[wood]N_ŋeš[tree]N_kalag[strong]V/i"
"Q000001",443,"442","uzu[flesh]N šag[heart]N lub[bag]N","uzu šag₄ lu-ub₂",0,"uzu[flesh]N_šag[heart]N_lub[bag]N"
"Q000039",771,"700","ur[dog]N","{ŋeš}ur",0,"ur[dog]N"
"P273880",556,"c iii 41","ŋešnimbar[palm]N x-ni[NA]NA x[NA]NA","{ŋeš}ŋešnimbar x-ni x",0,"ŋešnimbar[palm]N_x-ni[NA]NA_x[NA]NA"
"P253233",63,"r ii 13'","ŋeštinkira[berry]N","ŋeštin-kur",0,"ŋeštinkira[berry]N"
"P273880",662,"d i 46'","udug[demon]N","{ŋeš}{d}udug",0,"udug[demon]N"
"P459216",196,"r iv 28'","saŋkul[bolt]N margida[cart]N","{ŋeš}saŋ-kul mar-gid₂-da",0,"saŋkul[bolt]N_margida[cart]N"
"Q000039",295,"259","tukul[weapon]N naŋasikaz[pestle]N","{ŋeš}tukul naŋa₃-si₃-gaz",0,"tukul[weapon]N_naŋasikaz[pestle]N"
"P370399",126,"o iv 23'","{ŋeš}x[NA]NA","{ŋeš}x",0,"{ŋeš}x[NA]NA"
"P271911",617,"unknown","unknown","unknown",1,"unknown"
"P271301",359,"r ii 43","ma[ship]N x[NA]NA","{ŋeš}ma₂ x",0,"ma[ship]N_x[NA]NA"
"P273880",339,"b iv 2","dim[post]N maršum[bed]N","{ŋeš}dim₃ mar-šu",0,"dim[post]N_maršum[bed]N"
"P370399",99,"o iii 38'","x[NA]NA apin[plow]N","x apin",0,"x[NA]NA_apin[plow]N"
"P250736",243,"r iii 4","utul[tureen]N tur[small]V/i","{dug}utul₂ tur",0,"utul[tureen]N_tur[small]V/i"
"P459216",68,"iii 7","{ŋeš}x[NA]NA ŋešnimbar[palm]N","{ŋeš}x ŋešnimbar",0,"{ŋeš}x[NA]NA_ŋešnimbar[palm]N"
"P273880",239,"b ii 32","ba[tool]N","{ŋeš}ba",0,"ba[tool]N"
"P388265",131,"r i 9","saŋ[head]N apin[plow]N","{ŋeš}saŋ apin",0,"saŋ[head]N_apin[plow]N"
"P429503",19,"o i 16","ŋeštinzug[grape]N","{ŋeš}ŋeštin-zug₂",0,"ŋeštinzug[grape]N"
"P253238",6,"o 3'","šinig[tamarisk]N kur[mountain]N","{ŋeš}šinig kur",0,"šinig[tamarisk]N_kur[mountain]N"
"P346714",26,"r i 30'","suku[pole]N margida[cart]N","{ŋeš}suku₅ mar-gid₂-da",0,"suku[pole]N_margida[cart]N"
"P492330",4,"o i 2","saŋkul[bolt]N la[hang]V/t","{ŋeš}saŋ-kul la₂-la₂",0,"saŋkul[bolt]N_la[hang]V/t"
"P459216",189,"r iv 21'","da[side-board]N umbin[wheel]N margida[cart]N","{ŋeš}da umbin mar-gid₂-da",0,"da[side-board]N_umbin[wheel]N_margida[cart]N"
"P271771",83,"o v 13","gilim[foliage]N ana[upper]AJ","{ŋeš}gu₂-gilim an-na",0,"gilim[foliage]N_ana[upper]AJ"
"P273880",232,"b ii 21","garig[comb]N siki[hair]N","{ŋeš}ga-rig₂ siki",0,"garig[comb]N_siki[hair]N"
"P370399",187,"unknown","unknown","unknown",1,"unknown"
"P271911",73,"unknown","unknown","unknown",1,"unknown"
"P247864",345,"o vi 29","x[NA]NA","x",0,"x[NA]NA"
"P332934",334,"r iii 37'","{ŋeš}x[NA]NA","{ŋeš}x",0,"{ŋeš}x[NA]NA"
"P271301",36,"o i 33","peš[fig]N Uri[Akkad]GN","{ŋeš}peš₃ uri{ki}",0,"peš[fig]N_Uri[Akkad]GN"
"P271301",194,"o iv 28","he₂.BAD[trimmings]N ŋešnimbar[palm]N","{ŋeš}he₂-BAD ŋešnimbar",0,"he₂.BAD[trimmings]N_ŋešnimbar[palm]N"
"P271911",482,"r iii 21","tukul[weapon]N {ŋeš}x[NA]NA","tukul {ŋeš}x",0,"tukul[weapon]N_{ŋeš}x[NA]NA"
"P271301",270,"o v 43'","guza[chair]N esi[tree]N","{ŋeš}gu-za {ŋeš}esi",0,"guza[chair]N_esi[tree]N"
"P347814",60,"a ii 31'","{ŋeš}sahar-BU[NA]NA","{ŋeš}sahar-BU",0,"{ŋeš}sahar-BU[NA]NA"
"Q000039",47,"40","ŋešaʾabak[tree]N Meluhha[1]GN","ŋeš-ab-ba me-luh-ha",0,"ŋešaʾabak[tree]N_Meluhha[1]GN"
"Q000001",383,"382","šah[pig]N namerim[oath]N","šah₂ nam-erim₂",0,"šah[pig]N_namerim[oath]N"
"P271911",445,"r ii 47","gumur[spine]N gud.si.AŠ[ram]N","gu₂-murgu gud-si-AŠ",0,"gumur[spine]N_gud.si.AŠ[ram]N"
"P271911",320,"r i 11'","gida[spear]N","niŋ₂-gid₂-da",0,"gida[spear]N"
"P271911",504,"r iii 38","zena[weapon]N ak[do]V/t","ze₂-na ak",0,"zena[weapon]N_ak[do]V/t"
"P253230",19,"o i 14","apin[plow]N tugsaga[plow]N","{ŋeš}apin dug₃-sig₁₈",0,"apin[plow]N_tugsaga[plow]N"
"P272243",28,"r i 9","ŋešnimbar[palm]N ŋal[be]V/i","{ŋeš}ŋešnimbar ŋal₂",0,"ŋešnimbar[palm]N_ŋal[be]V/i"
"P247864",408,"o vii 27'","{ŋeš}|(HI×AŠ₂).(HI×AŠ₂)|[NA]NA","{ŋeš}|(HI×AŠ₂).(HI×AŠ₂)|",0,"{ŋeš}|(HI×AŠ₂).(HI×AŠ₂)|[NA]NA"
"Q000039",562,"505","mitum[weapon]N saŋ[head]N ninnu[fifty]NU","{ŋeš}mi-tum saŋ ninnu",0,"mitum[weapon]N_saŋ[head]N_ninnu[fifty]NU"
"Q000001",203,"203","gud[ox]N ab[cow]N","gud ab₂",0,"gud[ox]N_ab[cow]N"
"P271301",319,"r ii 3","umbin[nail]N banšur[table]N","{ŋeš}umbin banšur",0,"umbin[nail]N_banšur[table]N"
"Q000001",357,"357","bir[locust]N ab[sea]N","bir₅ ab",0,"bir[locust]N_ab[sea]N"
"P271320",7,"o i 2'","guza[chair]N x[NA]NA","{ŋeš}gu-za x",0,"guza[chair]N_x[NA]NA"
"P388265",412,"r vi 56","gida[spear]N","{ŋeš}gid₂-da",0,"gida[spear]N"
"P273880",505,"c ii 50","ubila[charcoal]N","{ŋeš}u₂-bil-la₂",0,"ubila[charcoal]N"
"X100003",33,"r 17","pa[branch]N peš[fig]N","{ŋeš}pa {ŋeš}peš₃",0,"pa[branch]N_peš[fig]N"
"P459218",54,"o iii 5","{ŋeš}BU[NA]NA","{ŋeš}BU",0,"{ŋeš}BU[NA]NA"
"P388265",275,"r iv 15","buniŋ[trough]N tunbar[moustache]N","{ŋeš}buniŋ tun₃-bar",0,"buniŋ[trough]N_tunbar[moustache]N"
"P273880",85,"a iii 23'","x-x[NA]NA gigir[chariot]N","x-x gigir",0,"x-x[NA]NA_gigir[chariot]N"
"P273880",179,"b i 29'","x[NA]NA ŋešnud[bed]N","x nud",0,"x[NA]NA_ŋešnud[bed]N"
"Q000039",136,"113","kišighar[tree]N","{ŋeš}kišig-har",0,"kišighar[tree]N"
"P332934",345,"r iv 2","gigir[chariot]N","{ŋeš}gigir",0,"gigir[chariot]N"
"Q000039",135,"112","kišig[acacia]N","{ŋeš}kišig",0,"kišig[acacia]N"
"P437074",183,"c ii 17'","{ŋeš}x[NA]NA x[NA]NA","{ŋeš}x x",0,"{ŋeš}x[NA]NA_x[NA]NA"
"P273880",405,"c i 8","tukul[weapon]N","{ŋeš}tukul",0,"tukul[weapon]N"
"Q000001",40,"40","udu[sheep]N saʾadnim[disease]N","udu sa-ad-nim",0,"udu[sheep]N_saʾadnim[disease]N"
"P459216",43,"ii 11","KID.da[twig]N","{ŋeš}E₂-da",0,"KID.da[twig]N"
"P332934",382,"r iv 16'","usakar[moon]N margida[cart]N","{ŋeš}u₄-sakar mar-gid₂-da",0,"usakar[moon]N_margida[cart]N"
"P250736",21,"o i 17","gi[reed]N sig[weak]V/i","gi sig",0,"gi[reed]N_sig[weak]V/i"
"P459217",10,"i 9'","hašhur[apple]N","{ŋeš}hašhur",0,"hašhur[apple]N"
"P247864",36,"o i 33","ŋipar[tree]N","{ŋeš}ŋi₆-par₃",0,"ŋipar[tree]N"
"P347814",71,"a ii 42'","{ŋeš}x[NA]NA","{ŋeš}x",0,"{ŋeš}x[NA]NA"
"P492330",24,"o ii 7","tukul[weapon]N mahdi[exalted]AJ","{ŋeš}tukul mah-di",0,"tukul[weapon]N_mahdi[exalted]AJ"
"Q000039",580,"523","ŋeš[tree]N šanabi[two-thirds]N sila[unit]N","ŋeš šanabi sila₃",0,"ŋeš[tree]N_šanabi[two-thirds]N_sila[unit]N"
"P370399",109,"o iv 6'","gag[nail]N zara[pivot]N gagsila[harness]N","{ŋeš}gag za-ra gag-sal₄",0,"gag[nail]N_zara[pivot]N_gagsila[harness]N"
"P273880",333,"b iii 61","niŋ[thing]N bur[grass]N","{ŋeš}niŋ₂ {u₂}bur₂",0,"niŋ[thing]N_bur[grass]N"
"Q000001",458,"457","uzu[flesh]N ŋiripadra[bone]N lugud[short]V/i","uzu ŋiri₃-pad-ra₂ lugud₂",0,"uzu[flesh]N_ŋiripadra[bone]N_lugud[short]V/i"
"P250736",127,"o iv 20","masab[basket]N dima[object]N","{gi}ma-sa₂-ab dim₃-ma",0,"masab[basket]N_dima[object]N"
"P429504",4,"o i' 1","x-x[NA]NA","x-x",0,"x-x[NA]NA"
"P459218",109,"o iv 30","gag[nail]N dud[mound]N bal[dig]V/t","{ŋeš}gag du₆ ba-l·a₂",0,"gag[nail]N_dud[mound]N_bal[dig]V/t"
"Q000001",209,"209","ab[cow]N suhub[~oxen]N","ab₂ suhub(|BAR.(3×AN)|)",0,"ab[cow]N_suhub[~oxen]N"
"P247864",225,"o iv 36","saŋkul[bolt]N ig[door]N","{ŋeš}sag-gul ig",0,"saŋkul[bolt]N_ig[door]N"
"P332939",33,"o ii 11","{ŋeš}x[NA]NA","{ŋeš}x",0,"{ŋeš}x[NA]NA"
"P388265",61,"iii 10","{ŋeš}mu-TUM-da[NA]NA","{ŋeš}mu-TUM-da",0,"{ŋeš}mu-TUM-da[NA]NA"
"P271301",251,"o v 24'","guza[chair]N gigir[chariot]N","{ŋeš}gu-za {ŋeš}gigir",0,"guza[chair]N_gigir[chariot]N"
"P247864",77,"o ii 14","{ŋeš}x-x[NA]NA ŋešnimbar[palm]N","{ŋeš}x-x ŋešnimbar",0,"{ŋeš}x-x[NA]NA_ŋešnimbar[palm]N"
"P271792",25,"r 20'","x-ga[NA]NA","x-ga",0,"x-ga[NA]NA"
"P235262",34,"c ii 7'","dilim[spoon]N tur[small]V/i","{ŋeš}dilim₂ tur",0,"dilim[spoon]N_tur[small]V/i"
"Q000039",92,"74","ŋešnimbar[palm]N lipiš[innards]N bur[tear]V/t","{ŋeš}ŋešnimbar lipiš bur₁₂",0,"ŋešnimbar[palm]N_lipiš[innards]N_bur[tear]V/t"
"P247864",377,"o vi 61","bisaŋ[basket]N negipum[tool]N","{ŋeš}bisaŋ ne-ki-pu-um",0,"bisaŋ[basket]N_negipum[tool]N"
"P370399",27,"o i 24'","x[NA]NA ŋešnimbar[palm]N","x ŋešnimbar",0,"x[NA]NA_ŋešnimbar[palm]N"
"P271301",357,"r ii 41","ma[ship]N","{ŋeš}ma₂",0,"ma[ship]N"
"P347814",29,"unknown","unknown","unknown",999,"unknown"
"Q000001",477,"474","uzu[flesh]N nikid[~food]N","uzu ni₂-kid₂",0,"uzu[flesh]N_nikid[~food]N"
"P429503",42,"o ii 11","ildag[poplar]N šitan[water-channel]N","{ŋeš}ildag₂ še-de₂-n·a",0,"ildag[poplar]N_šitan[water-channel]N"
"P271320",8,"o i 3'","guza[chair]N barag[sanctum]N","{ŋeš}gu-za barag",0,"guza[chair]N_barag[sanctum]N"
"P346714",62,"r ii 30'","saŋ[head]N ŋušur[harrow]N","{ŋeš}saŋ gana₂-ur₃",0,"saŋ[head]N_ŋušur[harrow]N"
"P247864",145,"o iii 19","{ŋeš}x[NA]NA margida[cart]N","{ŋeš}x mar-gid₂-da",0,"{ŋeš}x[NA]NA_margida[cart]N"
"P250362",1,"1","ba[tool]N šab[cut]V/t","{ŋeš}ba šab",0,"ba[tool]N_šab[cut]V/t"
"P247864",74,"o ii 11","dala[thorn]N ŋešnimbar[palm]N","{ŋeš}dala₂ ŋešnimbar",0,"dala[thorn]N_ŋešnimbar[palm]N"
"P273880",600,"c iv 34","suhub[tread]V/t","{ŋeš}suhub",0,"suhub[tread]V/t"
"P347814",282,"d ii 10'","{ŋeš}MA-x[NA]NA","{ŋeš}MA-x",0,"{ŋeš}MA-x[NA]NA"
"P273880",47,"a ii 14'","{ŋeš}x[NA]NA","{ŋeš}x",0,"{ŋeš}x[NA]NA"
"P228096",11,"o i 9","nisiki[comb]N","{ŋeš}UMBIN",0,"nisiki[comb]N"
"Q000001",199,"199","gud[ox]N kun[tail]N","gud kun",0,"gud[ox]N_kun[tail]N"
"P429504",46,"r i 9'","guza[chair]N gar[knob]N zabar[bronze]N x[NA]NA","{ŋeš}gu-za gar₃ zabar x",0,"guza[chair]N_gar[knob]N_zabar[bronze]N_x[NA]NA"
"P370399",148,"o v 2'","{ŋeš}LA-KAB-AB₂-DU[NA]NA","{ŋeš}LA-KAB-AB₂-DU",0,"{ŋeš}LA-KAB-AB₂-DU[NA]NA"
"P429503",46,"o ii 15","ildag[poplar]N tur[small]V/i","{ŋeš}ildag₂ tur",0,"ildag[poplar]N_tur[small]V/i"
"P273880",404,"c i 7","gag[nail]N kan[gate]N","{ŋeš}gag kan₄",0,"gag[nail]N_kan[gate]N"
"Q000039",147,"124","{ŋeš}mu-TUM-da[NA]NA","{ŋeš}mu-TUM-da",0,"{ŋeš}mu-TUM-da[NA]NA"
"P459217",46,"ii 22'","KID.da[twig]N","{ŋeš}KID-da",0,"KID.da[twig]N"
"Q000039",97,"77a","ŋešnimbar[palm]N gighab[disease]N","{ŋeš}ŋešnimbar gig-hab₂",0,"ŋešnimbar[palm]N_gighab[disease]N"
"Q000039",506,"453","niŋkud[~plowshare]N apin[plow]N","{ŋeš}niŋ₂-kud apin",0,"niŋkud[~plowshare]N_apin[plow]N"
"P235262",51,"c ii 27'","naŋa[mortar]N","{ŋeš}naŋa₃",0,"naŋa[mortar]N"
"P273880",66,"a ii 48'","margida[cart]N šudu[equipped]AJ","{ŋeš}mar-gid₂-da šu-du₇",0,"margida[cart]N_šudu[equipped]AJ"
"P247864",154,"o iii 28","saŋkul[bolt]N margida[cart]N","{ŋeš}saŋ-kul mar-gid₂-da",0,"saŋkul[bolt]N_margida[cart]N"
"P459218",50,"unknown","unknown","unknown",1,"unknown"
"Q000001",479,"476","uzu[flesh]N ellaŋgun[kidney]N","uzu ellaŋ₂-gun₃",0,"uzu[flesh]N_ellaŋgun[kidney]N"
"Q000039",646,"580","mar[shovel]N","{ŋeš}mar",0,"mar[shovel]N"
"P388265",86,"iv 3","numun[seed]N asal[poplar]N","{ŋeš}numun asal₂",0,"numun[seed]N_asal[poplar]N"
"P271301",459,"r iv 40","usan[whip]N gud[ox]N","{ŋeš}usan₃ gud",0,"usan[whip]N_gud[ox]N"
"P273880",403,"c i 6","kan[gate]N","{ŋeš}kan₄",0,"kan[gate]N"
"P459216",78,"iii 17","tubala[harness]N ŋešnimbar[palm]N","{ŋeš}tubaₓ(TUG₂) ŋešnimbar",0,"tubala[harness]N_ŋešnimbar[palm]N"
"P247864",371,"o vi 55","{ŋeš}UŠ-la₂[NA]NA","{ŋeš}UŠ-la₂",0,"{ŋeš}UŠ-la₂[NA]NA"
"P492330",15,"o i 13","{ŋeš}x-la₂[NA]NA","{ŋeš}x-la₂",0,"{ŋeš}x-la₂[NA]NA"
"P429503",177,"r iii' 20'","bulug[needle]N x-x[NA]NA","{ŋeš}bulug x-x",0,"bulug[needle]N_x-x[NA]NA"
"P271911",212,"o iii 53'","al[hoe]N saŋ[head]N","al saŋ",0,"al[hoe]N_saŋ[head]N"
"P332934",254,"o iv 25'","uluh[sapling]N","{ŋeš}u₂-luh",0,"uluh[sapling]N"
"P271911",315,"unknown","unknown","unknown",1,"unknown"
"P247864",111,"o ii 48","ŋušur[beam]N","{ŋeš}ŋušur(|GA₂×NUN&NUN|)",0,"ŋušur[beam]N"
"P388265",44,"ii 27","šumsikil[vegetable]N","{ŋeš}šum₂-sikil",0,"šumsikil[vegetable]N"
"P388265",230,"r iii 9","guza[chair]N kadu[cover]N","{ŋeš}gu-za ka-du₃",0,"guza[chair]N_kadu[cover]N"
"P370399",154,"o v 8'","ellag[ball]N","{ŋeš}ellag",0,"ellag[ball]N"
"P273880",213,"b ii 2","x[NA]NA balak[spindle]N","x balak",0,"x[NA]NA_balak[spindle]N"
"P273880",61,"a ii 35'","apin[plow]N šudu[equipped]AJ","{ŋeš}apin šu-du₈-a",0,"apin[plow]N_šudu[equipped]AJ"
"Q000001",319,"319","amsi[elephant]N","am-si",0,"amsi[elephant]N"
"P271320",30,"unknown","unknown","unknown",999,"unknown"
"P271301",88,"o ii 36","manu[wood]N kalag[strong]V/i","{ŋeš}ma-nu kalag",0,"manu[wood]N_kalag[strong]V/i"
"P459217",22,"i 21'","šaršabid[tree]N","{ŋeš}šarₓ(NE)-ša₄-bid₃",0,"šaršabid[tree]N"
"P370399",112,"o iv 9'","DUB.du₃[~vehicle]N bar[outside]V/t","{ŋeš}ŠID bar",0,"DUB.du₃[~vehicle]N_bar[outside]V/t"
"Q000001",310,"310","amar[young]N mašda[gazelle]N","amar maš-da₃",0,"amar[young]N_mašda[gazelle]N"
"P409465",3,"3","Madurahabzu[1]ON","{ŋeš}ma₂-durah{+ra}-ab-zu",0,"Madurahabzu[1]ON"
"P250361",5,"o 3'","guza[chair]N","{ŋeš}gu-za",0,"guza[chair]N"
"P492330",24,"o ii 7","tukul[weapon]N mahdi[exalted]AJ","{ŋeš}tukul mah-di",0,"tukul[weapon]N_mahdi[exalted]AJ"
"Q000039",381,"338","mud[tube]N gigir[chariot]N","{ŋeš}mud gigir",0,"mud[tube]N_gigir[chariot]N"
"P253887",9,"r 1","ma[ship]N u[ten]NU gur[unit]N","ma₂ u gur",0,"ma[ship]N_u[ten]NU_gur[unit]N"
"P459218",89,"o iv 7","{ŋeš}x[NA]NA","{ŋeš}x",0,"{ŋeš}x[NA]NA"
"P459225",15,"r ii 2'","ŋisal[rudder]N ŋiri[foot]N","{ŋeš}ŋisal ŋiri₃",0,"ŋisal[rudder]N_ŋiri[foot]N"
"P273880",360,"b iv 23","ŋidru[scepter]N harmušen[snare]N","{ŋeš}ŋidru har-mušen-na",0,"ŋidru[scepter]N_harmušen[snare]N"
"P271771",116,"r ii 3'","banšur[table]N saŋdu[head]N","{ŋeš}banšur saŋ-du",0,"banšur[table]N_saŋdu[head]N"
"P370399",169,"o v 23'","naŋa[mortar]N ŋeši[sesame]N","{ŋeš}naŋa₃ {še}ŋeš-i₃",0,"naŋa[mortar]N_ŋeši[sesame]N"
"P459216",9,"i 7","halub[tree]N","{ŋeš}ha-lu-ub₂",0,"halub[tree]N"
"P228096",6,"o i 4","sumungi[tool]N","{ŋeš}šu-me-gi",0,"sumungi[tool]N"
"P437074",114,"unknown","unknown","unknown",999,"unknown"
"P492330",41,"unknown","unknown","unknown",999,"unknown"
"P271301",357,"r ii 41","ma[ship]N","{ŋeš}ma₂",0,"ma[ship]N"
"P347814",32,"a ii 3'","balak[spindle]N x-x[NA]NA","{ŋeš}balak x-x",0,"balak[spindle]N_x-x[NA]NA"
"P297185",4,"2","tiʾarum[tree]N","{ŋeš}ti-a-ru-um",0,"tiʾarum[tree]N"
"P271911",425,"unknown","unknown","unknown",1,"unknown"
"Q000039",32,"27","pa[branch]N usuh[tree]N","{ŋeš}pa u₃-suh₅",0,"pa[branch]N_usuh[tree]N"
"P332930",20,"b.e. 4","mala[boat]N","ma₂-la-la₂",0,"mala[boat]N"
"P273880",613,"c iv 47","sugin[rot]N","{ŋeš}sugin",0,"sugin[rot]N"
"P271320",25,"o i 17'","guza[chair]N gar[knob]N zabar[bronze]N ŋar[place]V/t","{ŋeš}gu-za gar₃ zabar ŋar",0,"guza[chair]N_gar[knob]N_zabar[bronze]N_ŋar[place]V/t"
"P459220",3,"2","ig[door]N gal[big]V/i","{ŋeš}ig gal",0,"ig[door]N_gal[big]V/i"
"P271911",478,"r iii 17","tukul[weapon]N še[barley]N x-x[NA]NA","tukul še x-x",0,"tukul[weapon]N_še[barley]N_x-x[NA]NA"
"Q000001",118,"118","u[ewe]N sila[lamb]N šub[fall]V/t","u₈ sila₄ šub",0,"u[ewe]N_sila[lamb]N_šub[fall]V/t"
"P388265",362,"r v 52","{ŋeš}X[NA]NA","{ŋeš}X",0,"{ŋeš}X[NA]NA"
"Q000001",235,"235","amar[young]N su[red]V/i","amar su₄",0,"amar[young]N_su[red]V/i"
"P273880",703,"d ii 47'","{ŋeš}x-x[NA]NA","{ŋeš}x-x",0,"{ŋeš}x-x[NA]NA"
"P346897",3,"o 2","e[house]N gigir[chariot]N","{ŋeš}e₂ gigir",0,"e[house]N_gigir[chariot]N"
"P235262",44,"c ii 20'","x-X[NA]NA","x-X",0,"x-X[NA]NA"
"P346714",106,"r iii 28'","al[hoe]N","{ŋeš}al",0,"al[hoe]N"
"P447996",168,"r ii 5","{ŋeš}an-šag₄-bi[NA]NA ŋešnimbar[palm]N","{ŋeš}an-šag₄-bi ŋešnimbar",0,"{ŋeš}an-šag₄-bi[NA]NA_ŋešnimbar[palm]N"
"P273880",234,"b ii 23","garig[comb]N nita[male]N","{ŋeš}ga-rig₂ nita₂",0,"garig[comb]N_nita[male]N"
"Q000039",708,"639","zena[weapon]N","{ŋeš}ze₂-na",0,"zena[weapon]N"
"Q000039",596,"537","ŋidru[scepter]N harmušen[snare]N","{ŋeš}ŋidru har-mušen-na",0,"ŋidru[scepter]N_harmušen[snare]N"
"P437074",14,"a ii 7'","x[NA]NA","x",0,"x[NA]NA"
"P247864",328,"o vi 12","{ŋeš}x[NA]NA","{ŋeš}x",0,"{ŋeš}x[NA]NA"
"P437074",67,"b ii 10'","kila[weight]N","{ŋeš}ki-la₂-bi",0,"kila[weight]N"
"P250736",162,"r i 16","gihan[basket]N siki[hair]N","gi-ha-an siki",0,"gihan[basket]N_siki[hair]N"
"P273880",623,"c iv 57","ŋeškur[tree]N","ŋeš-kur",0,"ŋeškur[tree]N"
"P447996",100,"o v 25","isimu[sprout]N","{ŋeš}isimu₃{+mu₂}",0,"isimu[sprout]N"
"P459218",86,"o iv 4","gaba[chest]N apin[plow]N","{ŋeš}gaba apin",0,"gaba[chest]N_apin[plow]N"
"P347814",108,"b i 38'","gag[nail]N šum[garlic]N širdili[~garlic]N","{ŋeš}gag šum₂ šir-dili",0,"gag[nail]N_šum[garlic]N_širdili[~garlic]N"
"P250736",132,"o iv 25","endur[navel?]N kud[cut]V/t","{gi}en₃-dur kud",0,"endur[navel?]N_kud[cut]V/t"
"P347814",185,"c i 41'","ušub[brick-mold]N šeg[brick]N alura[baked]AJ","{ŋeš}u₃-šub šeg₁₂ al-ur₃-ra",0,"ušub[brick-mold]N_šeg[brick]N_alura[baked]AJ"
"P250736",106,"o iii 40","bisaŋ[basket]N ninda[bread]N x[NA]NA","{gi}bisaŋ ninda x",0,"bisaŋ[basket]N_ninda[bread]N_x[NA]NA"
"P250736",206,"r ii 10","sab[jar]N tur[small]V/i","{dug}sab tur",0,"sab[jar]N_tur[small]V/i"
"P250736",241,"r iii 2","utul[tureen]N","{dug}utul₂",0,"utul[tureen]N"
"P271771",32,"o iii 9","zabalum[juniper]N","{ŋeš}za-ba-lum",0,"zabalum[juniper]N"
"P250371",12,"r 1","mud[tube]N gigir[chariot]N","{ŋeš}mud gigir",0,"mud[tube]N_gigir[chariot]N"
"P271771",61,"o iv 17","su[fibers]N sig[weak]V/i ŋešnimbar[palm]N","{ŋeš}su₁₁ sig₂ ŋešnimbar",0,"su[fibers]N_sig[weak]V/i_ŋešnimbar[palm]N"
"Q000039",548,"492","gu[neck]N zirigum[irrigation-device]N","{ŋeš}gu₂ zi-ri₂-gum",0,"gu[neck]N_zirigum[irrigation-device]N"
"P273880",260,"b ii 53","epig[drinking-vessel]N","{ŋeš}epig",0,"epig[drinking-vessel]N"
"P332934",61,"o i 5'","šimgig[tree]N","{ŋeš}šim-gig-a",0,"šimgig[tree]N"
"P247864",212,"o iv 23","{ŋeš}x-x-x[NA]NA","{ŋeš}x-x-x",0,"{ŋeš}x-x-x[NA]NA"
"P389511",7,"o 6","zirdum[olive]N","{ŋeš}zi-ir-du",0,"zirdum[olive]N"
"P247864",60,"o i 57","hašhur[apple]N eštub[carp]N","{ŋeš}hašhur {ku₆}eštub",0,"hašhur[apple]N_eštub[carp]N"
"P250364",5,"o i 2","e[house]N gigir[chariot]N","{ŋeš}e₂ gigir",0,"e[house]N_gigir[chariot]N"
"P429503",63,"o iii 2","tiʾarum[tree]N","{ŋeš}ti-ia-lum",0,"tiʾarum[tree]N"
"P253230",28,"o ii 6","apin[plow]N šu[hand]N","{ŋeš}apin šu",0,"apin[plow]N_šu[hand]N"
"P437074",146,"c i 11'","ŋešnud[bed]N umbin[nail]N gud[ox]N","ŋeš-nud umbin gud",0,"ŋešnud[bed]N_umbin[nail]N_gud[ox]N"
"Q000001",160,"160","sila[lamb]N enten[winter]N","sila₄ en-te-na",0,"sila[lamb]N_enten[winter]N"
"P388265",231,"r iii 10","guza[chair]N gar[knob]N zabar[bronze]N ŋar[place]V/t","{ŋeš}gu-za gar₃ zabar ŋar",0,"guza[chair]N_gar[knob]N_zabar[bronze]N_ŋar[place]V/t"
"P271911",286,"unknown","unknown","unknown",1,"unknown"
"Q000039",166,"141a","buniŋ[trough]N","{ŋeš}buniŋ",0,"buniŋ[trough]N"
"P250736",254,"r iii 15","šakir[churn]N","{dug}šakir₃",0,"šakir[churn]N"
"P250736",295,"r iv 13","im[clay]N hamun[harmony]N","im ha-mun",0,"im[clay]N_hamun[harmony]N"
"P250364",112,"r i 12'","{ŋeš}x[NA]NA","{ŋeš}x",0,"{ŋeš}x[NA]NA"
"P388265",19,"i 21","hilum[resin]N urzinum[tree]N","{ŋeš}hi-lum ur-zi-nu-um",0,"hilum[resin]N_urzinum[tree]N"
"P347815",7,"o 6","buniŋ[trough]N","{ŋeš}buniŋ",0,"buniŋ[trough]N"
"P253245",5,"o 2","kan[gate]N","{ŋeš}kan₄",0,"kan[gate]N"
"P271911",596,"r iv 51","x[NA]NA","x",0,"x[NA]NA"
"P271911",376,"unknown","unknown","unknown",1,"unknown"
"Q000039",83,"65","ŋešnimbar[palm]N","{ŋeš}ŋešnimbar",0,"ŋešnimbar[palm]N"
"P332934",173,"o iii 9","ŋešnimbar[palm]N ŋal[be]V/i","{ŋeš}ŋešnimbar ŋal₂",0,"ŋešnimbar[palm]N_ŋal[be]V/i"
"P332934",335,"r iii 38'","{ŋeš}x[NA]NA","{ŋeš}x",0,"{ŋeš}x[NA]NA"
"P247864",18,"o i 15","ŋešgana[tree]N giggi[black]V/i","ŋeš-kin₂ giggi",0,"ŋešgana[tree]N_giggi[black]V/i"
"Q000039",610,"549","zamrutum[lance]N","{ŋeš}za-am-ru-tum",0,"zamrutum[lance]N"
"P247864",41,"o i 38","{ŋeš}mi-ir-tum[NA]NA","{ŋeš}mi-ir-tum",0,"{ŋeš}mi-ir-tum[NA]NA"
"P273880",446,"c i 51","{ŋeš}x-ga[NA]NA","{ŋeš}x-ga",0,"{ŋeš}x-ga[NA]NA"
"Q000001",273,"273","muš[snake]N kindar[hole]N","muš ki-in-dar",0,"muš[snake]N_kindar[hole]N"
"P388265",280,"r iv 20","ig[door]N $MAŠ[NA]NA barda[crossbar]N","{ŋeš}ig $MAŠ bar-du₃-a",0,"ig[door]N_$MAŠ[NA]NA_barda[crossbar]N"
"Q000039",117,"95","pel[defile]V/t ŋešnimbar[palm]N","{ŋeš}pi-el-la₂ ŋešnimbar",0,"pel[defile]V/t_ŋešnimbar[palm]N"
"P459216",39,"ii 7","manu[wood]N gibil[firewood]N ak[do]V/t","{ŋeš}ma-nu gibil₂ ak",0,"manu[wood]N_gibil[firewood]N_ak[do]V/t"
"Q000039",773,"702","e[house]N zana[doll]N","{ŋeš}e₂ za-na",0,"e[house]N_zana[doll]N"
"Q000039",561,"504","mitum[weapon]N","{ŋeš}mi-tum",0,"mitum[weapon]N"
"P459216",121,"r ii 6'","{ŋeš}x[NA]NA","{ŋeš}x",0,"{ŋeš}x[NA]NA"
"Q000001",146,"146","maš[goat]N guʾeguʾe[fatty?]AJ","maš₂ gu₂-e₃-gu₂-e₃",0,"maš[goat]N_guʾeguʾe[fatty?]AJ"
"P447996",76,"o v 1","hašhur[apple]N","{ŋeš}hašhur",0,"hašhur[apple]N"
"P388265",366,"r vi 6","x[NA]NA U[NA]NA","x U",0,"x[NA]NA_U[NA]NA"
"P429503",125,"r ii' 1'","ma[ship]N Luʾunug[1]DN","{ŋeš}ma₂ {d}lu₂-unug{ki}",0,"ma[ship]N_Luʾunug[1]DN"
"Q000039",713,"644","ŋušur[beam]N tal[broad]V/i","ŋeš-ur₂ tal₂",0,"ŋušur[beam]N_tal[broad]V/i"
"P347814",59,"a ii 30'","{ŋeš}BU[NA]NA","{ŋeš}BU",0,"{ŋeš}BU[NA]NA"
"P272243",23,"r i 4","ŋešnimbar[palm]N maštab[twin]N","{ŋeš}ŋešnimbar maš-tab",0,"ŋešnimbar[palm]N_maštab[twin]N"
"P447996",211,"r iii 12","x[NA]NA ma[ship]N","x ma₂",0,"x[NA]NA_ma[ship]N"
"Q000039",766,"695","dur[balk]N piš-piš[NA]NA","{ŋeš}dur piš-piš",0,"dur[balk]N_piš-piš[NA]NA"
"P297185",4,"2","tiʾarum[tree]N","{ŋeš}ti-a-ru-um",0,"tiʾarum[tree]N"
"Q000039",13,"11","ŋeštinguruma[~vine]N","{ŋeš}ŋeštin-gurum-ma",0,"ŋeštinguruma[~vine]N"
"P250736",205,"r ii 9","sab[jar]N gal[big]V/i","{dug}sab gal",0,"sab[jar]N_gal[big]V/i"
"P459216",33,"ii 1","ŋešaʾabak[tree]N","ŋeš-ab-ba",0,"ŋešaʾabak[tree]N"
"P273880",642,"d i 22'","gag[nail]N papah[cella]N","{ŋeš}gag pa-pah",0,"gag[nail]N_papah[cella]N"
"P459216",7,"i 5","ŋešgana[tree]N babbar[white]V/i","ŋeš-kin₂ babbar",0,"ŋešgana[tree]N_babbar[white]V/i"
"P332934",101,"o ii 18","tir[forest]N","{ŋeš}tir-tir",0,"tir[forest]N"
"P273880",59,"a ii 33'","apin[plow]N zir[break]V/t","{ŋeš}apin zi",0,"apin[plow]N_zir[break]V/t"
"P347814",45,"a ii 16'","{ŋeš}x[NA]NA","{ŋeš}x",0,"{ŋeš}x[NA]NA"
"P253228",26,"o ii 7","al[hoe]N zu[tooth]N diš[one]NU","{ŋeš}al zu₂ diš",0,"al[hoe]N_zu[tooth]N_diš[one]NU"
"P273880",160,"b i 3'","guza[chair]N gidim[ghost]N","{ŋeš}gu-za gidim",0,"guza[chair]N_gidim[ghost]N"
"P332930",26,"r 5","ma[ship]N dirig[float]V/i addir[ferry]N","{ŋeš}ma₂ dirig addir",0,"ma[ship]N_dirig[float]V/i_addir[ferry]N"
"P370399",119,"o iv 16'","kun[tail]N gigir[chariot]N","{ŋeš}kun gigir",0,"kun[tail]N_gigir[chariot]N"
"P273880",583,"c iv 16","x[NA]NA","x",0,"x[NA]NA"
"P271301",362,"r ii 46","ma[ship]N x[NA]NA","{ŋeš}ma₂ x",0,"ma[ship]N_x[NA]NA"
"P273880",287,"b iii 11","x[NA]NA kaŋeškarak[table]N x[NA]NA","x ka-kara₄ x",0,"x[NA]NA_kaŋeškarak[table]N_x[NA]NA"
"P370399",166,"o v 20'","gazinbu[pole]N","{ŋeš}gazinbu(BU)",0,"gazinbu[pole]N"
"P492330",8,"o i 6","ŋeš[tree]N x-ze₂[NA]NA bar[cvve]V/t","ŋeš x-ze₂ bar",0,"ŋeš[tree]N_x-ze₂[NA]NA_bar[cvve]V/t"
"Q000001",301,"301","sua[cat]N","su-a",0,"sua[cat]N"
"P492330",27,"o ii 10","{ŋeš}eš-bar[NA]NA","{ŋeš}eš-bar",0,"{ŋeš}eš-bar[NA]NA"
"P273880",9,"a i 5'","allanum[oak]N","{ŋeš}al-la-nu-um",0,"allanum[oak]N"
"Q000001",477,"474","uzu[flesh]N nikid[~food]N","uzu ni₂-kid₂",0,"uzu[flesh]N_nikid[~food]N"
"P447996",204,"unknown","unknown","unknown",5,"unknown"
"Q000039",4,"4","halub[tree]N","{ŋeš}ha-lu-ub₂",0,"halub[tree]N"
"P247864",99,"o ii 36","ildag[poplar]N kug[pure]V/i","{ŋeš}ildag₂ kug",0,"ildag[poplar]N_kug[pure]V/i"
"P271301",373,"r iii 6","ma[ship]N addir[ferry]N","{ŋeš}ma₂ addir",0,"ma[ship]N_addir[ferry]N"
"P271301",26,"o i 23","ŋeštin[vine]N MA₂[NA]NA","{ŋeš}ŋeštin MA₂",0,"ŋeštin[vine]N_MA₂[NA]NA"
"P253866",28,"o i 23'","ig[door]N dib[board]N","{ŋeš}ig dib",0,"ig[door]N_dib[board]N"
"P250736",119,"o iv 12","bisaŋ[basket]N eša[flour]N","{gi}bisaŋ eša",0,"bisaŋ[basket]N_eša[flour]N"
"P347814",78,"b i 3'","{ŋeš}x[NA]NA apin[plow]N","{ŋeš}x apin",0,"{ŋeš}x[NA]NA_apin[plow]N"
"Q000001",487,"484","uzu[flesh]N sa[sinew]N","uzu sa",0,"uzu[flesh]N_sa[sinew]N"
"P250736",162,"r i 16","gihan[basket]N siki[hair]N","gi-ha-an siki",0,"gihan[basket]N_siki[hair]N"
"P388265",228,"r iii 7","guza[chair]N unkin[assembly]N","{ŋeš}gu-za unkin",0,"guza[chair]N_unkin[assembly]N"
"Q000039",709,"640","zena[weapon]N mah[great]V/i","{ŋeš}ze₂-na mah",0,"zena[weapon]N_mah[great]V/i"
"P347814",161,"c i 16'","ŋisal[rudder]N","{ŋeš}ŋisal",0,"ŋisal[rudder]N"
"P346866",2,"o 1","gilim[foliage]N ana[upper]AJ","{ŋeš}gilim an-na",0,"gilim[foliage]N_ana[upper]AJ"
"Q000039",82,"64a","ŋeš[tree]N gibil[sprout]N","ŋeš gibil",0,"ŋeš[tree]N_gibil[sprout]N"
"P273880",125,"a iv 13'","mud[tube]N x[NA]NA","{ŋeš}mud x",0,"mud[tube]N_x[NA]NA"
"P271911",449,"unknown","unknown","unknown",1,"unknown"
"P271911",550,"r iv 17","tuluʾangid[tool]N","tu-lu₂-gid₂-gid₂",0,"tuluʾangid[tool]N"
"Q000001",326,"326","azalulu[multitude]N","a-za-lu-lu",0,"azalulu[multitude]N"
"P273880",458,"c ii 2","ŋisal[rudder]N šu[hand]N","{ŋeš}ŋisal šu",0,"ŋisal[rudder]N_šu[hand]N"
"P429504",23,"o iii' 4","kišighar[tree]N","{ŋeš}kišig-hi-a",0,"kišighar[tree]N"
"Q000039",639,"573","{ŋeš}KID[NA]NA tukul[weapon]N mah[great]V/i","{ŋeš}KID tukul mah",0,"{ŋeš}KID[NA]NA_tukul[weapon]N_mah[great]V/i"
"P429504",51,"unknown","unknown","unknown",999,"unknown"
"Q000001",499,"495","uzu[flesh]N KUD[NA]NA","uzu KUD",0,"uzu[flesh]N_KUD[NA]NA"
"P271911",553,"unknown","unknown","unknown",1,"unknown"
"P332939",66,"r ii' 10'","igi[eye]N margida[cart]N","{ŋeš}igi mar-gid₂-da",0,"igi[eye]N_margida[cart]N"
"P447996",5,"o iii 1'","x-tu[NA]NA","x-tu",0,"x-tu[NA]NA"
"P447996",232,"unknown","unknown","unknown",999,"unknown"
"P271911",395,"r ii 10","zanaru[instrument]N","zanaruₓ(|ZA.AN.MUŠ₃|)",0,"zanaru[instrument]N"
"P459231",2,"o 1","{ŋeš}x-x[NA]NA gigir[chariot]N","{ŋeš}x-x gigir",0,"{ŋeš}x-x[NA]NA_gigir[chariot]N"
"P273880",173,"b i 16'","izzi[wall]N guza[chair]N","{ŋeš}i-zi gu-za",0,"izzi[wall]N_guza[chair]N"
"Q000039",93,"75","ŋešnimbar[palm]N guz[crush]V/i","{ŋeš}ŋešnimbar al-kum-ma₃",0,"ŋešnimbar[palm]N_guz[crush]V/i"
"Q000001",213,"213","ab[cow]N ŋeš[penis]N zu[know]V/t","ab₂ ŋeš₃ zu-zu",0,"ab[cow]N_ŋeš[penis]N_zu[know]V/t"
"P273880",48,"unknown","unknown","unknown",8,"unknown"
"P250364",85,"o v 6","sa[net]N gi[thicket]N","{ŋeš}sa {ŋeš}gi",0,"sa[net]N_gi[thicket]N"
"P447996",78,"o v 3","hašhur[apple]N armanu[tree]N","{ŋeš}hašhur ar-ma-nu",0,"hašhur[apple]N_armanu[tree]N"
"P271301",331,"r ii 15","emerah[jug]N si[horn]N","{ŋeš}emerah si",0,"emerah[jug]N_si[horn]N"
"P247864",397,"o vii 16'","{ŋeš}x[NA]NA BU-x[NA]NA","{ŋeš}x BU-x",0,"{ŋeš}x[NA]NA_BU-x[NA]NA"
"P370399",173,"o v 27'","ebir[vessel-stand]N gub[stand]V/i","{ŋeš}ebir gub",0,"ebir[vessel-stand]N_gub[stand]V/i"
"P459216",84,"iii 23","aʾan[spadix]N ŋešnimbar[palm]N","{ŋeš}an-na ŋešnimbar",0,"aʾan[spadix]N_ŋešnimbar[palm]N"
"P250364",135,"r iii 1'","{ŋeš}x[NA]NA","{ŋeš}x",0,"{ŋeš}x[NA]NA"
"P272243",45,"r ii 11","x[NA]NA","x",0,"x[NA]NA"
"P271519",11,"o ii' 3","šuʾa[stool]N šu[hand]N","{ŋeš}šu₂-a šu",0,"šuʾa[stool]N_šu[hand]N"
"P277271",4,"o 2'","x[NA]NA","x",0,"x[NA]NA"
"P388265",412,"r vi 56","gida[spear]N","{ŋeš}gid₂-da",0,"gida[spear]N"
"Q000001",323,"323","immal[cow]N","immal₂",0,"immal[cow]N"
"P429503",19,"o i 16","ŋeštinzug[grape]N","{ŋeš}ŋeštin-zug₂",0,"ŋeštinzug[grape]N"
"Q000039",525,"469","ŋušur[harrow]N sar[garden]N","{ŋeš}gana₂-ur₃ sar",0,"ŋušur[harrow]N_sar[garden]N"
"P271911",597,"r iv 52","x[NA]NA","x",0,"x[NA]NA"
"P447996",25,"o iii 21","ildag[poplar]N šitan[water-channel]N","{ŋeš}ildag₂ šita₃",0,"ildag[poplar]N_šitan[water-channel]N"
"P273880",681,"d ii 16'","{ŋeš}x-ra[NA]NA","{ŋeš}x-ra",0,"{ŋeš}x-ra[NA]NA"
"P229426",6,"o 5","niŋin[district]N ni-mi-en[NA]NA |LAL₂.LAGAB|[NA]NA","niŋin₅ ni-mi-en |LAL₂.LAGAB|",0,"niŋin[district]N_ni-mi-en[NA]NA_|LAL₂.LAGAB|[NA]NA"
"P253230",37,"o ii 15","apin[plow]N zir[break]V/t","{ŋeš}apin zi",0,"apin[plow]N_zir[break]V/t"
"P347815",11,"unknown","unknown","unknown",999,"unknown"
"P271911",524,"r iii 53","ubila[charcoal]N","u₅-bil₂-la₂",0,"ubila[charcoal]N"
"P271911",25,"unknown","unknown","unknown",1,"unknown"
"Q000039",679,"611","kul[handle]N zamin[lyre]N","{ŋeš}kul za₃-mi₂",0,"kul[handle]N_zamin[lyre]N"
"P250736",37,"o ii 9","ub[reed]N tur[small]V/i","{gi}ub tur",0,"ub[reed]N_tur[small]V/i"
"Q000001",9,"9","udu[sheep]N aslum[sheep]N niga[fattened]V/i","udu aslumₓ(|A.LUM|) niga",0,"udu[sheep]N_aslum[sheep]N_niga[fattened]V/i"
"Q000001",340,"340","uman[insect]N nisig[greenery]N","umanₓ(|HI×AŠ₂|) nisig",0,"uman[insect]N_nisig[greenery]N"
"P332934",70,"o i 14'","allanum[oak]N","{ŋeš}al-la-an",0,"allanum[oak]N"
"P447996",54,"o iv 23","ŋeštin[vine]N","{ŋeš}ŋeštin",0,"ŋeštin[vine]N"
"Q000039",545,"489","gag[nail]N šum[garlic]N sal[thin]V/i","{ŋeš}gag šum₂ sal",0,"gag[nail]N_šum[garlic]N_sal[thin]V/i"
"P271301",359,"r ii 43","ma[ship]N x[NA]NA","{ŋeš}ma₂ x",0,"ma[ship]N_x[NA]NA"
"Q000039",169,"143","{ŋeš}|LAGAB×A|-da[NA]NA","{ŋeš}|LAGAB×A|-da",0,"{ŋeš}|LAGAB×A|-da[NA]NA"
"P251686",5,"o 2","guza[chair]N šuniŋin[total]N","{ŋeš}gu-za šu-niŋin₂",0,"guza[chair]N_šuniŋin[total]N"
"P272243",34,"r i 14","ŋešnimbar[palm]N uhin[date]N","{ŋeš}ŋešnimbar u₄-hi-in",0,"ŋešnimbar[palm]N_uhin[date]N"
"P347814",127,"b ii 11'","gag[nail]N usakar[moon]N","{ŋeš}gag u₄-sakar",0,"gag[nail]N_usakar[moon]N"
"P271911",191,"o iii 35'","sala[~plow]N apin[plow]N","sal-la apin",0,"sala[~plow]N_apin[plow]N"
"P273880",608,"c iv 42","mašdara[inscription]N","{ŋeš}maš-dara₄",0,"mašdara[inscription]N"
"P388265",95,"iv 12","ŋešnimbar[palm]N dar[split]V/t","{ŋeš}ŋešnimbar dar",0,"ŋešnimbar[palm]N_dar[split]V/t"
"P347814",211,"c ii 17","niŋ[thing]N min[two]NU giŋ[unit]N","{ŋeš}niŋ₂ min giŋ₄",0,"niŋ[thing]N_min[two]NU_giŋ[unit]N"
"P429503",83,"o iii 22","ŋešnimbar[palm]N x[NA]NA","{ŋeš}ŋešnimbar x",0,"ŋešnimbar[palm]N_x[NA]NA"
"P250364",18,"o i 15","gag[nail]N x[NA]NA gigir[chariot]N","{ŋeš}gag x gigir",0,"gag[nail]N_x[NA]NA_gigir[chariot]N"
"P271911",160,"unknown","unknown","unknown",1,"unknown"
"P247864",211,"o iv 22","{ŋeš}x[NA]NA","{ŋeš}x",0,"{ŋeš}x[NA]NA"
"P250361",20,"o ii 8'","nig[~plow]N apin[plow]N","{ŋeš}nig apin",0,"nig[~plow]N_apin[plow]N"
"P271301",340,"r ii 24","buniŋ[trough]N","{ŋeš}buniŋ₂",0,"buniŋ[trough]N"
"P332934",190,"o iii 26","ŋešnimbar[palm]N uhin[date]N su[red]V/i","{ŋeš}ŋešnimbar u₄-hi-in su₄",0,"ŋešnimbar[palm]N_uhin[date]N_su[red]V/i"
"P229426",34,"r ii 8","ma[ship]N anta[upper]V/t","{ŋeš}ma₂ an-ta",0,"ma[ship]N_anta[upper]V/t"
"Q000039",115,"93","su[fibers]N gal[big]V/i ŋešnimbar[palm]N","{ŋeš}su₁₁ gu-la ŋešnimbar",0,"su[fibers]N_gal[big]V/i_ŋešnimbar[palm]N"
"Q000001",134,"134","mašgal[goat]N","maš₂-gal",0,"mašgal[goat]N"
"Q000039",710,"641","ŋušur[beam]N TUG₂[NA]NA","{ŋeš}ur₂ TUG₂",0,"ŋušur[beam]N_TUG₂[NA]NA"
"Q000039",20,"18","šinig[tamarisk]N","{ŋeš}šinig",0,"šinig[tamarisk]N"
"Q000039",604,"544","ligima[shoot]N","{ŋeš}ligima(|IGI.TUR.TUR|)",0,"ligima[shoot]N"
"P332934",215,"o iii 53","tubala[harness]N ŋešnimbar[palm]N","{ŋeš}tubaₓ(EŠ₂)-la₂ ŋešnimbar",0,"tubala[harness]N_ŋešnimbar[palm]N"
"P388265",162,"r i 40","ellag[ball]N","{ŋeš}ellag",0,"ellag[ball]N"
"P346865",4,"o 3","su[fibers]N ŋešnimbar[palm]N","{ŋeš}su₁₁ ŋešnimbar",0,"su[fibers]N_ŋešnimbar[palm]N"
"P347814",134,"b ii 18'","zamrutum[lance]N","{ŋeš}za-am-ru-tum",0,"zamrutum[lance]N"
"P388330",5,"o 4","hašhur[apple]N še[barley]N eštub[carp]N","{ŋeš}hašhur še eštub",0,"hašhur[apple]N_še[barley]N_eštub[carp]N"
"P271911",554,"r iv 20","magaz[bench]N","nam-gaz",0,"magaz[bench]N"
"P247864",318,"o vi 2","{ŋeš}|I.X|[NA]NA","{ŋeš}|I.X|",0,"{ŋeš}|I.X|[NA]NA"
"P429503",160,"r iii' 3'","usan[whip]N anše[equid]N","{ŋeš}usan₃ anše",0,"usan[whip]N_anše[equid]N"
"P247864",344,"o vi 28","{ŋeš}x[NA]NA x[NA]NA x[NA]NA x[NA]NA","{ŋeš}x x x x",0,"{ŋeš}x[NA]NA_x[NA]NA_x[NA]NA_x[NA]NA"
"P459216",136,"r iii 3'","ma[ship]N ki-x[NA]NA","{ŋeš}ma₂ ki-x",0,"ma[ship]N_ki-x[NA]NA"
"P370399",76,"o iii 15'","banšur[table]N mul[star]N","{ŋeš}banšur mul",0,"banšur[table]N_mul[star]N"
"P273880",45,"a ii 12'","niŋkud[~plowshare]N apin[plow]N","{ŋeš}niŋ₂-kud-da apin",0,"niŋkud[~plowshare]N_apin[plow]N"
"P273880",182,"b i 32'","ŋešnud[bed]N gu[neck]N zig[rise]V/t","ŋeš-nud gu₂ zig₃",0,"ŋešnud[bed]N_gu[neck]N_zig[rise]V/t"
"P229426",20,"o 19","ne₂[NA]NA ne-e[NA]NA NI[NA]NA","ne₂ ne-e NI",0,"ne₂[NA]NA_ne-e[NA]NA_NI[NA]NA"
"P437074",158,"c i 23'","izzi[wall]N ŋešnud[bed]N","{ŋeš}i-zi nud",0,"izzi[wall]N_ŋešnud[bed]N"
"P388265",45,"ii 28","šennur[plum]N","{ŋeš}šennur",0,"šennur[plum]N"
"P273880",648,"unknown","unknown","unknown",4,"unknown"
"Q000039",716,"647","ŋisal[rudder]N ŋiri[foot]N","{ŋeš}ŋisal ŋiri₃",0,"ŋisal[rudder]N_ŋiri[foot]N"
"Q000039",304,"267","ma[ship]N x-ga[NA]NA","{ŋeš}ma₂ x-ga",0,"ma[ship]N_x-ga[NA]NA"
"P459216",42,"ii 10","KID.da[twig]N","{ŋeš}E₂-da",0,"KID.da[twig]N"
"P271911",205,"o iii 47'","gag[nail]N zara[pivot]N ŋušur[harrow]N","gag za-ra niŋ₂-gan₂-ur₃",0,"gag[nail]N_zara[pivot]N_ŋušur[harrow]N"
"P332939",48,"r i' 7'","gag[nail]N x[NA]NA","{ŋeš}gag x",0,"gag[nail]N_x[NA]NA"
"P370399",42,"o ii 15'","ŋirigub[footstool]N","{ŋeš}ŋiri₃-gub",0,"ŋirigub[footstool]N"
"P250736",57,"o ii 31","dur[bond]N sig[weak]V/i","{gi}dur sig",0,"dur[bond]N_sig[weak]V/i"
"P346714",132,"r iv 12'","sa[net]N x[NA]NA","{ŋeš}sa x",0,"sa[net]N_x[NA]NA"
"P459226",8,"o i 5'","ŋešgana[tree]N babbar[white]V/i","ŋeš-kin₂ babbar",0,"ŋešgana[tree]N_babbar[white]V/i"
"P251686",11,"o 8","guza[chair]N tu[bath?]N","{ŋeš}gu-za tu₅",0,"guza[chair]N_tu[bath?]N"
"Q000001",370,"370","pešsilagaz[rodent]N","peš₂-{dug}sila₃-gaz-gaz",0,"pešsilagaz[rodent]N"
"P271320",64,"r ii' 12'","KI.KAL[bottom]N margida[cart]N","{ŋeš}sasₓ(|KI.KAL|) mar-gid₂-da",0,"KI.KAL[bottom]N_margida[cart]N"
"P250361",11,"o 9'","x-si[NA]NA","x-si",0,"x-si[NA]NA"
"P347814",186,"c i 42'","ušub[brick-mold]N ab[window]N","{ŋeš}u₃-šub ab",0,"ušub[brick-mold]N_ab[window]N"
"P437074",159,"c i 24'","umbin[nail]N ŋešnud[bed]N","{ŋeš}umbin nud",0,"umbin[nail]N_ŋešnud[bed]N"
"Q000001",71,"71","udu[sheep]N kurušda[fattener]N","udu kurušda",0,"udu[sheep]N_kurušda[fattener]N"
"P250364",145,"r iii 11'","{ŋeš}x[NA]NA","{ŋeš}x",0,"{ŋeš}x[NA]NA"
"P459216",65,"iii 4","suhur[tuft]N ŋešnimbar[palm]N","{ŋeš}suhur ŋešnimbar",0,"suhur[tuft]N_ŋešnimbar[palm]N"
"P229426",6,"o 5","niŋin[district]N ni-mi-en[NA]NA |LAL₂.LAGAB|[NA]NA","niŋin₅ ni-mi-en |LAL₂.LAGAB|",0,"niŋin[district]N_ni-mi-en[NA]NA_|LAL₂.LAGAB|[NA]NA"
"Q000039",358,"316","{ŋeš}sig[NA]NA zigan[rudder]N","{ŋeš}sig zi-gan",0,"{ŋeš}sig[NA]NA_zigan[rudder]N"
"P250736",320,"r iv 38","bad[wall]N gal[big]V/i","bad₃ gu-la",0,"bad[wall]N_gal[big]V/i"
"Q000001",191,"191","gud[ox]N hunu[weak]V/i","gud hu-nu",0,"gud[ox]N_hunu[weak]V/i"
"P273880",496,"c ii 41","ma[ship]N innu[straw]N","{ŋeš}ma₂ in-nu",0,"ma[ship]N_innu[straw]N"
"Q000001",101,"101","udu[sheep]N babbar[white]V/i","udu babbar",0,"udu[sheep]N_babbar[white]V/i"
"P296528",18,"r v 5'","isimu[sprout]N","{ŋeš}isimu₃{+mu₂}",0,"isimu[sprout]N"
"P253230",12,"o i 7","apin[plow]N šudu[equipped]AJ","{ŋeš}apin šu-du₇",0,"apin[plow]N_šudu[equipped]AJ"
"P271911",579,"r iv 38","zigan[rudder]N","si-kam₂",0,"zigan[rudder]N"
"P459217",117,"r i 3'","x-ra-x[NA]NA","x-ra-x",0,"x-ra-x[NA]NA"
"P370399",149,"o v 3'","ŋešdubdim[tool]N","ŋeš-dub-dim₂",0,"ŋešdubdim[tool]N"
"Q000039",336,"296","ma[ship]N Dilmun[1]GN","{ŋeš}ma₂ dilmun-na",0,"ma[ship]N_Dilmun[1]GN"
"P459216",170,"r iv 2'","umbin[wheel]N x[NA]NA gigir[chariot]N","{ŋeš}umbin x gigir",0,"umbin[wheel]N_x[NA]NA_gigir[chariot]N"
"P273880",158,"b i 1'","x-x[NA]NA","x-x",0,"x-x[NA]NA"
"P271792",20,"r 15'","x-x[NA]NA","x-x",0,"x-x[NA]NA"
"P388265",246,"r iii 25","ŋešnud[bed]N umbin[nail]N sal[thin]V/i","ŋeš-nud umbin sal",0,"ŋešnud[bed]N_umbin[nail]N_sal[thin]V/i"
"P271301",202,"o iv 36","ad[bush]N","{ŋeš}ad₂",0,"ad[bush]N"
"P224980",4,"o i 1","gigir[chariot]N","{ŋeš}gigir",0,"gigir[chariot]N"
"P247864",61,"o i 58","hašhur[apple]N baza[dwarf]N","{ŋeš}hašhur bi₂-za",0,"hašhur[apple]N_baza[dwarf]N"
"P253233",33,"r i 1'","{ŋeš}A-x[NA]NA","{ŋeš}A-x",0,"{ŋeš}A-x[NA]NA"
"P388265",149,"r i 27","al[hoe]N zu[tooth]N","{ŋeš}al zu₂",0,"al[hoe]N_zu[tooth]N"
"P253866",94,"o iii 30'","raba[clamp]N šu-x[NA]NA","{ŋeš}raba šu-x",0,"raba[clamp]N_šu-x[NA]NA"
"Q000039",624,"558","gagsisa[arrow]N","{ŋeš}gag-si-sa₂",0,"gagsisa[arrow]N"
"P459217",82,"iv 4","ŋešnimbar[palm]N x[NA]NA","{ŋeš}ŋešnimbar x",0,"ŋešnimbar[palm]N_x[NA]NA"
"P437074",152,"c i 17'","ŋešnud[bed]N ki-x-a[NA]NA","ŋeš-nud ki-x-a",0,"ŋešnud[bed]N_ki-x-a[NA]NA"
"P459216",62,"iii 1","ŋešnimbar[palm]N x[NA]NA","{ŋeš}ŋešnimbar x",0,"ŋešnimbar[palm]N_x[NA]NA"
"Q000039",520,"464","ninda[seed-funnel]N apin[plow]N","{ŋeš}ninda₂ apin",0,"ninda[seed-funnel]N_apin[plow]N"
"P388265",182,"r ii 9","mud[tube]N margida[cart]N","{ŋeš}mud mar-gid₂-da",0,"mud[tube]N_margida[cart]N"
"P271911",191,"o iii 35'","sala[~plow]N apin[plow]N","sal-la apin",0,"sala[~plow]N_apin[plow]N"
"P271301",307,"r i 35","ŋešnud[bed]N umbin[nail]N aški[rushes]N","ŋeš-nud umbin {+a}aški",0,"ŋešnud[bed]N_umbin[nail]N_aški[rushes]N"
"Q000039",169,"143","{ŋeš}|LAGAB×A|-da[NA]NA","{ŋeš}|LAGAB×A|-da",0,"{ŋeš}|LAGAB×A|-da[NA]NA"
"P235262",83,"d i 26'","{ŋeš}šag₄-hi-li-a[NA]NA","{ŋeš}šag₄-hi-li-a",0,"{ŋeš}šag₄-hi-li-a[NA]NA"
"P272243",15,"o i' 11'","ŋešnimbar[palm]N dub[tremble]V/t","{ŋeš}ŋešnimbar dub",0,"ŋešnimbar[palm]N_dub[tremble]V/t"
"P347814",139,"b ii 23'","e[house]N pana[bow]N","{ŋeš}e₂ pana",0,"e[house]N_pana[bow]N"
"P388265",30,"unknown","unknown","unknown",7,"unknown"
"P388265",430,"t.e. iii 2","{ŋeš}sar-ra[NA]NA ŋar[place]V/t","{ŋeš}sar-ra ŋar-ŋar",0,"{ŋeš}sar-ra[NA]NA_ŋar[place]V/t"
"P253866",101,"r i 4","illar[weapon]N šub[fall]V/t","{ŋeš}illar šub",0,"illar[weapon]N_šub[fall]V/t"
"P271911",555,"r iv 21","magaz[bench]N niŋ[thing]N burud[perforate]V/t","nam-gaz niŋ₂ bur₃-bur₃",0,"magaz[bench]N_niŋ[thing]N_burud[perforate]V/t"
"P253866",90,"o iii 23'","niŋna[incense]N mud[blood]N","{ŋeš}niŋ₂-na mud",0,"niŋna[incense]N_mud[blood]N"
"P332934",196,"o iii 32","ŋešnimbar[palm]N gurum[bend]V/t","{ŋeš}ŋešnimbar gurum",0,"ŋešnimbar[palm]N_gurum[bend]V/t"
"P429503",33,"o ii 2","lam[tree]N","{ŋeš}lam",0,"lam[tree]N"
"P388265",281,"r iv 21","ig[door]N egal[palace]N","{ŋeš}ig e₂-gal",0,"ig[door]N_egal[palace]N"
"P271301",80,"o ii 28","manu[wood]N šu[hand]N ak[do]V/t","{ŋeš}ma-nu šu ak",0,"manu[wood]N_šu[hand]N_ak[do]V/t"
"P459217",135,"r i 22'","x-na[NA]NA","x-na",0,"x-na[NA]NA"
"P388265",140,"r i 18","da[side-board]N apin[plow]N","{ŋeš}da apin",0,"da[side-board]N_apin[plow]N"
"P247864",183,"o iii 57","gag[nail]N umbin[wheel]N gigir[chariot]N","{ŋeš}gag umbin gigir",0,"gag[nail]N_umbin[wheel]N_gigir[chariot]N"
"P247864",153,"o iii 27","{ŋeš}x-x[NA]NA margida[cart]N","{ŋeš}x-x mar-gid₂-da",0,"{ŋeš}x-x[NA]NA_margida[cart]N"
"P429503",47,"o ii 16","ŋeškur[tree]N","ŋeš-ku-ra",0,"ŋeškur[tree]N"
"P332939",51,"r i' 10'","gigir[chariot]N","{ŋeš}gigir",0,"gigir[chariot]N"
"P347814",50,"a ii 21'","{ŋeš}x[NA]NA","{ŋeš}x",0,"{ŋeš}x[NA]NA"
"P459216",64,"iii 3","šag[heart]N ŋešnimbar[palm]N","{ŋeš}šag₄ ŋešnimbar",0,"šag[heart]N_ŋešnimbar[palm]N"
"P250364",118,"r ii 3'","{ŋeš}uri[NA]NA","{ŋeš}uri",0,"{ŋeš}uri[NA]NA"
"P271301",203,"o iv 37","kišig[acacia]N","{ŋeš}kišig",0,"kišig[acacia]N"
"P347814",161,"c i 16'","ŋisal[rudder]N","{ŋeš}ŋisal",0,"ŋisal[rudder]N"
"P459217",26,"ii 2'","dih[weed]N","{ŋeš}dih₃",0,"dih[weed]N"
"P247864",444,"r i 4","{ŋeš}LIŠ[NA]NA ŋešnud[bed]N","{ŋeš}LIŠ nud",0,"{ŋeš}LIŠ[NA]NA_ŋešnud[bed]N"
"P332934",41,"o i 37","hašhur[apple]N kur[mountain]N","{ŋeš}hašhur kur",0,"hašhur[apple]N_kur[mountain]N"
"P229426",16,"o 15","henbur[stalk]N he-en-bur[NA]NA DU₃[NA]NA","henbur he-en-bur DU₃",0,"henbur[stalk]N_he-en-bur[NA]NA_DU₃[NA]NA"
"P370399",136,"o iv 33'","ig[door]N uma[triumph]N","{ŋeš}ig u₃-ma",0,"ig[door]N_uma[triumph]N"
"P273880",359,"b iv 22","harmušen[snare]N","{ŋeš}har-mušen",0,"harmušen[snare]N"
"P459217",111,"iv 33","{ŋeš}x[NA]NA in-x-x[NA]NA","{ŋeš}x in-x-x",0,"{ŋeš}x[NA]NA_in-x-x[NA]NA"
"P447996",131,"r i 13","suhur[tuft]N ŋešnimbar[palm]N","{ŋeš}suhur ŋešnimbar",0,"suhur[tuft]N_ŋešnimbar[palm]N"
"P271301",139,"o iii 27","ŋešnimbar[palm]N kud[cut]V/t","{ŋeš}ŋešnimbar kud",0,"ŋešnimbar[palm]N_kud[cut]V/t"
"P429503",11,"o i 8","ŋešgana[tree]N giggi[black]V/i","ŋeš-kin₂ giggi",0,"ŋešgana[tree]N_giggi[black]V/i"
"Q000001",439,"438","uzu[flesh]N šag[heart]N Eninnu[1]TN","uzu šag₄ e₂-ninnu",0,"uzu[flesh]N_šag[heart]N_Eninnu[1]TN"
"P273880",687,"d ii 23'","ŋeš[tree]N kiŋar[area]N zag[side]N la[hang]V/t","ŋeš ki-ŋar zag la₂",0,"ŋeš[tree]N_kiŋar[area]N_zag[side]N_la[hang]V/t"
"P253233",53,"r ii 3'","allanum[oak]N","{ŋeš}al-la-nu-um",0,"allanum[oak]N"
"Q000039",301,"264","miriza[plank]N zag[side]N gi[turn]V/i","{ŋeš}mi-ri₂-za zag gi₄",0,"miriza[plank]N_zag[side]N_gi[turn]V/i"
"P271320",45,"r i' 11'","zara[pivot]N gigir[chariot]N","{ŋeš}za-ra gigir",0,"zara[pivot]N_gigir[chariot]N"
"P388265",416,"r vi 60","{ŋeš}x[NA]NA bulug[needle]N","{ŋeš}x bulug",0,"{ŋeš}x[NA]NA_bulug[needle]N"
"P253238",43,"unknown","unknown","unknown",999,"unknown"
"Q000039",234,"198","guza[chair]N gar[knob]N kuš[skin]N ŋar[place]V/t","{ŋeš}gu-za gar₃ kuš ŋar",0,"guza[chair]N_gar[knob]N_kuš[skin]N_ŋar[place]V/t"
"Q000039",650,"584","mar[shovel]N niŋsur[beer]N","{ŋeš}mar niŋ₂-sur",0,"mar[shovel]N_niŋsur[beer]N"
"P492330",44,"r ii 2'","x-x[NA]NA","x-x",0,"x-x[NA]NA"
"P235262",89,"d i 32'","sahargi[dust-guard]N gigir[chariot]N","{ŋeš}sahar-gi gigir",0,"sahargi[dust-guard]N_gigir[chariot]N"
"P247864",395,"o vii 14'","{ŋeš}x-x[NA]NA x-x[NA]NA","{ŋeš}x-x x-x",0,"{ŋeš}x-x[NA]NA_x-x[NA]NA"
"P459216",129,"unknown","unknown","unknown",8,"unknown"
"P273880",420,"c i 23","dur[board]N bisaŋ[basket]N","{ŋeš}dur₂ bisaŋ",0,"dur[board]N_bisaŋ[basket]N"
"P370399",129,"o iv 26'","ig[door]N","{ŋeš}ig",0,"ig[door]N"
"P253866",22,"o i 17'","{ŋeš}x[NA]NA saŋ[head]N il[raise]V/t","{ŋeš}x saŋ il₂",0,"{ŋeš}x[NA]NA_saŋ[head]N_il[raise]V/t"
"P370399",37,"o ii 10'","{ŋeš}TUG₂-x[NA]NA","{ŋeš}TUG₂-x",0,"{ŋeš}TUG₂-x[NA]NA"
"P251649",6,"o 5","sa[net]N gi[thicket]N","{ŋeš}sa {ŋeš}gi",0,"sa[net]N_gi[thicket]N"
"P382665",3,"3","šinig[tamarisk]N","{ŋeš}šinig",0,"šinig[tamarisk]N"
"P271911",528,"r iii 56","bu-zu₃-tum[NA]NA","bu-zu₃-tum",0,"bu-zu₃-tum[NA]NA"
"P235262",15,"a i 11'","hašhur[apple]N baza[dwarf]N","{ŋeš}hašhur ba-za",0,"hašhur[apple]N_baza[dwarf]N"
"P271771",16,"o ii 14","lamgal[nut]N","{ŋeš}lam-gal",0,"lamgal[nut]N"
"Q000001",368,"368","pešniŋgilima[rodent]N","peš₂-niŋ₂-gilim-ma",0,"pešniŋgilima[rodent]N"
"Q000039",408,"363","ŋirigub[footstool]N margida[cart]N","{ŋeš}ŋiri₃-gub mar-gid₂-da",0,"ŋirigub[footstool]N_margida[cart]N"
"Q000001",330,"330","eh[insect]N","eh",0,"eh[insect]N"
"P459218",10,"o i 14'","ig[door]N zena[midrib]N","{ŋeš}ig ze₂-na",0,"ig[door]N_zena[midrib]N"
"P271301",424,"r iv 5","gigir[chariot]N x[NA]NA sa₂-ab[NA]NA","{ŋeš}gigir x sa₂-ab",0,"gigir[chariot]N_x[NA]NA_sa₂-ab[NA]NA"
"P271911",178,"o iii 24'","pa[branch]N usuh[tree]N apin[plow]N","pa u₃-suh₅ apin",0,"pa[branch]N_usuh[tree]N_apin[plow]N"
"Q000039",749,"678","dih[weed]N","{ŋeš}dih₃",0,"dih[weed]N"
"P253866",22,"o i 17'","{ŋeš}x[NA]NA saŋ[head]N il[raise]V/t","{ŋeš}x saŋ il₂",0,"{ŋeš}x[NA]NA_saŋ[head]N_il[raise]V/t"
"P253866",34,"o i 29'","ir[peg]N","{ŋeš}ir",0,"ir[peg]N"
"Q000001",297,"297","nemur[leopard]N","nemurₓ(|PIRIG.TUR|)",0,"nemur[leopard]N"
"P388265",391,"r vi 32","banšur[table]N","{ŋeš}banšurₓ(|URU×IGI|){zabar}",0,"banšur[table]N"
"Q000001",360,"360","bir[locust]N ensi[interpreter]N","bir₅ ensi",0,"bir[locust]N_ensi[interpreter]N"
"P271911",602,"r iv 56","ganum[stand]N a[water]N","{ŋeš}ŋa₂-an-nu a",0,"ganum[stand]N_a[water]N"
"P273880",88,"a iii 26'","zara[pivot]N gigir[chariot]N","{ŋeš}za-ra gigir",0,"zara[pivot]N_gigir[chariot]N"
"P429503",83,"o iii 22","ŋešnimbar[palm]N x[NA]NA","{ŋeš}ŋešnimbar x",0,"ŋešnimbar[palm]N_x[NA]NA"
"P271911",82,"o ii 10","barbar[shuttle]N","bar-bar",0,"barbar[shuttle]N"
"P271320",37,"r i' 4'","gaba[chest]N gigir[chariot]N","{ŋeš}gaba gigir",0,"gaba[chest]N_gigir[chariot]N"
"Q000039",770,"699","nemur[leopard]N","{ŋeš}nemur",0,"nemur[leopard]N"
"P273880",632,"d i 5'","gidim[device]N","{ŋeš}gidim₃",0,"gidim[device]N"
"P271519",11,"o ii' 3","šuʾa[stool]N šu[hand]N","{ŋeš}šu₂-a šu",0,"šuʾa[stool]N_šu[hand]N"
"P235262",123,"d ii 28'","saŋkul[bolt]N margida[cart]N","{ŋeš}saŋ-kul mar-gid₂-da",0,"saŋkul[bolt]N_margida[cart]N"
"P271301",63,"o ii 11","lamtur[nut]N","{ŋeš}lam-tur",0,"lamtur[nut]N"
"Q000039",417,"372","manhara[vessel]N margida[cart]N","{ŋeš}nam-ha-ru-um mar-gid₂-da",0,"manhara[vessel]N_margida[cart]N"
"Q000001",82,"82","udu[sheep]N šu[hand]N saŋ[head]N dug[speak]V/t","udu šu saŋ dug₄",0,"udu[sheep]N_šu[hand]N_saŋ[head]N_dug[speak]V/t"
"P346714",174,"r v 10'","{ŋeš}ŠID[NA]NA mar[shovel]N","{ŋeš}ŠID mar",0,"{ŋeš}ŠID[NA]NA_mar[shovel]N"
"Q000001",346,"346","nim[fly]N urmah[lion]N","nim ur-mah",0,"nim[fly]N_urmah[lion]N"
"P347814",135,"b ii 19'","negipum[tool]N","{ŋeš}ne-gi-pu-um",0,"negipum[tool]N"
"P437074",163,"c i 28'","dilim[spoon]N x-x[NA]NA","{ŋeš}dilim₂ x-x",0,"dilim[spoon]N_x-x[NA]NA"
"Q000039",290,"254","buniŋ[trough]N ZU-bar-ra[NA]NA","{ŋeš}buniŋ ZU-bar-ra",0,"buniŋ[trough]N_ZU-bar-ra[NA]NA"
"P271911",616,"unknown","unknown","unknown",1,"unknown"
"P273880",295,"b iii 19","hedu[ornament]N kan[gate]N","{ŋeš}he₂-du₇ kan₄",0,"hedu[ornament]N_kan[gate]N"
"P429503",152,"r ii' 28'","umbin[wheel]N","{ŋeš}umbin",0,"umbin[wheel]N"
"P459216",55,"ii 23","elammakum[tree]N","{ŋeš}e-lam-ma-kum",0,"elammakum[tree]N"
"P347814",89,"b i 14'","niŋŋeštug[~plow]N apin[plow]N","{ŋeš}niŋ₂-ŋeštug apin",0,"niŋŋeštug[~plow]N_apin[plow]N"
"P271911",417,"r ii 26","sa[sinew]N eš[three]NU","sa uš",0,"sa[sinew]N_eš[three]NU"
"P271301",192,"o iv 26","kita[basket]N zulum[date]N ŋešnimbar[palm]N","{ŋeš}ŋa₂-da zu₂-lum ŋešnimbar",0,"kita[basket]N_zulum[date]N_ŋešnimbar[palm]N"
"Q000039",437,"390","usakar[moon]N ig[door]N","{ŋeš}u₄-sakar ig",0,"usakar[moon]N_ig[door]N"
"P271301",49,"o i 46","hašhur[apple]N baza[dwarf]N","{ŋeš}hašhur ba-za",0,"hašhur[apple]N_baza[dwarf]N"
"P388265",288,"r iv 28","saŋkul[bolt]N","{ŋeš}saŋ-kul",0,"saŋkul[bolt]N"
"Q000001",234,"234","amar[young]N giggi[black]V/i","amar giggi",0,"amar[young]N_giggi[black]V/i"
"P271320",30,"unknown","unknown","unknown",999,"unknown"
"P271911",67,"o i 46'","nura[~loom]N","nir-ra",0,"nura[~loom]N"
"P250736",230,"r ii 34","burzi[bowl]N niŋzid[righteousness]N","{dug}bur-zi niŋ₂-zid-da",0,"burzi[bowl]N_niŋzid[righteousness]N"
"P388265",347,"r v 32","miritum[instrument]N","ma-ri₂-tum",0,"miritum[instrument]N"
"P437074",10,"a ii 3'","x-um[NA]NA","x-um",0,"x-um[NA]NA"
"P250736",40,"o ii 12","gidubak[stylus]N","gi-dub-ba",0,"gidubak[stylus]N"
"P447996",42,"o iv 11","KID.da[twig]N","{ŋeš}KID-da",0,"KID.da[twig]N"
"P271911",101,"o ii 26","garig[comb]N siki[hair]N","ga-rig₂ siki",0,"garig[comb]N_siki[hair]N"
"P250364",65,"o iv 5","e[house]N ŋešrin[scales]N","{ŋeš}e₂ rin₂",0,"e[house]N_ŋešrin[scales]N"
"P459217",163,"r iii 20","guza[chair]N Magan[1]GN","{ŋeš}gu-za ma₂-gan-na",0,"guza[chair]N_Magan[1]GN"
"Q000039",406,"361","saŋkul[bolt]N margida[cart]N","{ŋeš}saŋ-kul mar-gid₂-da",0,"saŋkul[bolt]N_margida[cart]N"
"P253866",78,"o iii 11'","DUB[pole-pin]N |LAGAB×X|-x[NA]NA","{ŋeš}DUB |LAGAB×X|-x",0,"DUB[pole-pin]N_|LAGAB×X|-x[NA]NA"
"P447996",144,"r i 26","ligima[shoot]N ŋešnimbar[palm]N","{ŋeš}ligima ŋešnimbar",0,"ligima[shoot]N_ŋešnimbar[palm]N"
"P492330",6,"o i 4","ŋeš[tree]N gilim[cross]V/t","ŋeš gilim",0,"ŋeš[tree]N_gilim[cross]V/t"
"P346714",59,"r ii 27'","ŋušur[harrow]N sar[garden]N","{ŋeš}gana₂-ur₃ sar",0,"ŋušur[harrow]N_sar[garden]N"
"P271911",103,"o ii 28","garig[comb]N siki[hair]N diŋir[deity]N","ga-rig₂ siki diŋir",0,"garig[comb]N_siki[hair]N_diŋir[deity]N"
"P347814",190,"c i 46'","dur[board]N ab[window]N","{ŋeš}dur₂ ab",0,"dur[board]N_ab[window]N"
"Q000039",279,"243","emerah[jug]N x-x[NA]NA ga[milk]N","{ŋeš}emerah x-x ga",0,"emerah[jug]N_x-x[NA]NA_ga[milk]N"
"Q000039",556,"500","mitum[weapon]N","{ŋeš}mitum",0,"mitum[weapon]N"
"Q000001",155,"155","sila[lamb]N gaba[chest]N","sila₄ gaba",0,"sila[lamb]N_gaba[chest]N"
"P459217",27,"ii 3'","lamgal[nut]N","{ŋeš}lam-gal",0,"lamgal[nut]N"
"P347814",112,"b i 42'","namnutare[~irrigation]N","{ŋeš}nam-nu-tar-re",0,"namnutare[~irrigation]N"
"P332934",89,"o ii 6","manu[wood]N ah[dry]V/i","{ŋeš}ma-nu e₃",0,"manu[wood]N_ah[dry]V/i"
"P349171",3,"unknown","unknown","unknown",999,"unknown"
"P409466",5,"o 4","ma[ship]N Idlurugu[1]DN","{ŋeš}ma₂ {d}id₂-lu₂-gu₂-ru",0,"ma[ship]N_Idlurugu[1]DN"
"P347814",152,"c i 7'","x-bal[NA]NA","x-bal",0,"x-bal[NA]NA"
"P228105",4,"o i 2'","ašita[equipment]N","{ŋeš}a₂-šita₄",0,"ašita[equipment]N"
"P409466",3,"o 2","Magurnubzu[1]ON","{ŋeš}ma₂-{d}gur₈-nu-ub-zu",0,"Magurnubzu[1]ON"
"P459226",9,"o i 6'","ŋešgana[tree]N giggi[black]V/i","ŋeš-kin₂ giggi",0,"ŋešgana[tree]N_giggi[black]V/i"
"P346714",136,"r iv 16'","sa[net]N mah[great]V/i","{ŋeš}sa mah",0,"sa[net]N_mah[great]V/i"
"P271301",278,"r i 6","kag[mouth]N muš[snake]N guza[chair]N","{ŋeš}ka muš gu-za",0,"kag[mouth]N_muš[snake]N_guza[chair]N"
"P447996",16,"o iii 12'","tulubum[tree]N","{ŋeš}dili-bu",0,"tulubum[tree]N"
"P271911",609,"unknown","unknown","unknown",4,"unknown"
"P447996",89,"o v 14","nurma[pomegranate]N us[follow]V/t","{ŋeš}nu-ur₂-ma us₂",0,"nurma[pomegranate]N_us[follow]V/t"
"P437074",120,"b iii 6''","{ŋeš}x[NA]NA","{ŋeš}x",0,"{ŋeš}x[NA]NA"
"Q000039",646,"580","mar[shovel]N","{ŋeš}mar",0,"mar[shovel]N"
"P228196",17,"17","magur[barge]N","{ŋeš}ma₂-gur₈",0,"magur[barge]N"
"P271911",219,"o iii 59'","alšub[tool]N","al-u₃-šub",0,"alšub[tool]N"
"P332939",23,"o ii 1","šim[aromatics]N li[juniper]N","{ŋeš}šim li",0,"šim[aromatics]N_li[juniper]N"
"P370399",163,"o v 17'","madal[pole]N","{ŋeš}mudla(BU)",0,"madal[pole]N"
"P347814",268,"unknown","unknown","unknown",9,"unknown"
"P459217",90,"iv 12","{ŋeš}UR[NA]NA ŋešnimbar[palm]N","{ŋeš}UR ŋešnimbar",0,"{ŋeš}UR[NA]NA_ŋešnimbar[palm]N"
"Q000039",498,"446","apin[plow]N tugsaga[plow]N","{ŋeš}apin tug₂-saga₁₁",0,"apin[plow]N_tugsaga[plow]N"
"P250364",167,"unknown","unknown","unknown",999,"unknown"
"Q000039",603,"543","igiŋal[sign]N","{ŋeš}igi-ŋal₂",0,"igiŋal[sign]N"
"P447996",97,"o v 22","ŠU.KAL[tree]N","{ŋeš}|ŠU.KAL|",0,"ŠU.KAL[tree]N"
"P447996",108,"o v 33","ŋešnimbar[palm]N suhuš[offshoot]N","{ŋeš}ŋešnimbar suhušₓ(TUR)",0,"ŋešnimbar[palm]N_suhuš[offshoot]N"
"P459216",85,"iii 24","{ŋeš}x[NA]NA","{ŋeš}x",0,"{ŋeš}x[NA]NA"
"P370399",35,"o ii 8'","{ŋeš}GAM-x[NA]NA","{ŋeš}GAM-x",0,"{ŋeš}GAM-x[NA]NA"
"P388265",169,"r i 47","{ŋeš}BU[NA]NA","{ŋeš}BU",0,"{ŋeš}BU[NA]NA"
"Q000001",194,"194","gud[ox]N a₂-x-x[NA]NA","gud a₂-x-x",0,"gud[ox]N_a₂-x-x[NA]NA"
"P332934",242,"o iv 13'","anta[tree]N","{ŋeš}an-ta",0,"anta[tree]N"
"P271301",443,"r iv 24","tum[cross-beam]N gigir[chariot]N","{ŋeš}tum gigir",0,"tum[cross-beam]N_gigir[chariot]N"
"P332934",330,"r iii 33'","{ŋeš}us₂[NA]NA madu[~boat]N","{ŋeš}us₂ ma₂-du-uš",0,"{ŋeš}us₂[NA]NA_madu[~boat]N"
"P271771",31,"o iii 8","šurmen[cypress]N","{ŋeš}šu-ur₂-min₃",0,"šurmen[cypress]N"
"P247864",218,"o iv 29","balak[spindle]N","{ŋeš}balak",0,"balak[spindle]N"
"P459216",181,"r iv 13'","margida[cart]N Subir[1]GN","{ŋeš}mar-gid₂-da su-bir₄{ki}",0,"margida[cart]N_Subir[1]GN"
"P253866",86,"o iii 19'","ba[tool]N šab[cut]V/t","{ŋeš}ba šab",0,"ba[tool]N_šab[cut]V/t"
"P273880",544,"c iii 29","ŋešnimbar[palm]N lu₂.IM[criminal]N","{ŋeš}ŋešnimbar lu₂-IM",0,"ŋešnimbar[palm]N_lu₂.IM[criminal]N"
"P271301",64,"o ii 12","lamhal[nut]N","{ŋeš}lam-hal",0,"lamhal[nut]N"
"P273880",195,"b i 45'","barbar[shuttle]N","{ŋeš}bar-bar",0,"barbar[shuttle]N"
"P271911",336,"r i 24'","lubi[ax]N","{+la-ab}lub",0,"lubi[ax]N"
"P247864",267,"o v 15","niŋ[thing]N ya[five]NU giŋ[unit]N","{ŋeš}niŋ₂ ia₂ giŋ₄",0,"niŋ[thing]N_ya[five]NU_giŋ[unit]N"
"P347814",220,"c ii 26'","mar[shovel]N udun[kiln]N","{ŋeš}mar udun",0,"mar[shovel]N_udun[kiln]N"
"Q000001",4,"4","udu[sheep]N nita[male]N","udu nita₂",0,"udu[sheep]N_nita[male]N"
"P250364",52,"o iii 2'","{ŋeš}x[NA]NA","{ŋeš}x",0,"{ŋeš}x[NA]NA"
"P332934",251,"o iv 22'","arina[madder]N","{ŋeš}a-ri-na",0,"arina[madder]N"
"P388330",4,"o 3","hašhur[apple]N armanu[tree]N","{ŋeš}hašhur ar-wa-a-nu-um",0,"hašhur[apple]N_armanu[tree]N"
"P271301",152,"o iii 40","ŋešnimbar[palm]N sissig[green]V/i šeŋ[cook]V/t","{ŋeš}ŋešnimbar sig₇-sig₇ šeŋ₆",0,"ŋešnimbar[palm]N_sissig[green]V/i_šeŋ[cook]V/t"
"Q000039",403,"358","guza[chair]N margida[cart]N","{ŋeš}gu-za mar-gid₂-da",0,"guza[chair]N_margida[cart]N"
"Q000039",647,"581","maršu[spade]N","{ŋeš}mar-šu",0,"maršu[spade]N"
"Q000001",199,"199","gud[ox]N kun[tail]N","gud kun",0,"gud[ox]N_kun[tail]N"
"P271911",476,"r iii 15","tukul[weapon]N Damu[1]DN","tukul {d}da-mu",0,"tukul[weapon]N_Damu[1]DN"
"P271911",78,"o ii 7","il[basket]N siki[hair]N","il₂ siki",0,"il[basket]N_siki[hair]N"
"P388265",259,"r iii 46","x[NA]NA gigir[chariot]N","x gigir",0,"x[NA]NA_gigir[chariot]N"
"P447996",87,"o v 12","nurma[pomegranate]N gal[big]V/i","{ŋeš}nu-ur₂-ma gal",0,"nurma[pomegranate]N_gal[big]V/i"
"P271911",289,"unknown","unknown","unknown",1,"unknown"
"Q000001",266,"266","muš[snake]N ušumgal[dragon]N","muš ušumgal",0,"muš[snake]N_ušumgal[dragon]N"
"P247864",228,"o iv 39","barda[crossbar]N ig[door]N","{ŋeš}bar-da₃ ig",0,"barda[crossbar]N_ig[door]N"
"P347814",265,"d i 20'","dur[balk]N","{ŋeš}dur",0,"dur[balk]N"
"P437074",179,"c ii 12'","{ŋeš}x[NA]NA x[NA]NA","{ŋeš}x x",0,"{ŋeš}x[NA]NA_x[NA]NA"
"P273880",31,"a i 47'","{ŋeš}x-a-x-x[NA]NA","{ŋeš}x-a-x-x",0,"{ŋeš}x-a-x-x[NA]NA"
"Q000039",197,"163a","guza[chair]N munus[woman]N","{ŋeš}gu-za munus",0,"guza[chair]N_munus[woman]N"
"P249383",4,"o 2","e[house]N usan[whip]N la[hang]V/t gigir[chariot]N","{ŋeš}e₂ usan₃ la₂ gigir",0,"e[house]N_usan[whip]N_la[hang]V/t_gigir[chariot]N"
"P273880",697,"d ii 40'","{ŋeš}x[NA]NA","{ŋeš}x",0,"{ŋeš}x[NA]NA"
"P277271",9,"o 7'","x[NA]NA","x",0,"x[NA]NA"
"Q000001",437,"436","uzu[flesh]N šagmah[intestine]N","uzu šag₄-mah",0,"uzu[flesh]N_šagmah[intestine]N"
"P250736",226,"r ii 30","šaŋan[flask]N","{dug}šaŋan",0,"šaŋan[flask]N"
"P271771",118,"r ii 5'","{ŋeš}banšur-zag-gu-la[NA]NA","{ŋeš}banšur-zag-gu-la",0,"{ŋeš}banšur-zag-gu-la[NA]NA"
"P432448",10,"o 4'","halub[tree]N","{ŋeš}ha-lu-ub₂",0,"halub[tree]N"
"P250736",89,"o iii 23","gigur[container]N innu[straw]N","gi-gur in-nu-da",0,"gigur[container]N_innu[straw]N"
"P271911",390,"r ii 6","zabitum[lyre]N","za-bi-tum",0,"zabitum[lyre]N"
"Q000039",77,"60","tiʾarum[tree]N","{ŋeš}ti-a-ru-um",0,"tiʾarum[tree]N"
"P388265",282,"r iv 22","ig[door]N abula[gate]N","{ŋeš}ig abul",0,"ig[door]N_abula[gate]N"
"P247864",410,"o vii 29'","{ŋeš}x-za-ab[NA]NA","{ŋeš}x-za-ab",0,"{ŋeš}x-za-ab[NA]NA"
"P247864",12,"o i 9","šagkal[tree]N","{ŋeš}šag₄-kal",0,"šagkal[tree]N"
"P332934",18,"o i 14","ŋeš[tree]N gunu[speckled]V/i","ŋeš gun₃",0,"ŋeš[tree]N_gunu[speckled]V/i"
"P332934",118,"o ii 35","mes[tree]N Meluhha[1]GN","{ŋeš}mes me-luh-ha",0,"mes[tree]N_Meluhha[1]GN"
"Q000039",635,"569","agasilig[ax]N","{ŋeš}aga-silig",0,"agasilig[ax]N"
"P247864",75,"o ii 12","pakud[~tree]N ŋešnimbar[palm]N","{ŋeš}pa-kud ŋešnimbar",0,"pakud[~tree]N_ŋešnimbar[palm]N"
"P250736",170,"r i 24","gi[reed]N Udduru[1]MN ak[do]V/t","gi ud-du-ru ak",0,"gi[reed]N_Udduru[1]MN_ak[do]V/t"
"P447996",11,"o iii 7'","šenu[tree]N","{ŋeš}še-nu",0,"šenu[tree]N"
"P228105",16,"unknown","unknown","unknown",999,"unknown"
"P271301",245,"o v 18'","guza[chair]N munus[woman]N","{ŋeš}gu-za munus",0,"guza[chair]N_munus[woman]N"
"P332934",131,"o ii 48","girim[flower]N","{ŋeš}gi-rim",0,"girim[flower]N"
"P273880",427,"c i 32","{ŋeš}saŋ-x-x[NA]NA","{ŋeš}saŋ-x-x",0,"{ŋeš}saŋ-x-x[NA]NA"
"P271301",311,"r i 39","ŋešnud[bed]N Uri[Akkad]GN","ŋeš-nud uri-ma",0,"ŋešnud[bed]N_Uri[Akkad]GN"
"P228096",3,"unknown","unknown","unknown",1,"unknown"
"P346714",64,"r ii 32'","sa[sinew]N ŋušur[harrow]N","{ŋeš}sa gana₂-ur₃",0,"sa[sinew]N_ŋušur[harrow]N"
"P271301",193,"o iv 27","aʾan[spadix]N ŋešnimbar[palm]N","{ŋeš}an-na ŋešnimbar",0,"aʾan[spadix]N_ŋešnimbar[palm]N"
"P271301",140,"o iii 28","ŋešnimbar[palm]N banda[junior]V/i","{ŋeš}ŋešnimbar al-ban₃-da",0,"ŋešnimbar[palm]N_banda[junior]V/i"
"P271792",14,"r 11'","x-da[NA]NA","x-da",0,"x-da[NA]NA"
"P332934",386,"r iv 20'","gag[nail]N zara[pivot]N margida[cart]N","{ŋeš}gag za-ra mar-gid₂-da",0,"gag[nail]N_zara[pivot]N_margida[cart]N"
"Q000039",97,"77a","ŋešnimbar[palm]N gighab[disease]N","{ŋeš}ŋešnimbar gig-hab₂",0,"ŋešnimbar[palm]N_gighab[disease]N"
"P271911",501,"unknown","unknown","unknown",1,"unknown"
"P388265",317,"r v 2","{ŋeš}x[NA]NA ma[ship]N","{ŋeš}x ma₂",0,"{ŋeš}x[NA]NA_ma[ship]N"
"P273880",354,"b iv 17","{ŋeš}AN-x[NA]NA","{ŋeš}AN-x",0,"{ŋeš}AN-x[NA]NA"
"P459216",107,"r i 12'","saŋ[head]N guza[chair]N","{ŋeš}saŋ gu-za",0,"saŋ[head]N_guza[chair]N"
"P370399",194,"o vii 6'","magid[boat]N","{ŋeš}ma₂-gid₂-da",0,"magid[boat]N"
"P250364",100,"unknown","unknown","unknown",999,"unknown"
"Q000039",125,"102","peš[frond]N ŋešnimbar[palm]N","{ŋeš}peš ŋešnimbar",0,"peš[frond]N_ŋešnimbar[palm]N"
"P273880",411,"c i 14","tukul[weapon]N imin[seven]NU","{ŋeš}tukul {d}imin",0,"tukul[weapon]N_imin[seven]NU"
"P247864",284,"o v 32","{ŋeš}DA-x[NA]NA","{ŋeš}DA-x",0,"{ŋeš}DA-x[NA]NA"
"P432448",11,"o 5'","šagkal[tree]N","{ŋeš}šag₄-kal",0,"šagkal[tree]N"
"P388265",274,"r iv 14","buniŋ[trough]N kag[mouth]N","{ŋeš}buniŋ ka",0,"buniŋ[trough]N_kag[mouth]N"
"P437074",35,"b i 3'","x[NA]NA ŋešnimbar[palm]N","x ŋešnimbar",0,"x[NA]NA_ŋešnimbar[palm]N"
"P429503",70,"o iii 9","ligima[shoot]N","{ŋeš}ligimaₓ(|IGI.TUR|)",0,"ligima[shoot]N"
"Q000001",124,"124","uzud[goat]N gi[turn]V/i","uzud gi₄",0,"uzud[goat]N_gi[turn]V/i"
"P250736",264,"r iii 25","ban[unit]N","{dug}niŋ₂-{+ba-an}ban₂",0,"ban[unit]N"
"P247864",113,"o ii 50","{ŋeš}x[NA]NA x-ra[NA]NA","{ŋeš}x x-ra",0,"{ŋeš}x[NA]NA_x-ra[NA]NA"
"Q000039",44,"37","ildag[poplar]N šitan[water-channel]N","{ŋeš}ildag₂ šita₃",0,"ildag[poplar]N_šitan[water-channel]N"
"P388265",166,"r i 44","{ŋeš}BU[NA]NA","{ŋeš}BU",0,"{ŋeš}BU[NA]NA"
"P388265",46,"ii 29","ŋeštin[vine]N","{ŋeš}ŋeštin",0,"ŋeštin[vine]N"
"Q000039",397,"353a","{ŋeš}x[NA]NA gagsila[harness]N","{ŋeš}x gag-sal₄",0,"{ŋeš}x[NA]NA_gagsila[harness]N"
"P250364",92,"o v 13","sa[net]N harmušen[snare]N","{ŋeš}sa har-mušen-na",0,"sa[net]N_harmušen[snare]N"
"P447996",27,"o iii 23","ildag[poplar]N x[NA]NA","{ŋeš}ildag₂ x",0,"ildag[poplar]N_x[NA]NA"
"Q000039",350,"309","zag[side]N madu[~boat]N","{ŋeš}zag ma₂-du₃",0,"zag[side]N_madu[~boat]N"
"P429503",153,"r ii' 29'","{ŋeš}x-x[NA]NA umbin[wheel]N","{ŋeš}x-x umbin",0,"{ŋeš}x-x[NA]NA_umbin[wheel]N"
"P253233",27,"o ii 10","x-x[NA]NA","x-x",0,"x-x[NA]NA"
"P447996",2,"unknown","unknown","unknown",999,"unknown"
"P332934",70,"o i 14'","allanum[oak]N","{ŋeš}al-la-an",0,"allanum[oak]N"
"P273880",254,"b ii 47","ŋeš[tree]N ya[five]NU giŋ[unit]N","ŋeš ia₂ giŋ₄",0,"ŋeš[tree]N_ya[five]NU_giŋ[unit]N"
"P271301",21,"o i 18","ŋešgana[tree]N gunu[speckled]V/i","ŋeš-kin₂ gun₃",0,"ŋešgana[tree]N_gunu[speckled]V/i"
"P345549",3,"o 2","gag[nail]N umbin[wheel]N margida[cart]N","{ŋeš}gag umbin mar-gid₂-da",0,"gag[nail]N_umbin[wheel]N_margida[cart]N"
"P273880",615,"c iv 49","sugin[rot]N","{ŋeš}sugin",0,"sugin[rot]N"
"P271911",548,"r iv 16","ŋušur[beam]N","gu-šu-ur",0,"ŋušur[beam]N"
"Q000001",505,"501","uzu[flesh]N umbin[nail]N gud[ox]N","uzu umbin gud",0,"uzu[flesh]N_umbin[nail]N_gud[ox]N"
"Q000039",748,"677","dih[weed]N","{ŋeš}dih₃",0,"dih[weed]N"
"P346714",37,"r ii 05'","da[side-board]N apin[plow]N","{ŋeš}da apin",0,"da[side-board]N_apin[plow]N"
"P271771",8,"o ii 6","numun[seed]N usuh[tree]N","{ŋeš}numun u₃-suh₅",0,"numun[seed]N_usuh[tree]N"
"P459216",17,"i 15","peš[fig]N Mari[1]SN","{ŋeš}peš₃ ma₂-ri₂",0,"peš[fig]N_Mari[1]SN"
"P271911",222,"o iii 62'","ušub[brick-mold]N šeg[brick]N alura[baked]AJ","u₃-šub šeg₁₂ al-ur₃-ra",0,"ušub[brick-mold]N_šeg[brick]N_alura[baked]AJ"
"P247864",121,"o ii 58","gag[nail]N muš[snake]N apin[plow]N","{ŋeš}gag muš apin",0,"gag[nail]N_muš[snake]N_apin[plow]N"
"P235262",106,"d ii 11'","maš[~wheel]N umbin[wheel]N gagsila[harness]N","{ŋeš}maš₂ umbin gag-sal₄",0,"maš[~wheel]N_umbin[wheel]N_gagsila[harness]N"
"P459217",180,"unknown","unknown","unknown",4,"unknown"
"P388265",131,"r i 9","saŋ[head]N apin[plow]N","{ŋeš}saŋ apin",0,"saŋ[head]N_apin[plow]N"
"P346867",3,"3","{ŋeš}KAL[NA]NA","{ŋeš}KAL",0,"{ŋeš}KAL[NA]NA"
"Q000039",712,"643","ŋušur[beam]N limmu[four]NU","ŋeš-ur₂ limmu",0,"ŋušur[beam]N_limmu[four]NU"
"P271911",117,"o ii 39","sahargid[roller]N","suhur-gi-di₄",0,"sahargid[roller]N"
"Q000039",2,"2","esi[tree]N","{ŋeš}esi",0,"esi[tree]N"
"P273880",540,"c iii 25","ŋešnimbar[palm]N dud[mound]N kug[pure]V/i","{ŋeš}ŋešnimbar du₆ kug",0,"ŋešnimbar[palm]N_dud[mound]N_kug[pure]V/i"
"P247864",19,"o i 16","ŋešgana[tree]N sissig[green]V/i","ŋeš-kin₂ sig₇-sig₇",0,"ŋešgana[tree]N_sissig[green]V/i"
"P332930",33,"r 12","ma[ship]N 15[NA]NA gur[unit]N","{ŋeš}ma₂ 15 gur",0,"ma[ship]N_15[NA]NA_gur[unit]N"
"P250736",212,"r ii 16","kabduga[checked]N","{dug}kab-dug₄-ga",0,"kabduga[checked]N"
"P247864",173,"o iii 47","ŋušur[harrow]N NE[~reed]AJ du[all]V/i","{ŋeš}gana₂-ur₃ NE du₃",0,"ŋušur[harrow]N_NE[~reed]AJ_du[all]V/i"
"P370399",52,"o ii 25'","ŋešnud[bed]N","ŋeš-nud",0,"ŋešnud[bed]N"
"Q000039",768,"697","az[bear]N","{ŋeš}az",0,"az[bear]N"
"Q000001",17,"17","udu[sheep]N ad[crippled]V/i","udu ad₄",0,"udu[sheep]N_ad[crippled]V/i"
"Q000001",251,"251","anše[equid]N barag[sack]N la[hang]V/t","anše barag la₂",0,"anše[equid]N_barag[sack]N_la[hang]V/t"
"P271911",245,"o iv 16","dur[board]N bisaŋ[basket]N","dur₂ bisaŋ",0,"dur[board]N_bisaŋ[basket]N"
"P347814",29,"unknown","unknown","unknown",999,"unknown"
"P247864",452,"r i 12","ŋešnud[bed]N umbin[nail]N gud[ox]N","ŋeš-nud umbin gud",0,"ŋešnud[bed]N_umbin[nail]N_gud[ox]N"
"P250364",16,"o i 13","izzi[wall]N $GAM[NA]NA gigir[chariot]N","{ŋeš}i-zi $GAM gigir",0,"izzi[wall]N_$GAM[NA]NA_gigir[chariot]N"
"P347814",236,"c ii 42'","kul[handle]N zamin[lyre]N","{ŋeš}kul za₃-mi₂",0,"kul[handle]N_zamin[lyre]N"
"P271911",486,"r iii 24","lirum[strength]N","lirum",0,"lirum[strength]N"
"P273880",109,"a iii 48'","ig[door]N esir[bitumen]N šub[fall]V/t","{ŋeš}ig esir šub",0,"ig[door]N_esir[bitumen]N_šub[fall]V/t"
"P225006",6,"o i 3","zara[pivot]N ig[door]N","{ŋeš}za-ra ig",0,"zara[pivot]N_ig[door]N"
"P447996",83,"o v 8","hašhur[apple]N kurdilum[fruit-tree]N","{ŋeš}hašhur kur-di-lum",0,"hašhur[apple]N_kurdilum[fruit-tree]N"
"P271911",41,"o i 28'","saŋkul[bolt]N šulal[defiled]AJ","saŋ-kul šu-lal₂",0,"saŋkul[bolt]N_šulal[defiled]AJ"
"P253245",13,"o 9","šukara[tool]N","{ŋeš}šu-kara₂",0,"šukara[tool]N"
"Q000039",636,"570","aga[ax]N aʾašŋar[ax]N","{ŋeš}aga a₂-aš-ŋar",0,"aga[ax]N_aʾašŋar[ax]N"
"Q000001",328,"328","niŋziŋal[living-creature]N eden[back]N","niŋ₂-zi-ŋal₂ eden",0,"niŋziŋal[living-creature]N_eden[back]N"
"P447996",223,"r iii 24","bar[outside]V/t šag[heart]N ma[ship]N","{ŋeš}bar šag₄ ma₂",0,"bar[outside]V/t_šag[heart]N_ma[ship]N"
"P271911",543,"r iv 13","gibil[firewood]N","gibil₂",0,"gibil[firewood]N"
"P447996",102,"o v 27","{ŋeš}al-x-ma[NA]NA","{ŋeš}al-x-ma",0,"{ŋeš}al-x-ma[NA]NA"
"P492330",19,"o ii 2","tukul[weapon]N {ŋeš}bar-x[NA]NA","{ŋeš}tukul {ŋeš}bar-x",0,"tukul[weapon]N_{ŋeš}bar-x[NA]NA"
"P370399",36,"o ii 9'","{ŋeš}ŠU-x[NA]NA","{ŋeš}ŠU-x",0,"{ŋeš}ŠU-x[NA]NA"
"P273880",502,"c ii 47","ŋiškim[sign]N","{ŋeš}ŋiškim",0,"ŋiškim[sign]N"
"Q000039",735,"664","ŋeškur[tree]N","ŋeš-kur",0,"ŋeškur[tree]N"
"P447996",67,"o iv 36","ŋeštin[vine]N e[leave]V/i","{ŋeš}ŋeštin e₃",0,"ŋeštin[vine]N_e[leave]V/i"
"Q000039",204,"170","guza[chair]N kaskal[way]N","{ŋeš}gu-za kaskal",0,"guza[chair]N_kaskal[way]N"
"Q000039",104,"83","ama[mother]N ŋešnimbar[palm]N","{ŋeš}ama ŋešnimbar",0,"ama[mother]N_ŋešnimbar[palm]N"
"P273880",91,"a iii 29'","kadu[cover]N gigir[chariot]N","{ŋeš}ka-du₃ gigir",0,"kadu[cover]N_gigir[chariot]N"
"P447996",62,"o iv 31","ŋeštin[vine]N x-x-um[NA]NA","{ŋeš}ŋeštin x-x-um",0,"ŋeštin[vine]N_x-x-um[NA]NA"
"P388265",274,"r iv 14","buniŋ[trough]N kag[mouth]N","{ŋeš}buniŋ ka",0,"buniŋ[trough]N_kag[mouth]N"
"P271301",435,"r iv 16","{ŋeš}x-zi[NA]NA gigir[chariot]N","{ŋeš}x-zi gigir",0,"{ŋeš}x-zi[NA]NA_gigir[chariot]N"
"Q000039",6,"6","ŋešgana[tree]N","ŋeš-kin₂",0,"ŋešgana[tree]N"
"Q000001",496,"492","uzu[flesh]N uš[membrane]N","uzu |E₂×SAL|",0,"uzu[flesh]N_uš[membrane]N"
"P332934",208,"o iii 44","mud[stump]N peš[thick]V/i ŋešnimbar[palm]N","{ŋeš}mud peš ŋešnimbar",0,"mud[stump]N_peš[thick]V/i_ŋešnimbar[palm]N"
"P271301",297,"r i 25","ŋirigub[footstool]N lammar[deity]N","{ŋeš}ŋiri₃-gub {d}lamma",0,"ŋirigub[footstool]N_lammar[deity]N"
"P250736",305,"r iv 23","šeg[brick]N zid[right]V/i","šeg₁₂ zid",0,"šeg[brick]N_zid[right]V/i"
"Q000039",244,"208","šuʾa[stool]N tibira[sculptor]N","{ŋeš}šu₂-a tibira",0,"šuʾa[stool]N_tibira[sculptor]N"
"P250736",157,"r i 11","hal[basket]N","{gi}hal",0,"hal[basket]N"
"P347814",124,"b ii 8'","{ŋeš}šu-x[NA]NA","{ŋeš}šu-x",0,"{ŋeš}šu-x[NA]NA"
"P271911",485,"r iii 23","lirum[strength]N","lirum",0,"lirum[strength]N"
"Q000039",184,"153","ba[tool]N amar[young]N","{ŋeš}ba amar",0,"ba[tool]N_amar[young]N"
"P229426",8,"o 7","halba[frost]N ha-al-bi-a[NA]NA |LAL₂.GIŠGAL|[NA]NA","halba₅ ha-al-bi-a |LAL₂.GIŠGAL|",0,"halba[frost]N_ha-al-bi-a[NA]NA_|LAL₂.GIŠGAL|[NA]NA"
"Q000001",404,"403","uzu[flesh]N saŋdu[head]N","uzu saŋ-du",0,"uzu[flesh]N_saŋdu[head]N"
"P332934",194,"o iii 30","ŋešnimbar[palm]N ana[upper]AJ","{ŋeš}ŋešnimbar an-na",0,"ŋešnimbar[palm]N_ana[upper]AJ"
"P437074",82,"b ii 6''","ŋešnaruak[~stele]N","ŋeš-na-ru₂-a",0,"ŋešnaruak[~stele]N"
"P273880",15,"a i 11'","x-x[NA]NA","x-x",0,"x-x[NA]NA"
"P332934",137,"o ii 54","tiʾarum[tree]N","{ŋeš}ti-ia-lum",0,"tiʾarum[tree]N"
"P229426",3,"o 2","usur[suspend]V/t su-ru[NA]NA LA₂[NA]NA","sur₅ su-ru LA₂",0,"usur[suspend]V/t_su-ru[NA]NA_LA₂[NA]NA"
"P492330",9,"o i 7","ŋeš[tree]N šuš[cut]V/t","ŋeš šu₄",0,"ŋeš[tree]N_šuš[cut]V/t"
"P250364",35,"o ii 10","DUB.du₃[~vehicle]N ašag[field]N","{ŋeš}kišib₃-du₁₀ a-šag₄",0,"DUB.du₃[~vehicle]N_ašag[field]N"
"Q000001",503,"499","uzu[flesh]N šir[testicle]N","uzu šir",0,"uzu[flesh]N_šir[testicle]N"
"P247864",434,"o vii 53'","guza[chair]N malah[sailor]N","{ŋeš}gu-za ma-lah₄",0,"guza[chair]N_malah[sailor]N"
"Q000039",266,"230","dilimgal[dish]N","{ŋeš}dilim₂-gal",0,"dilimgal[dish]N"
"P271911",100,"o ii 25","garig[comb]N tur[small]V/i","ga-rig₂ tur",0,"garig[comb]N_tur[small]V/i"
"P388265",289,"r iv 29","nukušu[~door]N","{ŋeš}nu-kuš₂",0,"nukušu[~door]N"
"P459216",36,"ii 4","manu[wood]N","{ŋeš}ma-nu",0,"manu[wood]N"
"P347814",79,"b i 4'","{ŋeš}x[NA]NA apin[plow]N","{ŋeš}x apin",0,"{ŋeš}x[NA]NA_apin[plow]N"
"P273880",464,"c ii 8","si[horn]N ma[ship]N","{ŋeš}si ma₂",0,"si[horn]N_ma[ship]N"
"P459217",100,"iv 22","pešmur[~palm]N ŋešnimbar[palm]N","{ŋeš}peš-murgu ŋešnimbar",0,"pešmur[~palm]N_ŋešnimbar[palm]N"
"P346714",28,"r i 32'","manhara[vessel]N margida[cart]N","{ŋeš}ma-an-hara₄ mar-gid₂-da",0,"manhara[vessel]N_margida[cart]N"
"P228196",8,"8","ganum[stand]N tur[small]V/i","{ŋeš}gan-nu tur",0,"ganum[stand]N_tur[small]V/i"
"P271301",196,"o iv 30","tubala[harness]N ŋešnimbar[palm]N","{ŋeš}tubaₓ(EŠ₂)-la₂ ŋešnimbar",0,"tubala[harness]N_ŋešnimbar[palm]N"
"Q000001",249,"249","anše[equid]N guza[chair]N","anše {ŋeš}gu-za",0,"anše[equid]N_guza[chair]N"
"P272243",43,"r ii 9","x[NA]NA","x",0,"x[NA]NA"
"P247864",249,"o iv 60","illar[weapon]N eban[pair]N","{ŋeš}illar e₂-ba",0,"illar[weapon]N_eban[pair]N"
"Q000001",25,"25","udu[sheep]N urbara[wolf]N gu[eat]V/t","udu ur-bar-ra gu₇",0,"udu[sheep]N_urbara[wolf]N_gu[eat]V/t"
"P271771",57,"o iv 13","gag[nail]N zena[midrib]N ŋešnimbar[palm]N","{ŋeš}gag zi-na ŋešnimbar",0,"gag[nail]N_zena[midrib]N_ŋešnimbar[palm]N"
"P273880",429,"c i 34","guru[store]N","{ŋeš}guru₇",0,"guru[store]N"
"P347814",279,"d ii 7'","alan[statue]N x[NA]NA","{ŋeš}alam x",0,"alan[statue]N_x[NA]NA"
"P370399",85,"o iii 24'","kaŋeškarak[table]N x[NA]NA","{ŋeš}ka-ŋeš-kara₄ x",0,"kaŋeškarak[table]N_x[NA]NA"
"P347814",25,"a i 40'","x-DU-DU[NA]NA","x-DU-DU",0,"x-DU-DU[NA]NA"
"Q000001",34,"34","udu[sheep]N ur[roof]N","udu ur₃",0,"udu[sheep]N_ur[roof]N"
"P271519",4,"unknown","unknown","unknown",999,"unknown"
"P447996",24,"o iii 20","ildag[poplar]N kur[mountain]N","{ŋeš}ildag₂ kur",0,"ildag[poplar]N_kur[mountain]N"
"P253866",70,"o iii 3'","niŋurlimmu[creature]N","{ŋeš}niŋ₂-ur₂-limmu₂",0,"niŋurlimmu[creature]N"
"Q000001",492,"488","uzu[flesh]N sa[sinew]N tah[add]V/t","uzu sa tah",0,"uzu[flesh]N_sa[sinew]N_tah[add]V/t"
"Q000001",66,"66","udu[sheep]N a[water]N ak[do]V/t","udu a ak",0,"udu[sheep]N_a[water]N_ak[do]V/t"
"P370399",31,"o ii 3'","x-SU[NA]NA","x-SU",0,"x-SU[NA]NA"
"P447996",208,"r iii 9","x-du₃[NA]NA","x-du₃",0,"x-du₃[NA]NA"
"P247864",443,"r i 3","ŋešnud[bed]N","ŋeš-nud",0,"ŋešnud[bed]N"
"P388265",205,"r ii 32","niŋ[thing]N 1/2(diš)[NA]NA sila[unit]N","{ŋeš}niŋ₂ 1/2(diš) sila₃",0,"niŋ[thing]N_1/2(diš)[NA]NA_sila[unit]N"
"P250364",46,"o ii 21","gag[nail]N saŋ[head]N apin[plow]N","{ŋeš}gag saŋ apin",0,"gag[nail]N_saŋ[head]N_apin[plow]N"
"Q000001",295,"295","az[bear]N","az",0,"az[bear]N"
"P347814",229,"c ii 35'","alŋar[instrument]N","{ŋeš}al-ŋar",0,"alŋar[instrument]N"
"P271320",56,"r ii' 5'","sudin[~chariot]N margida[cart]N","{ŋeš}su-din mar-gid₂-da",0,"sudin[~chariot]N_margida[cart]N"
"P271911",527,"r iii 55","arganum[conifer]N","ar-ga-an-nu-um",0,"arganum[conifer]N"
"P225126",4,"unknown","unknown","unknown",2,"unknown"
"P388265",230,"r iii 9","guza[chair]N kadu[cover]N","{ŋeš}gu-za ka-du₃",0,"guza[chair]N_kadu[cover]N"
"P271301",151,"o iii 39","ŋešnimbar[palm]N sissig[green]V/i","{ŋeš}ŋešnimbar sig₇-sig₇",0,"ŋešnimbar[palm]N_sissig[green]V/i"
"P250736",79,"o iii 13","gigur[container]N še[barley]N amuš[unmng]N","gi-gur še a-muš",0,"gigur[container]N_še[barley]N_amuš[unmng]N"
"P347814",37,"a ii 8'","{ŋeš}x[NA]NA","{ŋeš}x",0,"{ŋeš}x[NA]NA"
"P229426",8,"o 7","halba[frost]N ha-al-bi-a[NA]NA |LAL₂.GIŠGAL|[NA]NA","halba₅ ha-al-bi-a |LAL₂.GIŠGAL|",0,"halba[frost]N_ha-al-bi-a[NA]NA_|LAL₂.GIŠGAL|[NA]NA"
"Q000039",663,"597","balaŋ[instrument]N","{ŋeš}balaŋ",0,"balaŋ[instrument]N"
"Q000039",463,"414","niŋzu[~loom]N","{ŋeš}niŋ₂-zu",0,"niŋzu[~loom]N"
"P271792",12,"unknown","unknown","unknown",8,"unknown"
"P224996",4,"o i 1","guza[chair]N","{ŋeš}gu-za",0,"guza[chair]N"
"P429503",39,"o ii 8","ildag[poplar]N kur[mountain]N","{ŋeš}ildag₂ kur",0,"ildag[poplar]N_kur[mountain]N"
"P332934",40,"o i 36","hašhur[apple]N kur[mountain]N","{ŋeš}hašhur kur",0,"hašhur[apple]N_kur[mountain]N"
"P250736",306,"r iv 24","šeg[brick]N zid[right]V/i dalbana[space]N","šeg₁₂ zid dal-ba-na",0,"šeg[brick]N_zid[right]V/i_dalbana[space]N"
"P253245",11,"o 7","{ŋeš}AMA[NA]NA","{ŋeš}AMA",0,"{ŋeš}AMA[NA]NA"
"P332934",298,"r iii 1'","ma[ship]N x[NA]NA x[NA]NA","{ŋeš}ma₂ x x",0,"ma[ship]N_x[NA]NA_x[NA]NA"
"P253228",26,"o ii 7","al[hoe]N zu[tooth]N diš[one]NU","{ŋeš}al zu₂ diš",0,"al[hoe]N_zu[tooth]N_diš[one]NU"
"P250736",123,"o iv 16","masab[basket]N šu[hand]N","{gi}ma-sa₂-ab šu",0,"masab[basket]N_šu[hand]N"
"Q000039",310,"273","ma[ship]N šu[hand]N gi[turn]V/i","{ŋeš}ma₂ šu gi₄",0,"ma[ship]N_šu[hand]N_gi[turn]V/i"
"P271911",599,"r iv 54","x[NA]NA","x",0,"x[NA]NA"
"Q000001",110,"110","u[ewe]N utud[bear]V/t","u₈ u₃-tud",0,"u[ewe]N_utud[bear]V/t"
"P247864",239,"o iv 50","ig[door]N šu[hand]N du[suitable]V/i","{ŋeš}ig šu du₇",0,"ig[door]N_šu[hand]N_du[suitable]V/i"
"P347814",201,"c ii 7","ŋeš[tree]N ba-an-x[NA]NA","ŋeš ba-an-x",0,"ŋeš[tree]N_ba-an-x[NA]NA"
"P459216",123,"r ii 8'","umbin[base]N banšur[table]N","{ŋeš}umbin banšur",0,"umbin[base]N_banšur[table]N"
"Q000039",82,"64a","ŋeš[tree]N gibil[sprout]N","ŋeš gibil",0,"ŋeš[tree]N_gibil[sprout]N"
"P250361",3,"o 1'","saŋ[head]N ŋešnud[bed]N","{ŋeš}saŋ nud",0,"saŋ[head]N_ŋešnud[bed]N"
"Q000001",307,"307","lulim[stag]N","lu-lim",0,"lulim[stag]N"
"P247864",167,"o iii 41","zu[tooth]N ŋušur[harrow]N","{ŋeš}zu₂ gana₂-ur₃",0,"zu[tooth]N_ŋušur[harrow]N"
"Q000039",207,"173","guza[chair]N namen[priesthood]N","{ŋeš}gu-za nam-en",0,"guza[chair]N_namen[priesthood]N"
"P225062",6,"o i 3","tiʾarum[tree]N","{ŋeš}ti-ia-lum",0,"tiʾarum[tree]N"
"P247864",228,"o iv 39","barda[crossbar]N ig[door]N","{ŋeš}bar-da₃ ig",0,"barda[crossbar]N_ig[door]N"
"P332934",130,"o ii 47","girizum[tree]N","{ŋeš}gi-ri-zum",0,"girizum[tree]N"
"P271301",340,"r ii 24","buniŋ[trough]N","{ŋeš}buniŋ₂",0,"buniŋ[trough]N"
"P271301",78,"o ii 26","manu[wood]N ah[dry]V/i","{ŋeš}ma-nu e₃",0,"manu[wood]N_ah[dry]V/i"
"P247864",424,"o vii 43'","guza[chair]N gid[drag]V/t ussu[eight]NU kuš[skin]N","{ŋeš}gu-za gid₂ ussu kuš",0,"guza[chair]N_gid[drag]V/t_ussu[eight]NU_kuš[skin]N"
"P250736",300,"r iv 18","šeg[brick]N","šeg₁₂",0,"šeg[brick]N"
"P235262",70,"d i 13'","ma[ship]N ninnu[fifty]NU gur[unit]N","{ŋeš}ma₂ ninnu gur",0,"ma[ship]N_ninnu[fifty]NU_gur[unit]N"
"Q000039",272,"236","umbin[base]N banšur[table]N","{ŋeš}umbin banšur",0,"umbin[base]N_banšur[table]N"
"Q000001",169,"169","kir[lamb]N dili[single]V/i ur[pluck]V/t","kir₁₁ dili ur₄",0,"kir[lamb]N_dili[single]V/i_ur[pluck]V/t"
"P388265",86,"iv 3","numun[seed]N asal[poplar]N","{ŋeš}numun asal₂",0,"numun[seed]N_asal[poplar]N"
"P273880",473,"c ii 17","ma[ship]N gal[big]V/i","{ŋeš}ma₂ gu-la",0,"ma[ship]N_gal[big]V/i"
"P346714",8,"r i 04'","gag[nail]N mud[tube]N gigir[chariot]N","{ŋeš}gag mud gigir",0,"gag[nail]N_mud[tube]N_gigir[chariot]N"
"P229426",2,"o 1","la[hang]V/t la-a[NA]NA LA₂[NA]NA","la₂ la-a LA₂",0,"la[hang]V/t_la-a[NA]NA_LA₂[NA]NA"
"P429503",111,"r i' 15'","buniŋ[trough]N x[NA]NA","{ŋeš}buniŋ x",0,"buniŋ[trough]N_x[NA]NA"
"P388265",108,"iv 25","mud[stump]N ŋešnimbar[palm]N","{ŋeš}mud ŋešnimbar",0,"mud[stump]N_ŋešnimbar[palm]N"
"Q000039",446,"397","nukušu[~door]N kita[lower]AJ","{ŋeš}nu-kuš₂-u₃ ki-ta",0,"nukušu[~door]N_kita[lower]AJ"
"P273880",453,"c i 58","{ŋeš}UŠ[NA]NA gimuš[pole]N","{ŋeš}UŠ gi-muš",0,"{ŋeš}UŠ[NA]NA_gimuš[pole]N"
"P271911",29,"o i 20'","x[NA]NA","x",0,"x[NA]NA"
"P253866",101,"r i 4","illar[weapon]N šub[fall]V/t","{ŋeš}illar šub",0,"illar[weapon]N_šub[fall]V/t"
"P437074",104,"b iii 8'","guza[chair]N na[NA]NA mes[NA]NA","{ŋeš}gu-za na mes",0,"guza[chair]N_na[NA]NA_mes[NA]NA"
"P388265",364,"unknown","unknown","unknown",4,"unknown"
"P271911",421,"r ii 29","x[NA]NA","x",0,"x[NA]NA"
"P459217",15,"i 14'","hašhur[apple]N šeʾeštub[barley]N","{ŋeš}hašhur eštub",0,"hašhur[apple]N_šeʾeštub[barley]N"
"P447996",74,"o iv 43","peš[fig]N babbar[white]V/i","{ŋeš}peš₃ babbar",0,"peš[fig]N_babbar[white]V/i"
"P273880",483,"c ii 27","ma[ship]N ŋeš[sixty]NU gur[unit]N","{ŋeš}ma₂ ŋeš₂ gur",0,"ma[ship]N_ŋeš[sixty]NU_gur[unit]N"
"P271301",65,"o ii 13","allanum[oak]N","{ŋeš}al-la-nu-um",0,"allanum[oak]N"
"P250736",63,"o ii 37","kid[mat]N sah[mat]N","{gi}kid sah",0,"kid[mat]N_sah[mat]N"
"P347814",26,"a i 41'","x-dag-si[NA]NA","x-dag-si",0,"x-dag-si[NA]NA"
"P271301",372,"r iii 5","magid[boat]N","{ŋeš}ma₂-gid₂-da",0,"magid[boat]N"
"Q000001",130,"130","uzud[goat]N ŋeš[penis]N zu[know]V/t","uzud ŋeš₃ zu",0,"uzud[goat]N_ŋeš[penis]N_zu[know]V/t"
"P271301",83,"o ii 31","manu[wood]N a[water]N lu[mix]V/t ŋeš[tree]N ak[do]V/t","{ŋeš}ma-nu a lu₃ ŋeš ak",0,"manu[wood]N_a[water]N_lu[mix]V/t_ŋeš[tree]N_ak[do]V/t"
"X100003",5,"o 4","halub[tree]N","{ŋeš}ha-lu-ub₂",0,"halub[tree]N"
"P273880",491,"c ii 35","Madurahabzu[1]ON","{ŋeš}ma₂-da-abzu",0,"Madurahabzu[1]ON"
"P250736",314,"r iv 32","sahar.HUB₂[dust-heap]N","sahar-HUB₂",0,"sahar.HUB₂[dust-heap]N"
"P271911",92,"o ii 18","balak[spindle]N gal[big]V/i","balak gal",0,"balak[spindle]N_gal[big]V/i"
"P271911",471,"unknown","unknown","unknown",3,"unknown"
"P271301",172,"o iv 6","{ŋeš}zi-x[NA]NA","{ŋeš}zi-x",0,"{ŋeš}zi-x[NA]NA"
"P247864",197,"o iv 8","gigir[chariot]N HUB-ba[NA]NA","{ŋeš}gigir HUB-ba",0,"gigir[chariot]N_HUB-ba[NA]NA"
"Q000039",633,"567","aga[ax]N","{ŋeš}aga",0,"aga[ax]N"
"P447996",182,"r ii 19","Mašaghula[1]ON","{ŋeš}ma₂-šag₄-hul₂-la",0,"Mašaghula[1]ON"
"P447996",178,"r ii 15","Makarnuntaʾea[1]ON e[leave]V/i","{ŋeš}ma₂-kar-mah-ta-e₃-a e₃",0,"Makarnuntaʾea[1]ON_e[leave]V/i"
"Q000039",281,"245","murzanum[wooden-object]N","{ŋeš}muru₅-za-nu-um",0,"murzanum[wooden-object]N"
"P347814",93,"b i 18'","{ŋeš}x-KA[NA]NA apin[plow]N","{ŋeš}x-KA apin",0,"{ŋeš}x-KA[NA]NA_apin[plow]N"
"P250736",129,"o iv 22","dur[ax]N tab[double]V/t","{gi}dur₁₀ tab",0,"dur[ax]N_tab[double]V/t"
"P332934",338,"r iii 41'","{ŋeš}x[NA]NA","{ŋeš}x",0,"{ŋeš}x[NA]NA"
"P253245",8,"o 4","hedu[ornament]N kan[gate]N","{ŋeš}he₂-du₇ kan₄",0,"hedu[ornament]N_kan[gate]N"
"P253874",5,"o 2","mud[tube]N gigir[chariot]N","{ŋeš}mud₂ gigir",0,"mud[tube]N_gigir[chariot]N"
"P459216",146,"r iii 13'","{ŋeš}gu₂-AB[NA]NA ma[ship]N","{ŋeš}gu₂-AB ma₂",0,"{ŋeš}gu₂-AB[NA]NA_ma[ship]N"
"P271301",421,"r iv 2","gigir[chariot]N mah[great]V/i","{ŋeš}gigir mah",0,"gigir[chariot]N_mah[great]V/i"
"P303955",3,"o 1","tubala[harness]N ŋešnimbar[palm]N","{ŋeš}tubaₓ(TUG₂) ŋešnimbar",0,"tubala[harness]N_ŋešnimbar[palm]N"
"P253228",96,"r iii 13'","šagkal[tree]N","{ŋeš}šag₄-kal",0,"šagkal[tree]N"
"Q000039",97,"77a","ŋešnimbar[palm]N gighab[disease]N","{ŋeš}ŋešnimbar gig-hab₂",0,"ŋešnimbar[palm]N_gighab[disease]N"
"P429503",4,"o i 1","taškarin[boxwood]N","{ŋeš}taškarin",0,"taškarin[boxwood]N"
"Q000039",84,"66","ŋešnimbar[palm]N suhuš[offshoot]N","{ŋeš}ŋešnimbar suhušₓ(TUR)",0,"ŋešnimbar[palm]N_suhuš[offshoot]N"
"Q000001",476,"473","uzu[flesh]N nikid[~food]N","uzu ni₂-kid₂",0,"uzu[flesh]N_nikid[~food]N"
"P253233",65,"r ii 15'","ŋeštinkaʾa[grape]N","{ŋeš}ŋeštin-ka₅-a",0,"ŋeštinkaʾa[grape]N"
"Q000001",332,"332","eh[insect]N","eh",0,"eh[insect]N"
"P332934",198,"o iii 34","andul[shade]N gilim-la₂[NA]NA ŋešnimbar[palm]N","{ŋeš}an-dul gilim-la₂ ŋešnimbar",0,"andul[shade]N_gilim-la₂[NA]NA_ŋešnimbar[palm]N"
"P332934",261,"o iv 32'","mašdara[inscription]N","{ŋeš}maš-dara₃",0,"mašdara[inscription]N"
"P271519",4,"unknown","unknown","unknown",999,"unknown"
"P271301",432,"r iv 13","{ŋeš}x[NA]NA x[NA]NA gigir[chariot]N","{ŋeš}x x gigir",0,"{ŋeš}x[NA]NA_x[NA]NA_gigir[chariot]N"
"P332934",296,"unknown","unknown","unknown",999,"unknown"
"P459217",93,"iv 15","mud[stump]N ŋešnimbar[palm]N","{ŋeš}mud ŋešnimbar",0,"mud[stump]N_ŋešnimbar[palm]N"
"Q000039",219,"185","guza[chair]N unkin[assembly]N","{ŋeš}gu-za unkin",0,"guza[chair]N_unkin[assembly]N"
"P429503",166,"r iii' 9'","margida[cart]N Martu[1]GN","{ŋeš}mar-gid₂-da mar-tu{ki}",0,"margida[cart]N_Martu[1]GN"
"P429503",32,"o ii 1","šennur[plum]N kur[mountain]N","{ŋeš}šennur kur",0,"šennur[plum]N_kur[mountain]N"
"P229426",6,"o 5","niŋin[district]N ni-mi-en[NA]NA |LAL₂.LAGAB|[NA]NA","niŋin₅ ni-mi-en |LAL₂.LAGAB|",0,"niŋin[district]N_ni-mi-en[NA]NA_|LAL₂.LAGAB|[NA]NA"
"Q000001",156,"156","sila[lamb]N gabaria[offering]N","sila₄ gaba-ri-a",0,"sila[lamb]N_gabaria[offering]N"
"Q000001",325,"325","niŋki[herd]N","niŋ₂-ki",0,"niŋki[herd]N"
"P250363",8,"o 7'","ig[door]N AN-AN[NA]NA e[house]N","{ŋeš}ig AN-AN e₂",0,"ig[door]N_AN-AN[NA]NA_e[house]N"
"P388265",339,"r v 24","ušub[brick-mold]N","{ŋeš}u₃-šub",0,"ušub[brick-mold]N"
"P271301",379,"r iii 12","ma[ship]N dim[post]N dug[speak]V/t","{ŋeš}ma₂ dim₃ dug₄",0,"ma[ship]N_dim[post]N_dug[speak]V/t"
"P388265",168,"r i 46","SUD[post-or-stake?]N","{ŋeš}SUD",0,"SUD[post-or-stake?]N"
"P332934",360,"r iv 17","gag[nail]N si[horn]N gigir[chariot]N","{ŋeš}gag si gigir",0,"gag[nail]N_si[horn]N_gigir[chariot]N"
"Q000039",46,"39","ŋešaʾabak[tree]N","ŋeš-ab-ba",0,"ŋešaʾabak[tree]N"
"P332934",340,"r iii 43'","{ŋeš}x[NA]NA","{ŋeš}x",0,"{ŋeš}x[NA]NA"
"Q000039",555,"499","tukul[weapon]N kun[tail]N","{ŋeš}tukul kun",0,"tukul[weapon]N_kun[tail]N"
"P346714",70,"r ii 38'","niŋzu[~loom]N","{ŋeš}niŋ₂-zu",0,"niŋzu[~loom]N"
"P370399",156,"o v 10'","ellag[ball]N","{ŋeš}ellag",0,"ellag[ball]N"
"Q000001",423,"422","uzu[flesh]N sila[cut]N zag[side]N udu[sheep]N","uzu sila₃ zag udu",0,"uzu[flesh]N_sila[cut]N_zag[side]N_udu[sheep]N"
"P332930",18,"b.e. 2","ma[ship]N kud[cut]V/t","{ŋeš}ma₂ kud",0,"ma[ship]N_kud[cut]V/t"
"P271301",151,"o iii 39","ŋešnimbar[palm]N sissig[green]V/i","{ŋeš}ŋešnimbar sig₇-sig₇",0,"ŋešnimbar[palm]N_sissig[green]V/i"
"Q000039",326,"288","Maʾana[1]ON","{ŋeš}ma₂-an-na",0,"Maʾana[1]ON"
"P251686",6,"o 3","guza[chair]N zag[side]N us[follow]V/t","{ŋeš}gu-za zag us₂",0,"guza[chair]N_zag[side]N_us[follow]V/t"
"P447996",135,"r i 17","pešbandazi[offshoot]N ŋešnimbar[palm]N","{ŋeš}peš-banda₃-zi ŋešnimbar",0,"pešbandazi[offshoot]N_ŋešnimbar[palm]N"
"P247864",433,"o vii 52'","guza[chair]N ma₂-gan-na[NA]NA","{ŋeš}gu-za ma₂-gan-na",0,"guza[chair]N_ma₂-gan-na[NA]NA"
"X100003",11,"o 10","{ŋeš}bar-ŋeš[NA]NA gunu[speckled]V/i","{ŋeš}bar-ŋeš gun₃",0,"{ŋeš}bar-ŋeš[NA]NA_gunu[speckled]V/i"
"P437074",72,"b ii 15'","{ŋeš}x-x-x[NA]NA","{ŋeš}x-x-x",0,"{ŋeš}x-x-x[NA]NA"
"P459230",4,"o 3","e[house]N ma[ship]N","{ŋeš}e₂ ma₂",0,"e[house]N_ma[ship]N"
"P332934",199,"o iii 35","šag[heart]N ŋešnimbar[palm]N","{ŋeš}šag₄ ŋešnimbar",0,"šag[heart]N_ŋešnimbar[palm]N"
"P247864",165,"o iii 39","margida[cart]N šu[hand]N du[suitable]V/i","{ŋeš}mar-gid₂-da šu du₇",0,"margida[cart]N_šu[hand]N_du[suitable]V/i"
"P250736",74,"o iii 8","kid[mat]N esir[bitumen]N šub[fall]V/t","{gi}kid esir šub",0,"kid[mat]N_esir[bitumen]N_šub[fall]V/t"
"P370399",194,"o vii 6'","magid[boat]N","{ŋeš}ma₂-gid₂-da",0,"magid[boat]N"
"P247864",12,"o i 9","šagkal[tree]N","{ŋeš}šag₄-kal",0,"šagkal[tree]N"
"P247864",205,"o iv 16","ušub[brick-mold]N","{ŋeš}u₃-šub",0,"ušub[brick-mold]N"
"P225023",5,"o i 2","emerah[jug]N x[NA]NA","{ŋeš}emerah x",0,"emerah[jug]N_x[NA]NA"
"P447996",24,"o iii 20","ildag[poplar]N kur[mountain]N","{ŋeš}ildag₂ kur",0,"ildag[poplar]N_kur[mountain]N"
"P271911",86,"o ii 14","x[NA]NA","x",0,"x[NA]NA"
"P332934",265,"unknown","unknown","unknown",999,"unknown"
"P271301",439,"r iv 20","sudin[~chariot]N gigir[chariot]N","{ŋeš}su-din gigir",0,"sudin[~chariot]N_gigir[chariot]N"
"P253866",112,"r i 15","magur[barge]N","{ŋeš}ma₂-gur₈",0,"magur[barge]N"
"P459226",9,"o i 6'","ŋešgana[tree]N giggi[black]V/i","ŋeš-kin₂ giggi",0,"ŋešgana[tree]N_giggi[black]V/i"
"X100003",30,"r 14","peš[fig]N Martu[1]GN","{ŋeš}peš₃ mar-tu{ki}",0,"peš[fig]N_Martu[1]GN"
"P459217",62,"iii 12","tiʾarum[tree]N","{ŋeš}ti-ia-ar",0,"tiʾarum[tree]N"
"P253230",23,"o ii 1","apin[plow]N šu[hand]N","{ŋeš}apin šu",0,"apin[plow]N_šu[hand]N"
"P273880",447,"c i 52","{ŋeš}x[NA]NA gu[eat]V/t","{ŋeš}x gu₇",0,"{ŋeš}x[NA]NA_gu[eat]V/t"
"Q000001",198,"198","gud[ox]N dumu[child]N {d}utu[NA]NA","gud dumu {d}utu",0,"gud[ox]N_dumu[child]N_{d}utu[NA]NA"
"P253866",76,"o iii 9'","u[sleep]N ku[place]V/t","{ŋeš}u₃ ku",0,"u[sleep]N_ku[place]V/t"
"P273880",198,"b i 48'","bulug[needle]N","{ŋeš}bulug",0,"bulug[needle]N"
"P250364",80,"o v 1","x[NA]NA","x",0,"x[NA]NA"
"P271301",260,"o v 33'","guza[chair]N niŋ₂-un-na[NA]NA","{ŋeš}gu-za niŋ₂-un-na",0,"guza[chair]N_niŋ₂-un-na[NA]NA"
"P271301",9,"o i 6","esi[tree]N Tukriš[1]GN","{ŋeš}esi tu-uk-ri-iš{ki}",0,"esi[tree]N_Tukriš[1]GN"
"P388265",206,"r ii 33","niŋ[thing]N šušana[fraction]N sila[unit]N","{ŋeš}niŋ₂ šušana sila₃",0,"niŋ[thing]N_šušana[fraction]N_sila[unit]N"
"P349893",11,"11","sahargid[roller]N","{ŋeš}sahar-gid₂",0,"sahargid[roller]N"
"P459216",110,"r i 15'","{ŋeš}x[NA]NA","{ŋeš}x",0,"{ŋeš}x[NA]NA"
"P253233",37,"r i 5'","ŋipar[tree]N duru[wet]V/i","{ŋeš}ŋi₆-par₄ duru₅",0,"ŋipar[tree]N_duru[wet]V/i"
"P388265",221,"r ii 49","guza[chair]N kaskal[way]N","{ŋeš}gu-za kaskal",0,"guza[chair]N_kaskal[way]N"
"P459226",17,"o i 14'","hašhur[apple]N armanu[tree]N","{ŋeš}hašhur ar-ma-nu-um",0,"hašhur[apple]N_armanu[tree]N"
"P271320",60,"r ii' 8'","gag[nail]N umbin[wheel]N margida[cart]N","{ŋeš}gag umbin mar-gid₂-da",0,"gag[nail]N_umbin[wheel]N_margida[cart]N"
"P273880",587,"c iv 20","{ŋeš}x[NA]NA","{ŋeš}x",0,"{ŋeš}x[NA]NA"
"P253238",31,"r 8","manu[wood]N","{ŋeš}ma-nu",0,"manu[wood]N"
"P250364",28,"o ii 3","gu[neck]N umbin[wheel]N margida[cart]N","{ŋeš}gu₂ umbin mar-gid₂-da",0,"gu[neck]N_umbin[wheel]N_margida[cart]N"
"P247864",296,"o v 44","ma[ship]N","{ŋeš}ma₂",0,"ma[ship]N"
"P332934",194,"o iii 30","ŋešnimbar[palm]N ana[upper]AJ","{ŋeš}ŋešnimbar an-na",0,"ŋešnimbar[palm]N_ana[upper]AJ"
"P370399",15,"o i 12'","{ŋeš}IŠ[NA]NA ŋešnimbar[palm]N","{ŋeš}IŠ ŋešnimbar",0,"{ŋeš}IŠ[NA]NA_ŋešnimbar[palm]N"
"Q000001",384,"383","šah[pig]N namuruna[~herd]N","šah₂ nam-urunₓ(EN)-ak",0,"šah[pig]N_namuruna[~herd]N"
"P271320",43,"r i' 10'","gag[nail]N GUL[~chariot]N gigir[chariot]N","{ŋeš}gag GUL gigir",0,"gag[nail]N_GUL[~chariot]N_gigir[chariot]N"
"Q000039",89,"71","ŋešnimbar[palm]N šab[cut]V/t","{ŋeš}ŋešnimbar šab",0,"ŋešnimbar[palm]N_šab[cut]V/t"
"P332934",376,"r iv 10'","margida[cart]N Elam[1]GN","{ŋeš}mar-gid₂-da elam-ma{ki}",0,"margida[cart]N_Elam[1]GN"
"P459217",51,"iii 1","mes[tree]N Meluhha[1]GN","{ŋeš}mes me-luh-ha",0,"mes[tree]N_Meluhha[1]GN"
"P447996",200,"r ii 37","madala[bundle]N","{ŋeš}ma₂-da-la₂",0,"madala[bundle]N"
"P271519",10,"o ii' 2","šuʾa[stool]N dus[bathroom]N","{ŋeš}šu₂-a du₁₀-us₂",0,"šuʾa[stool]N_dus[bathroom]N"
"Q000039",618,"554a","illar[weapon]N NUN[NA]NA dili[single]V/i","{ŋeš}illar NUN dili",0,"illar[weapon]N_NUN[NA]NA_dili[single]V/i"
"Q000039",541,"485","ušub[brick-mold]N šeg[brick]N","{ŋeš}u₃-šub šeg₁₂",0,"ušub[brick-mold]N_šeg[brick]N"
"P429504",33,"o iii' 14","x-x[NA]NA","x-x",0,"x-x[NA]NA"
"P273880",610,"c iv 44","maš[plant]N","{ŋeš}maš",0,"maš[plant]N"
"P271911",527,"r iii 55","arganum[conifer]N","ar-ga-an-nu-um",0,"arganum[conifer]N"
"P370399",90,"o iii 29'","dilimbanda[bowl]N","{ŋeš}dilim₂-banda₃",0,"dilimbanda[bowl]N"
"Q000039",396,"353","umbin[wheel]N gagsila[harness]N","{ŋeš}umbin gag-sal₄",0,"umbin[wheel]N_gagsila[harness]N"
"P346714",5,"r i 01'","{ŋeš}x[NA]NA","{ŋeš}x",0,"{ŋeš}x[NA]NA"
"P253228",71,"r ii 10'","ŋeštinkira[berry]N","ŋeštin-kur",0,"ŋeštinkira[berry]N"
"Q000039",677,"609b","dimlumagurak[instrument]N","{ŋeš}dim₃-{lu₂}ma₂-gur₈",0,"dimlumagurak[instrument]N"
"P370399",59,"o ii 32'","ŋešnud[bed]N garba[knob]N kugsig[gold]N ŋar[place]V/t","ŋeš-nud gar₃-ga kug-sig₁₇ ŋar",0,"ŋešnud[bed]N_garba[knob]N_kugsig[gold]N_ŋar[place]V/t"
"Q000001",472,"469","uzu[flesh]N i[oil]N tab[double]V/t","uzu i₃ tab",0,"uzu[flesh]N_i[oil]N_tab[double]V/t"
"P271301",230,"o v 3'","{ŋeš}x[NA]NA","{ŋeš}x",0,"{ŋeš}x[NA]NA"
"Q000001",439,"438","uzu[flesh]N šag[heart]N Eninnu[1]TN","uzu šag₄ e₂-ninnu",0,"uzu[flesh]N_šag[heart]N_Eninnu[1]TN"
"P273880",525,"c iii 10","hara[shoot]N ŋešnimbar[palm]N","{ŋeš}ha-ra ŋešnimbar",0,"hara[shoot]N_ŋešnimbar[palm]N"
"P388265",89,"iv 6","KID.da[twig]N sil[split]V/i","{ŋeš}KID-da za₃-l·a₂",0,"KID.da[twig]N_sil[split]V/i"
"P253228",24,"o ii 5","al[hoe]N zu[tooth]N min[two]NU","{ŋeš}al zu₂ min",0,"al[hoe]N_zu[tooth]N_min[two]NU"
"Q000039",462,"413","tugtug[~loom]N","{ŋeš}tug₂-tug₂",0,"tugtug[~loom]N"
"Q000001",62,"62","udu[sheep]N zag[side]N urri[~sheep]N","udu zag ur₂-ri-a",0,"udu[sheep]N_zag[side]N_urri[~sheep]N"
"Q000039",339,"299","si[horn]N ma[ship]N","{ŋeš}si ma₂",0,"si[horn]N_ma[ship]N"
"Q000039",419,"374","ig[door]N","{ŋeš}ig",0,"ig[door]N"
"Q000001",368,"368","pešniŋgilima[rodent]N","peš₂-niŋ₂-gilim-ma",0,"pešniŋgilima[rodent]N"
"P492330",12,"o i 10","ŋeš[tree]N x-x-bi[NA]NA","ŋeš x-x-bi",0,"ŋeš[tree]N_x-x-bi[NA]NA"
"P273880",115,"a iv 3'","nukušu[~door]N kita[lower]AJ","{ŋeš}nu-kuš₂ ki-ta",0,"nukušu[~door]N_kita[lower]AJ"
"Q000039",203,"169","guza[chair]N anše[equid]N","{ŋeš}gu-za anše",0,"guza[chair]N_anše[equid]N"
"P429503",18,"o i 15","ŋeštinkira[berry]N","{ŋeš}ŋeštin-ŋir₂",0,"ŋeštinkira[berry]N"
"P228196",12,"12","matgan[stand]N","{ŋeš}mat-gan",0,"matgan[stand]N"
"P459217",88,"iv 10","dala[thorn]N ŋešnimbar[palm]N","{ŋeš}dala₂ ŋešnimbar",0,"dala[thorn]N_ŋešnimbar[palm]N"
"P346714",114,"r iii 36'","al[hoe]N zu[tooth]N limmu[four]NU","{ŋeš}al zu₂ limmu₅",0,"al[hoe]N_zu[tooth]N_limmu[four]NU"
"P250736",129,"o iv 22","dur[ax]N tab[double]V/t","{gi}dur₁₀ tab",0,"dur[ax]N_tab[double]V/t"
"P347814",139,"b ii 23'","e[house]N pana[bow]N","{ŋeš}e₂ pana",0,"e[house]N_pana[bow]N"
"P388265",132,"r i 10","kag[mouth]N apin[plow]N","{ŋeš}ka apin",0,"kag[mouth]N_apin[plow]N"
"P247864",350,"o vi 34","gag[nail]N mar[shovel]N x[NA]NA","{ŋeš}gag mar x",0,"gag[nail]N_mar[shovel]N_x[NA]NA"
"P224980",4,"o i 1","gigir[chariot]N","{ŋeš}gigir",0,"gigir[chariot]N"
"P459217",55,"iii 5","eren[cedar]N","{ŋeš}eren",0,"eren[cedar]N"
"P271301",141,"o iii 29","ŋešnimbar[palm]N šab[cut]V/t","{ŋeš}ŋešnimbar šab",0,"ŋešnimbar[palm]N_šab[cut]V/t"
"P447996",215,"r iii 16","x-us₂[NA]NA ma[ship]N","x-us₂ ma₂",0,"x-us₂[NA]NA_ma[ship]N"
"P247864",283,"o v 31","{ŋeš}x-na[NA]NA","{ŋeš}x-na",0,"{ŋeš}x-na[NA]NA"
"P459216",127,"r ii 12'","banšur[table]N zu[tooth]N amsi[elephant]N sig[put]V/t","{ŋeš}banšur zu₂ am-si sig₉",0,"banšur[table]N_zu[tooth]N_amsi[elephant]N_sig[put]V/t"
"P271911",590,"unknown","unknown","unknown",1,"unknown"
"P235262",95,"unknown","unknown","unknown",8,"unknown"
"Q000001",402,"401","šaran[pestle-bottom]N","|DAG.KISIM₅×SI|",0,"šaran[pestle-bottom]N"
"P389511",2,"o 1","ŋešaʾabak[tree]N","ŋeš-a-ab-ba",0,"ŋešaʾabak[tree]N"
"P423759",3,"o 2","nig[~plow]N apin[plow]N","{ŋeš}nig apin",0,"nig[~plow]N_apin[plow]N"
"Q000001",356,"356","bir[locust]N gal[big]V/i","bir₅ gal",0,"bir[locust]N_gal[big]V/i"
"Q000039",376,"333","sudin[~chariot]N gigir[chariot]N","{ŋeš}su-din gigir",0,"sudin[~chariot]N_gigir[chariot]N"
"Q000001",341,"341","uman[insect]N zid[flour]N","umanₓ(|HI×AŠ₂|) zid₂",0,"uman[insect]N_zid[flour]N"
"P247864",93,"o ii 30","{ŋeš}x[NA]NA babbar[white]V/i","{ŋeš}x babbar",0,"{ŋeš}x[NA]NA_babbar[white]V/i"
"Q000039",571,"514","bar[outside]V/t ešŋar[part-of-a-loom]N","{ŋeš}bar eš-ŋar",0,"bar[outside]V/t_ešŋar[part-of-a-loom]N"
"Q000001",257,"257","eme[donkey]N utud[bear]V/t","eme₅ u₃-tud",0,"eme[donkey]N_utud[bear]V/t"
"P250736",163,"r i 17","gihan[basket]N ninda[bread]N gur[thick]V/i","gi-ha-an ninda gur₄",0,"gihan[basket]N_ninda[bread]N_gur[thick]V/i"
"P271771",83,"o v 13","gilim[foliage]N ana[upper]AJ","{ŋeš}gu₂-gilim an-na",0,"gilim[foliage]N_ana[upper]AJ"
"P437074",175,"c ii 8'","buniŋ[trough]N x[NA]NA","{ŋeš}buniŋ x",0,"buniŋ[trough]N_x[NA]NA"
"P459217",142,"r ii 11'","šunir[emblem]N","{ŋeš}šu-nir",0,"šunir[emblem]N"
"Q000039",65,"52","eren[cedar]N","{ŋeš}eren",0,"eren[cedar]N"
"P382665",2,"2","šedug[tree]N","{ŋeš}še-dug₃",0,"šedug[tree]N"
"P459218",96,"o iv 17","suhur[tool]N gud[ox]N","{ŋeš}suhur gud",0,"suhur[tool]N_gud[ox]N"
"P347814",76,"b i 1'","{ŋeš}x[NA]NA apin[plow]N","{ŋeš}x apin",0,"{ŋeš}x[NA]NA_apin[plow]N"
"P429504",39,"r i 2'","guza[chair]N x[NA]NA","{ŋeš}gu-za x",0,"guza[chair]N_x[NA]NA"
"P271771",20,"o ii 18","ildag[poplar]N","{ŋeš}ildag₂",0,"ildag[poplar]N"
"Q000039",290,"254","buniŋ[trough]N ZU-bar-ra[NA]NA","{ŋeš}buniŋ ZU-bar-ra",0,"buniŋ[trough]N_ZU-bar-ra[NA]NA"
"P370399",160,"o v 14'","{ŋeš}KAL[NA]NA","{ŋeš}KAL",0,"{ŋeš}KAL[NA]NA"
"P332934",77,"o i 21'","ildag[poplar]N tur[small]V/i","{ŋeš}ildag₂ tur",0,"ildag[poplar]N_tur[small]V/i"
"Q000039",141,"118","ŠU.KAL[tree]N","{ŋeš}|ŠU.KAL|",0,"ŠU.KAL[tree]N"
"P271911",245,"o iv 16","dur[board]N bisaŋ[basket]N","dur₂ bisaŋ",0,"dur[board]N_bisaŋ[basket]N"
"P346714",21,"r i 25'","gag[nail]N zara[pivot]N margida[cart]N","{ŋeš}gag za-ra mar-gid₂-da",0,"gag[nail]N_zara[pivot]N_margida[cart]N"
"P271911",482,"r iii 21","tukul[weapon]N {ŋeš}x[NA]NA","tukul {ŋeš}x",0,"tukul[weapon]N_{ŋeš}x[NA]NA"
"P332934",205,"o iii 41","zena[midrib]N ŋešnimbar[palm]N","{ŋeš}zi-na-na ŋešnimbar",0,"zena[midrib]N_ŋešnimbar[palm]N"
"P459216",172,"r iv 4'","maš[~wheel]N umbin[wheel]N gigir[chariot]N","{ŋeš}maš₂ umbin gigir",0,"maš[~wheel]N_umbin[wheel]N_gigir[chariot]N"
"P271301",331,"r ii 15","emerah[jug]N si[horn]N","{ŋeš}emerah si",0,"emerah[jug]N_si[horn]N"
"P429504",40,"r i 3'","guza[chair]N gidim[ghost]N","{ŋeš}gu-za gidim",0,"guza[chair]N_gidim[ghost]N"
"P271301",37,"o i 34","peš[fig]N Uri[Akkad]GN","{ŋeš}peš₃ uri{ki}",0,"peš[fig]N_Uri[Akkad]GN"
"P346714",15,"r i 19'","zara[pivot]N x[NA]NA","{ŋeš}za-ra x",0,"zara[pivot]N_x[NA]NA"
"P273880",227,"b ii 16","dilim[spoon]N lamgal[nut]N","{ŋeš}dilim₂ lam-gal",0,"dilim[spoon]N_lamgal[nut]N"
"P346714",24,"r i 28'","mud[tube]N margida[cart]N","{ŋeš}mud mar-gid₂-da",0,"mud[tube]N_margida[cart]N"
"P388265",307,"r iv 48","{ŋeš}x[NA]NA","{ŋeš}x",0,"{ŋeš}x[NA]NA"
"P271911",624,"r v 3'","ŋeš[tree]N šuniŋin[total]N","ŋeš šu-niŋ₂-niŋin₂",0,"ŋeš[tree]N_šuniŋin[total]N"
"P250361",17,"o ii 5'","a[arm]N apin[plow]N","{ŋeš}a₂ apin",0,"a[arm]N_apin[plow]N"
"Q000001",297,"297","nemur[leopard]N","nemurₓ(|PIRIG.TUR|)",0,"nemur[leopard]N"
"P250736",320,"r iv 38","bad[wall]N gal[big]V/i","bad₃ gu-la",0,"bad[wall]N_gal[big]V/i"
"P271911",203,"unknown","unknown","unknown",1,"unknown"
"P271301",256,"o v 29'","guza[chair]N malah[sailor]N","{ŋeš}gu-za ma₂-lah₅",0,"guza[chair]N_malah[sailor]N"
"P271911",212,"o iii 53'","al[hoe]N saŋ[head]N","al saŋ",0,"al[hoe]N_saŋ[head]N"
"P388265",105,"iv 22","{ŋeš}šag₄-šag₄-ga[NA]NA ŋešnimbar[palm]N","{ŋeš}šag₄-šag₄-ga ŋešnimbar",0,"{ŋeš}šag₄-šag₄-ga[NA]NA_ŋešnimbar[palm]N"
"P347814",277,"d ii 5'","{ŋeš}KUM-x[NA]NA","{ŋeš}KUM-x",0,"{ŋeš}KUM-x[NA]NA"
"P250736",207,"r ii 11","sab[jar]N inun[ghee]N","{dug}sab i₃-nun",0,"sab[jar]N_inun[ghee]N"
"P253245",14,"o 10","eškiri[rope]N","{ŋeš}eškiri₂",0,"eškiri[rope]N"
"Q000039",218,"184","guza[chair]N munus[woman]N","{ŋeš}gu-za munus",0,"guza[chair]N_munus[woman]N"
"Q000001",158,"158","sila[lamb]N nim[high]V/i","sila₄ nim",0,"sila[lamb]N_nim[high]V/i"
"P271911",350,"unknown","unknown","unknown",1,"unknown"
"P273712",3,"o 2'","ŋešrin[scales]N 1(aš)[NA]NA gun[load]N","ŋeš-rin₂ 1(aš) gun",0,"ŋešrin[scales]N_1(aš)[NA]NA_gun[load]N"
"P271301",252,"o v 25'","guza[chair]N barag[sanctum]N","{ŋeš}gu-za barag",0,"guza[chair]N_barag[sanctum]N"
"P273880",214,"b ii 3","mete[appropriate-thing]N balak[spindle]N","{ŋeš}me-te balak",0,"mete[appropriate-thing]N_balak[spindle]N"
"P273880",349,"b iv 12","tigidlu[instrument]N x[NA]NA","{ŋeš}tigidla x",0,"tigidlu[instrument]N_x[NA]NA"
"P429503",14,"o i 11","ŋeš[tree]N babbar[white]V/i","ŋeš babbar",0,"ŋeš[tree]N_babbar[white]V/i"
"P303955",4,"o 2","zena[midrib]N ŋešnimbar[palm]N","{ŋeš}ze₂-na ŋešnimbar",0,"zena[midrib]N_ŋešnimbar[palm]N"
"P235262",103,"d ii 8'","zara[pivot]N gagsila[harness]N","{ŋeš}za-ra gag-sal₄",0,"zara[pivot]N_gagsila[harness]N"
"P247864",280,"o v 28","ŋešgana[pestle]N","ŋeš-gan-na",0,"ŋešgana[pestle]N"
"P459217",130,"r i 17'","guruʾuš[tree-trunk]N","{ŋeš}guruš-uš",0,"guruʾuš[tree-trunk]N"
"P247864",365,"o vi 49","dilim[spoon]N gal[big]V/i","{ŋeš}dilim₂ gal",0,"dilim[spoon]N_gal[big]V/i"
"Q000001",483,"480","uzu[flesh]N x[NA]NA","uzu x",0,"uzu[flesh]N_x[NA]NA"
"P235262",93,"unknown","unknown","unknown",999,"unknown"
"P273880",592,"c iv 26","gam[crook]N x-x[NA]NA","{ŋeš}gam₃ x-x",0,"gam[crook]N_x-x[NA]NA"
"P388330",2,"o 1","hašhur[apple]N","{ŋeš}hašhur",0,"hašhur[apple]N"
"P229173",2,"o 1","mes[tree]N Meluhha[1]GN","{ŋeš}mes me-luh-ha",0,"mes[tree]N_Meluhha[1]GN"
"P250736",255,"r iii 16","{dug}URU[NA]NA DUN₃[NA]NA sa[net]N","{dug}URU DUN₃ sa",0,"{dug}URU[NA]NA_DUN₃[NA]NA_sa[net]N"
"Q000039",339,"299","si[horn]N ma[ship]N","{ŋeš}si ma₂",0,"si[horn]N_ma[ship]N"
"P247864",90,"o ii 27","zarsi[plant]N","{ŋeš}zar-si",0,"zarsi[plant]N"
"P332934",299,"r iii 2'","ma[ship]N Utu[1]DN","{ŋeš}ma₂ {d}utu",0,"ma[ship]N_Utu[1]DN"
"P388265",14,"i 16","šiqdum[almond]N","{ŋeš}ši-iq-dum",0,"šiqdum[almond]N"
"P250736",119,"o iv 12","bisaŋ[basket]N eša[flour]N","{gi}bisaŋ eša",0,"bisaŋ[basket]N_eša[flour]N"
"Q000039",656,"590","eme[tongue]N mar[shovel]N","{ŋeš}eme mar",0,"eme[tongue]N_mar[shovel]N"
"Q000001",28,"28","udu[sheep]N mur[lung]N šub[fall]V/t","udu mur šub",0,"udu[sheep]N_mur[lung]N_šub[fall]V/t"
"Q000001",246,"246","anšeʾedenak[equid]N","anše-eden-na",0,"anšeʾedenak[equid]N"
"P459218",72,"o iii 23","{ŋeš}PA-GUD-KAM[NA]NA apin[plow]N","{ŋeš}PA-GUD-KAM apin",0,"{ŋeš}PA-GUD-KAM[NA]NA_apin[plow]N"
"P346714",86,"r iii 08'","{ŋeš}KAL[NA]NA","{ŋeš}KAL",0,"{ŋeš}KAL[NA]NA"
"P429503",12,"o i 9","ŋešgana[tree]N su[red]V/i","ŋeš-kin₂ sa₅",0,"ŋešgana[tree]N_su[red]V/i"
"Q000039",222,"187","guza[chair]N ki[place]N uš[die]V/i","{ŋeš}gu-za ki uš₂",0,"guza[chair]N_ki[place]N_uš[die]V/i"
"P369718",4,"o 3","DUB.du₃[~vehicle]N bar[outside]V/t","{ŋeš}kišib₃ bar",0,"DUB.du₃[~vehicle]N_bar[outside]V/t"
"P332934",79,"o i 23'","ildag[poplar]N tur[small]V/i","{ŋeš}ildag₂ tur",0,"ildag[poplar]N_tur[small]V/i"
"P332934",10,"o i 6","ŋešgana[tree]N","ŋeš-kin₂",0,"ŋešgana[tree]N"
"P273880",460,"c ii 4","dilim[spoon]N ŋisal[rudder]N","{ŋeš}dilim₂ ŋisal",0,"dilim[spoon]N_ŋisal[rudder]N"
"P271301",466,"r iv 47","{ŋeš}BIR[NA]NA margida[cart]N","{ŋeš}BIR mar-gid₂-da",0,"{ŋeš}BIR[NA]NA_margida[cart]N"
"P271301",40,"o i 37","peš[fig]N šergu[string]N","{ŋeš}peš₃ še-er-kum",0,"peš[fig]N_šergu[string]N"
"P273880",358,"b iv 21","zanarum[lyre]N","{ŋeš}za-na-ru-um",0,"zanarum[lyre]N"
"P273880",426,"c i 31","bar[outside]V/t ešŋar[part-of-a-loom]N","{ŋeš}bar eš-ŋar",0,"bar[outside]V/t_ešŋar[part-of-a-loom]N"
"P250736",248,"r iii 9","epig[vessel]N","{dug}epig",0,"epig[vessel]N"
"Q000039",710,"641","ŋušur[beam]N TUG₂[NA]NA","{ŋeš}ur₂ TUG₂",0,"ŋušur[beam]N_TUG₂[NA]NA"
"P429503",49,"o ii 18","ŋešaʾabak[tree]N","ŋeš-a-ab-ba",0,"ŋešaʾabak[tree]N"
"Q000039",572,"515","lidga[vessel]N","{ŋeš}lid₂-ga",0,"lidga[vessel]N"
"P228105",22,"r ii 2","namulum[wooden-object]N","{ŋeš}na-mu-ul-lum",0,"namulum[wooden-object]N"
"Q000001",510,"506","uzu[flesh]N endur[navel?]N","uzu en₃-dur",0,"uzu[flesh]N_endur[navel?]N"
"Q000039",235,"199","bad[leg]N guza[chair]N","{ŋeš}bad gu-za",0,"bad[leg]N_guza[chair]N"
"P247864",35,"o i 32","{ŋeš}x-ur₂-x[NA]NA","{ŋeš}x-ur₂-x",0,"{ŋeš}x-ur₂-x[NA]NA"
"P253228",98,"r iii 15'","peškal[tree]N","{ŋeš}peš₇-kal",0,"peškal[tree]N"
"P253228",18,"o i 14","al[hoe]N zu[tooth]N diš[one]NU","{ŋeš}al zu₂ diš",0,"al[hoe]N_zu[tooth]N_diš[one]NU"
"P388265",7,"i 9","mes.TU[tree]N","{ŋeš}mes-TU",0,"mes.TU[tree]N"
"P250736",60,"o ii 34","dur[bond]N mušendu[bird-catcher]N","{gi}dur mušen-du₃",0,"dur[bond]N_mušendu[bird-catcher]N"
"P250736",275,"r iii 36","kag[mouth]N burud[perforate]V/t","ka buru₃",0,"kag[mouth]N_burud[perforate]V/t"
"P332939",46,"r i' 5'","šibir[staff]N","{ŋeš}šibir",0,"šibir[staff]N"
"P459218",57,"o iii 8","ŋešrin[scales]N lib-bi[NA]NA","ŋeš-rin₂ lib-bi",0,"ŋešrin[scales]N_lib-bi[NA]NA"
"P459217",164,"r iii 21","guza[chair]N me-da-da[NA]NA","{ŋeš}gu-za me-da-da",0,"guza[chair]N_me-da-da[NA]NA"
"P299494",3,"3","na[box]N šu[hand]N","{ŋeš}na šu",0,"na[box]N_šu[hand]N"
"Q000001",93,"93","udu[sheep]N mu[name]N pad[find]V/t","udu mu pad₃",0,"udu[sheep]N_mu[name]N_pad[find]V/t"
"P253233",66,"r ii 16'","peš[fig]N","{ŋeš}peš₃",0,"peš[fig]N"
"P437074",47,"b i 8''","zarsi[plant]N","{ŋeš}zar-si",0,"zarsi[plant]N"
"P271911",386,"r ii 4","alŋar[instrument]N","a-la₂-kar₂",0,"alŋar[instrument]N"
"P492330",7,"o i 5","ŋeš[tree]N sal[thin]V/i","ŋeš sal",0,"ŋeš[tree]N_sal[thin]V/i"
"P247864",222,"o iv 33","suku[pole]N ig[door]N","{ŋeš}suku₅ ig",0,"suku[pole]N_ig[door]N"
"P459217",39,"ii 15'","manu[wood]N","{ŋeš}ma-nu",0,"manu[wood]N"
"Q000039",441,"394","suhub[bolt]N ig[door]N","{ŋeš}suhub₄ ig",0,"suhub[bolt]N_ig[door]N"
"P388265",189,"r ii 16","nukirik[gardener]N ŋušur[harrow]N","{ŋeš}nu-kiri₆ gana₂-ur₃",0,"nukirik[gardener]N_ŋušur[harrow]N"
"P273880",611,"c iv 45","maš[plant]N","{ŋeš}maš",0,"maš[plant]N"
"P312012",6,"6","{ŋeš}LAGAB-x[NA]NA","{ŋeš}LAGAB-x",0,"{ŋeš}LAGAB-x[NA]NA"
"P347814",162,"c i 17'","ŋisal[rudder]N šu[hand]N","{ŋeš}ŋisal šu",0,"ŋisal[rudder]N_šu[hand]N"
"P388265",37,"ii 20","tir[forest]N eh[insect]N gu[eat]V/t","{ŋeš}tir eh gu₇",0,"tir[forest]N_eh[insect]N_gu[eat]V/t"
"P253866",106,"r i 9","ma[ship]N","{ŋeš}ma₂",0,"ma[ship]N"
"P253228",31,"o ii 12","al[hoe]N zu[tooth]N min[two]NU","{ŋeš}al zu₂ min",0,"al[hoe]N_zu[tooth]N_min[two]NU"
"P253233",43,"r i 11'","{ŋeš}TUK-TUK[NA]NA","{ŋeš}TUK-TUK",0,"{ŋeš}TUK-TUK[NA]NA"
"P459217",100,"iv 22","pešmur[~palm]N ŋešnimbar[palm]N","{ŋeš}peš-murgu ŋešnimbar",0,"pešmur[~palm]N_ŋešnimbar[palm]N"
"P225126",4,"unknown","unknown","unknown",2,"unknown"
"Q000039",108,"86","pa[branch]N ŋešnimbar[palm]N","{ŋeš}pa ŋešnimbar",0,"pa[branch]N_ŋešnimbar[palm]N"
"P271301",256,"o v 29'","guza[chair]N malah[sailor]N","{ŋeš}gu-za ma₂-lah₅",0,"guza[chair]N_malah[sailor]N"
"P459217",48,"ii 24'","mes[tree]N","{ŋeš}mes",0,"mes[tree]N"
"P271301",8,"o i 5","esi[tree]N hub₂-ba[NA]NA","{ŋeš}esi hub₂-ba",0,"esi[tree]N_hub₂-ba[NA]NA"
"P388265",168,"r i 46","SUD[post-or-stake?]N","{ŋeš}SUD",0,"SUD[post-or-stake?]N"
"P271301",83,"o ii 31","manu[wood]N a[water]N lu[mix]V/t ŋeš[tree]N ak[do]V/t","{ŋeš}ma-nu a lu₃ ŋeš ak",0,"manu[wood]N_a[water]N_lu[mix]V/t_ŋeš[tree]N_ak[do]V/t"
"P459216",59,"ii 27","tiʾarum[tree]N","{ŋeš}ti-ia-ar",0,"tiʾarum[tree]N"
"P459216",17,"i 15","peš[fig]N Mari[1]SN","{ŋeš}peš₃ ma₂-ri₂",0,"peš[fig]N_Mari[1]SN"
"P273880",80,"a iii 11'","e[house]N usan[whip]N gigir[chariot]N","{ŋeš}e₂ usan₃ gigir",0,"e[house]N_usan[whip]N_gigir[chariot]N"
"P332934",250,"o iv 21'","arina[madder]N","{ŋeš}i-ri-na",0,"arina[madder]N"
"P432448",9,"o 3'","ŋešnu[tree]N","ŋeš-nu₁₁",0,"ŋešnu[tree]N"
"P437074",15,"a ii 8'","x-x[NA]NA","x-x",0,"x-x[NA]NA"
"P273880",317,"b iii 45","alŋarsur[drumstick]N","{ŋeš}al-ŋar-sur",0,"alŋarsur[drumstick]N"
"P247864",404,"o vii 23'","{ŋeš}x-ŋar-ra[NA]NA","{ŋeš}x-ŋar-ra",0,"{ŋeš}x-ŋar-ra[NA]NA"
"P271771",128,"r ii 15'","emerah[jug]N kaš[beer]N","{ŋeš}emerahₓ(|UD.HUB₂|) kaš",0,"emerah[jug]N_kaš[beer]N"
"P459217",70,"iii 20","uluh[sapling]N kiri[orchard]N","{ŋeš}u₃-luh {ŋeš}kiri₆",0,"uluh[sapling]N_kiri[orchard]N"
"P253866",78,"o iii 11'","DUB[pole-pin]N |LAGAB×X|-x[NA]NA","{ŋeš}DUB |LAGAB×X|-x",0,"DUB[pole-pin]N_|LAGAB×X|-x[NA]NA"
"Q000001",452,"451","uzu[flesh]N ŋeš[tree]N gaba[chest]N","uzu ŋeš gaba",0,"uzu[flesh]N_ŋeš[tree]N_gaba[chest]N"
"P271911",43,"o i 29'","eš[rope]N saŋkul[bolt]N","eš₂ saŋ-kul",0,"eš[rope]N_saŋkul[bolt]N"
"P247864",386,"o vii 5'","{ŋeš}LIŠ[NA]NA KID[NA]NA NE[NA]NA","{ŋeš}LIŠ KID NE",0,"{ŋeš}LIŠ[NA]NA_KID[NA]NA_NE[NA]NA"
"P247864",21,"o i 18","mes[tree]N","{ŋeš}mes",0,"mes[tree]N"
"P347814",184,"c i 40'","ušub[brick-mold]N šeg[brick]N","{ŋeš}u₃-šub šeg₁₂",0,"ušub[brick-mold]N_šeg[brick]N"
"P277271",7,"o 5'","x[NA]NA","x",0,"x[NA]NA"
"P224994",6,"o i 3","{ŋeš}šu-x[NA]NA","{ŋeš}šu-x",0,"{ŋeš}šu-x[NA]NA"
"P273880",609,"c iv 43","leʾum[board]N","{ŋeš}le-um",0,"leʾum[board]N"
"P247864",386,"o vii 5'","{ŋeš}LIŠ[NA]NA KID[NA]NA NE[NA]NA","{ŋeš}LIŠ KID NE",0,"{ŋeš}LIŠ[NA]NA_KID[NA]NA_NE[NA]NA"
"P347814",258,"unknown","unknown","unknown",1,"unknown"
"P271911",524,"r iii 53","ubila[charcoal]N","u₅-bil₂-la₂",0,"ubila[charcoal]N"
"P332934",79,"o i 23'","ildag[poplar]N tur[small]V/i","{ŋeš}ildag₂ tur",0,"ildag[poplar]N_tur[small]V/i"
"P271911",272,"o iv 38","igi[~mathematics]N eš[three]NU ŋal[be]V/i","igi eš₅ ŋal₂",0,"igi[~mathematics]N_eš[three]NU_ŋal[be]V/i"
"P253228",95,"r iii 12'","{ŋeš}x-x-x[NA]NA","{ŋeš}x-x-x",0,"{ŋeš}x-x-x[NA]NA"
"Q000039",558,"501a","tukul[weapon]N mah[great]V/i","{ŋeš}tukul mah",0,"tukul[weapon]N_mah[great]V/i"
"P370399",10,"o i 7'","x-na[NA]NA ŋešnimbar[palm]N","x-na ŋešnimbar",0,"x-na[NA]NA_ŋešnimbar[palm]N"
"P437074",116,"b iii 2''","{ŋeš}x[NA]NA","{ŋeš}x",0,"{ŋeš}x[NA]NA"
"P230849",8,"r 4","numun[seed]N asal[poplar]N","{ŋeš}numun asal₂",0,"numun[seed]N_asal[poplar]N"
"Q000001",190,"190","gud[ox]N kur[mountain]N","gud kur",0,"gud[ox]N_kur[mountain]N"
"P247864",85,"o ii 22","{ŋeš}da-sur-x[NA]NA ŋešnimbar[palm]N","{ŋeš}da-sur-x ŋešnimbar",0,"{ŋeš}da-sur-x[NA]NA_ŋešnimbar[palm]N"
"P235262",119,"d ii 24'","umbin[wheel]N margida[cart]N","{ŋeš}umbin mar-gid₂-da",0,"umbin[wheel]N_margida[cart]N"
"P273880",506,"c ii 51","{ŋeš}U₂[NA]NA NINDA₂[NA]NA","{ŋeš}U₂ NINDA₂",0,"{ŋeš}U₂[NA]NA_NINDA₂[NA]NA"
"P332930",12,"o 10","ma[ship]N Uri[Akkad]GN","{ŋeš}ma₂ uri-a{ki}",0,"ma[ship]N_Uri[Akkad]GN"
"P459218",57,"o iii 8","ŋešrin[scales]N lib-bi[NA]NA","ŋeš-rin₂ lib-bi",0,"ŋešrin[scales]N_lib-bi[NA]NA"
"P332934",105,"o ii 22","tir[forest]N asal[poplar]N","{ŋeš}tir {ŋeš}asal₂",0,"tir[forest]N_asal[poplar]N"
"P388265",259,"r iii 46","x[NA]NA gigir[chariot]N","x gigir",0,"x[NA]NA_gigir[chariot]N"
"P271911",347,"r i 33'","niŋgul[hatchet]N ašag[field]N","niŋ₂-gul a-šag₄",0,"niŋgul[hatchet]N_ašag[field]N"
"P253228",98,"r iii 15'","peškal[tree]N","{ŋeš}peš₇-kal",0,"peškal[tree]N"
"P271771",50,"o iv 6","šag[heart]N ŋešnimbar[palm]N","{ŋeš}šag₄ ŋešnimbar",0,"šag[heart]N_ŋešnimbar[palm]N"
"P271301",73,"o ii 21","kur[wood]N","{ŋeš}kur",0,"kur[wood]N"
"P459217",172,"r iv 6","x-IB[NA]NA","x-IB",0,"x-IB[NA]NA"
"P247864",360,"o vi 44","{ŋeš}x-x[NA]NA","{ŋeš}x-x",0,"{ŋeš}x-x[NA]NA"
"P271911",139,"o ii 58","a[arm]N ŋešrin[scales]N","a₂ rin₂",0,"a[arm]N_ŋešrin[scales]N"
"Q000001",171,"171","ašgar[kid]N","{munus}aš₂-gar₃",0,"ašgar[kid]N"
"P459226",7,"o i 4'","ŋešgana[tree]N","ŋeš-kin₂",0,"ŋešgana[tree]N"
"P459217",109,"iv 31","ŋešnimbar[palm]N SI-DU₃-X[NA]NA x[NA]NA","{ŋeš}ŋešnimbar SI-DU₃-X x",0,"ŋešnimbar[palm]N_SI-DU₃-X[NA]NA_x[NA]NA"
"P429504",41,"r i 4'","guza[chair]N šag₄[NA]NA hul₂[NA]NA","{ŋeš}gu-za šag₄ hul₂",0,"guza[chair]N_šag₄[NA]NA_hul₂[NA]NA"
"P388265",202,"r ii 29","ban[unit]N ban[unit]N","{ŋeš}ba-an ban₂",0,"ban[unit]N_ban[unit]N"
"P253233",8,"o i 3","dilim[spoon]N banšur[table]N","{ŋeš}dilim₂ banšur",0,"dilim[spoon]N_banšur[table]N"
"P271911",336,"r i 24'","lubi[ax]N","{+la-ab}lub",0,"lubi[ax]N"
"Q000039",437,"390","usakar[moon]N ig[door]N","{ŋeš}u₄-sakar ig",0,"usakar[moon]N_ig[door]N"
"P347814",260,"d i 15'","{ŋeš}sa-x-si[NA]NA","{ŋeš}sa-x-si",0,"{ŋeš}sa-x-si[NA]NA"
"Q000039",761,"690","ŋeššu[manacles]N","ŋeš-šu",0,"ŋeššu[manacles]N"
"P228683",4,"r 1","hašhur[apple]N damšelum[plant]N","{ŋeš}hašhur dam-ši-lum",0,"hašhur[apple]N_damšelum[plant]N"
"Q000039",99,"78a","ŋešnimbar[palm]N gaz[kill]V/t","{ŋeš}ŋešnimbar gaz",0,"ŋešnimbar[palm]N_gaz[kill]V/t"
"P271301",80,"o ii 28","manu[wood]N šu[hand]N ak[do]V/t","{ŋeš}ma-nu šu ak",0,"manu[wood]N_šu[hand]N_ak[do]V/t"
"P332934",81,"o i 25'","ŋeš[tree]N kur[mountain]N","ŋeš kur",0,"ŋeš[tree]N_kur[mountain]N"
"P250361",17,"o ii 5'","a[arm]N apin[plow]N","{ŋeš}a₂ apin",0,"a[arm]N_apin[plow]N"
"P250736",298,"r iv 16","im[clay]N x-x-x[NA]NA","im x-x-x",0,"im[clay]N_x-x-x[NA]NA"
"P459216",186,"r iv 18'","umbin[wheel]N margida[cart]N","{ŋeš}umbin mar-gid₂-da",0,"umbin[wheel]N_margida[cart]N"
"P459218",15,"o i 19'","suhub[bolt]N","{ŋeš}suhub₄",0,"suhub[bolt]N"
"P332934",373,"r iv 7'","margida[cart]N","{ŋeš}mar-gid₂-da",0,"margida[cart]N"
"P271301",369,"r iii 2","ma[ship]N nurum[light]N","{ŋeš}ma₂ nu-ri",0,"ma[ship]N_nurum[light]N"
"P459217",120,"r i 6'","{ŋeš}pa-AN[NA]NA x[NA]NA x[NA]NA antibal[sign]N","{ŋeš}pa-AN x x ti-bal",0,"{ŋeš}pa-AN[NA]NA_x[NA]NA_x[NA]NA_antibal[sign]N"
"Q000039",311,"273a","ma[ship]N X-LAGAB[NA]NA","{ŋeš}ma₂ X-LAGAB",0,"ma[ship]N_X-LAGAB[NA]NA"
"Q000001",78,"78","udu[sheep]N gu[neck]N ŋar[place]V/t","udu gu₂ ŋar",0,"udu[sheep]N_gu[neck]N_ŋar[place]V/t"
"Q000039",605,"545","ligima[shoot]N","{ŋeš}ligima(|IGI.TUR.TUR|)",0,"ligima[shoot]N"
"P447996",139,"r i 21","pa[branch]N ŋešnimbar[palm]N","{ŋeš}pa ŋešnimbar",0,"pa[branch]N_ŋešnimbar[palm]N"
"Q000039",8,"6b","ŋešgana[tree]N giggi[black]V/i","ŋeš-kin₂ giggi",0,"ŋešgana[tree]N_giggi[black]V/i"
"P250364",153,"r iii 19'","{ŋeš}zi-da-ne[NA]NA","{ŋeš}zi-da-ne",0,"{ŋeš}zi-da-ne[NA]NA"
"P247864",98,"o ii 35","ildag[poplar]N kur[mountain]N","{ŋeš}ildag₂ kur",0,"ildag[poplar]N_kur[mountain]N"
"Q000039",51,"44","manu[wood]N gibil[firewood]N ak[do]V/t","{ŋeš}ma-nu gibil₂ ak",0,"manu[wood]N_gibil[firewood]N_ak[do]V/t"
"P437074",139,"c i 4'","ŋirigub[footstool]N zu[tooth]N amsi[elephant]N dul[cover]V/t","{ŋeš}ŋiri₃-gub zu₉ am-si dul₄-dul₄",0,"ŋirigub[footstool]N_zu[tooth]N_amsi[elephant]N_dul[cover]V/t"
"P459216",108,"r i 13'","izzi[wall]N guza[chair]N","{ŋeš}izi gu-za",0,"izzi[wall]N_guza[chair]N"
"Q000001",294,"294","uršubkuda[wild-animal]N","ur-šub₅-kud-da",0,"uršubkuda[wild-animal]N"
"P332939",11,"o i 8","ŋešgana[tree]N giggi[black]V/i","ŋeš-kin₂ giggi",0,"ŋešgana[tree]N_giggi[black]V/i"
"Q000001",287,"287","urnig[lioness]N","ur-nig",0,"urnig[lioness]N"
"P347814",196,"c ii 2'","ŋeš[tree]N 11[NA]NA x[NA]NA","ŋeš 11 x",0,"ŋeš[tree]N_11[NA]NA_x[NA]NA"
"P459216",175,"r iv 7'","zara[pivot]N gagsila[harness]N","{ŋeš}za-ra gag-sal₄",0,"zara[pivot]N_gagsila[harness]N"
"Q000039",250,"214","ŋešnud[bed]N","ŋeš-nud",0,"ŋešnud[bed]N"
"P447996",23,"o iii 19","ildag[poplar]N","{ŋeš}ildag₂",0,"ildag[poplar]N"
"P271911",374,"r i 56'","šu[hand]N šerah[shovel]N","šu še-ra-ah",0,"šu[hand]N_šerah[shovel]N"
"Q000039",83,"65","ŋešnimbar[palm]N","{ŋeš}ŋešnimbar",0,"ŋešnimbar[palm]N"
"Q000039",643,"577","gag[nail]N usakar[moon]N","{ŋeš}gag u₄-sakar",0,"gag[nail]N_usakar[moon]N"
"P250371",12,"r 1","mud[tube]N gigir[chariot]N","{ŋeš}mud gigir",0,"mud[tube]N_gigir[chariot]N"
"P347814",94,"b i 19'","{ŋeš}x[NA]NA apin[plow]N","{ŋeš}x apin",0,"{ŋeš}x[NA]NA_apin[plow]N"
"P370399",47,"o ii 20'","{ŋeš}DAG-nam[NA]NA","{ŋeš}DAG-nam",0,"{ŋeš}DAG-nam[NA]NA"
"P273880",621,"c iv 55","{ŋeš}KAL[NA]NA","{ŋeš}KAL",0,"{ŋeš}KAL[NA]NA"
"P437074",24,"a iii 6'","ŋešnimbar[palm]N sukud[height]N","{ŋeš}ŋešnimbar sukud",0,"ŋešnimbar[palm]N_sukud[height]N"
"P253866",13,"o i 8'","nura[~loom]N","{ŋeš}nir-ra",0,"nura[~loom]N"
"P370399",198,"o vii 10'","{ŋeš}x[NA]NA","{ŋeš}x",0,"{ŋeš}x[NA]NA"
"P272243",36,"r i 16","ŋešnimbar[palm]N uhin[date]N x[NA]NA","{ŋeš}ŋešnimbar u₄-hi-in x",0,"ŋešnimbar[palm]N_uhin[date]N_x[NA]NA"
"Q000039",365,"323","šibir[staff]N","{ŋeš}šibir",0,"šibir[staff]N"
"P447996",121,"r i 3","ŋešnimbar[palm]N al-x-x[NA]NA","{ŋeš}ŋešnimbar al-x-x",0,"ŋešnimbar[palm]N_al-x-x[NA]NA"
"P437074",119,"b iii 5''","{ŋeš}x[NA]NA","{ŋeš}x",0,"{ŋeš}x[NA]NA"
"P459216",99,"r i 4'","guza[chair]N x[NA]NA","{ŋeš}gu-za x",0,"guza[chair]N_x[NA]NA"
"P347814",150,"unknown","unknown","unknown",999,"unknown"
"P347814",273,"d ii 1'","{ŋeš}x[NA]NA","{ŋeš}x",0,"{ŋeš}x[NA]NA"
"P429503",102,"r i' 6'","{ŋeš}x[NA]NA","{ŋeš}x",0,"{ŋeš}x[NA]NA"
"Q000001",176,"176","gud[ox]N ŋešdu[breeder]N","gud ŋeš-du₃-a",0,"gud[ox]N_ŋešdu[breeder]N"
"P271911",185,"o iii 30'","leʾum[board]N apin[plow]N","le-u₅-um apin",0,"leʾum[board]N_apin[plow]N"
"P250364",155,"r iii 21'","{ŋeš}ŠID-x[NA]NA ak[do]V/t","{ŋeš}ŠID-x ak",0,"{ŋeš}ŠID-x[NA]NA_ak[do]V/t"
"P250371",4,"o 2","gaba[chest]N gigir[chariot]N","{ŋeš}gaba gigir",0,"gaba[chest]N_gigir[chariot]N"
"P271301",317,"r ii 1","banšurzaggula[table]N","{ŋeš}banšur-zag-gu-la",0,"banšurzaggula[table]N"
"P347814",6,"a i 4'","ig[door]N papah[cella]N","{ŋeš}ig pa-pah",0,"ig[door]N_papah[cella]N"
"P388265",117,"iv 34","pa[branch]N ŋešnimbar[palm]N","{ŋeš}pa-pa ŋešnimbar",0,"pa[branch]N_ŋešnimbar[palm]N"
"P459216",81,"iii 20","pešmur[~palm]N ŋešnimbar[palm]N","{ŋeš}peš-murgu ŋešnimbar",0,"pešmur[~palm]N_ŋešnimbar[palm]N"
"P273880",434,"c i 39","KID.da[twig]N","{ŋeš}KID-da",0,"KID.da[twig]N"
"P347814",43,"a ii 14'","{ŋeš}x[NA]NA","{ŋeš}x",0,"{ŋeš}x[NA]NA"
"P273880",361,"b iv 24","gur[rim]N harmušen[snare]N","{ŋeš}gur₂ har-mušen-na",0,"gur[rim]N_harmušen[snare]N"
"P247864",60,"o i 57","hašhur[apple]N eštub[carp]N","{ŋeš}hašhur {ku₆}eštub",0,"hašhur[apple]N_eštub[carp]N"
"Q000039",291,"255","naŋa[mortar]N","{ŋeš}naŋa₃",0,"naŋa[mortar]N"
"P459217",12,"i 11'","hašhur[apple]N armanu[tree]N","{ŋeš}hašhur ar-ma-nu",0,"hašhur[apple]N_armanu[tree]N"
"P459226",23,"o ii 3'","{ŋeš}x[NA]NA","{ŋeš}x",0,"{ŋeš}x[NA]NA"
"P273880",221,"b ii 10","emerah[jug]N iŋeš[oil]N","{ŋeš}emerahₓ(|U.U.HUB₂|) i₃-ŋeš",0,"emerah[jug]N_iŋeš[oil]N"
"P253233",48,"r i 16'","ildag[poplar]N bur[spread]V/t","{ŋeš}ildag₂ bur-ra",0,"ildag[poplar]N_bur[spread]V/t"
"P271911",413,"r ii 23","tigidlu[instrument]N","{+ti-ki-id-la}tigidla",0,"tigidlu[instrument]N"
"P253230",6,"o i 2","apin[plow]N šudu[equipped]AJ","{ŋeš}apin šu-du₇",0,"apin[plow]N_šudu[equipped]AJ"
"P247864",46,"o i 43","manu[wood]N izi[fire]N","{ŋeš}ma-nu izi",0,"manu[wood]N_izi[fire]N"
"P273880",462,"c ii 6","e[house]N ma[ship]N","{ŋeš}e₂ ma₂",0,"e[house]N_ma[ship]N"
"P447996",197,"r ii 34","ma[ship]N Dilmun[1]GN","{ŋeš}ma₂ dilmun-na",0,"ma[ship]N_Dilmun[1]GN"
"Q000001",232,"232","amar[young]N mu[year]N 1(aš)[NA]NA","amar mu 1(aš)",0,"amar[young]N_mu[year]N_1(aš)[NA]NA"
"P247864",151,"o iii 25","{ŋeš}x[NA]NA margida[cart]N","{ŋeš}x mar-gid₂-da",0,"{ŋeš}x[NA]NA_margida[cart]N"
"P388265",220,"r ii 48","guza[chair]N gid[long]V/i","{ŋeš}gu-za gid₂",0,"guza[chair]N_gid[long]V/i"
"P332934",299,"r iii 2'","ma[ship]N Utu[1]DN","{ŋeš}ma₂ {d}utu",0,"ma[ship]N_Utu[1]DN"
"P250364",11,"o i 8","saŋ[head]N gigir[chariot]N","{ŋeš}saŋ gigir",0,"saŋ[head]N_gigir[chariot]N"
"Q000039",474,"424","saŋ[head]N balak[spindle]N","{ŋeš}saŋ balak",0,"saŋ[head]N_balak[spindle]N"
"P235262",114,"d ii 19'","endur[navel?]N margida[cart]N","{ŋeš}en₃-dur mar-gid₂-da",0,"endur[navel?]N_margida[cart]N"
"P388265",264,"r iv 4","{ŋeš}x[NA]NA","{ŋeš}x",0,"{ŋeš}x[NA]NA"
"P388265",117,"iv 34","pa[branch]N ŋešnimbar[palm]N","{ŋeš}pa-pa ŋešnimbar",0,"pa[branch]N_ŋešnimbar[palm]N"
"P447996",59,"o iv 28","ŋeštin[vine]N x-x-bi[NA]NA","{ŋeš}ŋeštin x-x-bi",0,"ŋeštin[vine]N_x-x-bi[NA]NA"
"P253866",42,"o ii 6'","guza[chair]N","{ŋeš}gu-za",0,"guza[chair]N"
"P332934",361,"r iv 18","mud[tube]N gigir[chariot]N","{ŋeš}mud gigir",0,"mud[tube]N_gigir[chariot]N"
"Q000001",362,"362","bir[locust]N irgilum[locust]N","bir₅ ir-gi-lum",0,"bir[locust]N_irgilum[locust]N"
"P437074",40,"b i 1''","kišighar[tree]N x[NA]NA","{ŋeš}kišig₂-har x",0,"kišighar[tree]N_x[NA]NA"
"P459218",40,"o ii 20'","mete[appropriate-thing]N balak[spindle]N","{ŋeš}me-te balak",0,"mete[appropriate-thing]N_balak[spindle]N"
"P253866",60,"o ii 24'","guza[chair]N ŋarza[rites]N","{ŋeš}gu-za ŋarza₂",0,"guza[chair]N_ŋarza[rites]N"
"P271911",111,"o ii 34","mudla[basket]N","{+mu-ud-la}BU",0,"mudla[basket]N"
"P271301",213,"o iv 47","zarlamtum[plant]N","{ŋeš}zar-lam-tum",0,"zarlamtum[plant]N"
"P447996",17,"o iii 13'","guruʾuš[tree-trunk]N","{ŋeš}guru₅-uš",0,"guruʾuš[tree-trunk]N"
"P271301",355,"r ii 39","miriza[plank]N","{ŋeš}mi-ri₂-za",0,"miriza[plank]N"
"Q000039",516,"461","da[side-board]N apin[plow]N","{ŋeš}da apin",0,"da[side-board]N_apin[plow]N"
"P296528",15,"r v 2'","tiʾarum[tree]N","{ŋeš}ti-a-ru-um",0,"tiʾarum[tree]N"
"P247864",49,"o i 46","lam[tree]N usuh[tree]N","{ŋeš}lam u₃-suh₅",0,"lam[tree]N_usuh[tree]N"
"P271911",348,"r i 34'","niŋgul[hatchet]N kiri[orchard]N","niŋ₂-gul {ŋeš}kiri₆",0,"niŋgul[hatchet]N_kiri[orchard]N"
"P332934",104,"o ii 21","tir[forest]N usuh[tree]N","{ŋeš}tir {ŋeš}u₃-suh₅",0,"tir[forest]N_usuh[tree]N"
"P447996",85,"o v 10","laldar[pomegranate]N","{ŋeš}lal₃-dar",0,"laldar[pomegranate]N"
"P388265",229,"r iii 8","guza[chair]N šusar[string]N du[build]V/t","{ŋeš}gu-za šu-sar du₃",0,"guza[chair]N_šusar[string]N_du[build]V/t"
"P253866",59,"o ii 23'","guza[chair]N niŋšu[goods]N","{ŋeš}gu-za niŋ₂-šu",0,"guza[chair]N_niŋšu[goods]N"
"Q000039",489,"437","ŋešrin[scales]N lub-lub-bi[NA]NA","ŋeš-rin₂ lub-lub-bi",0,"ŋešrin[scales]N_lub-lub-bi[NA]NA"
"P459217",108,"iv 30","ŋešnimbar[palm]N al-dar-x[NA]NA","{ŋeš}ŋešnimbar al-dar-x",0,"ŋešnimbar[palm]N_al-dar-x[NA]NA"
"Q000039",740,"669","{ŋeš}URI[NA]NA","{ŋeš}URI",0,"{ŋeš}URI[NA]NA"
"Q000001",257,"257","eme[donkey]N utud[bear]V/t","eme₅ u₃-tud",0,"eme[donkey]N_utud[bear]V/t"
"P347814",189,"c i 45'","dur[board]N šeg[brick]N alura[baked]AJ","{ŋeš}dur₂ šeg₁₂ al-ur₃-ra",0,"dur[board]N_šeg[brick]N_alura[baked]AJ"
"P447996",133,"r i 15","pešmur[~palm]N ŋešnimbar[palm]N","{ŋeš}peš-murgu ŋešnimbar",0,"pešmur[~palm]N_ŋešnimbar[palm]N"
"Q000001",209,"209","ab[cow]N suhub[~oxen]N","ab₂ suhub(|BAR.(3×AN)|)",0,"ab[cow]N_suhub[~oxen]N"
"P447996",80,"o v 5","hašhur[apple]N aʾabak[sea]N","{ŋeš}hašhur a-ab-ba",0,"hašhur[apple]N_aʾabak[sea]N"
"P273880",250,"b ii 43","ŋeš[tree]N diš[one]NU sila[unit]N","ŋeš diš sila₃",0,"ŋeš[tree]N_diš[one]NU_sila[unit]N"
"P253866",38,"o ii 2'","gag[nail]N šibir[staff]N","{ŋeš}gag šibir",0,"gag[nail]N_šibir[staff]N"
"P273880",38,"a ii 5'","dubla[tower]N apin[plow]N","{ŋeš}dub-la₂ apin",0,"dubla[tower]N_apin[plow]N"
"P429503",143,"r ii' 19'","mete[appropriate-thing]N ma[ship]N","{ŋeš}me-te-na ma₂",0,"mete[appropriate-thing]N_ma[ship]N"
"P235262",69,"d i 12'","ma[ship]N 6(u)[NA]NA gur[unit]N","{ŋeš}ma₂ 6(u) gur",0,"ma[ship]N_6(u)[NA]NA_gur[unit]N"
"P332934",370,"r iv 4'","usan[whip]N gud[ox]N","{ŋeš}usan₃ gud",0,"usan[whip]N_gud[ox]N"
"P332934",332,"r iii 35'","ŋirigub[footstool]N ašag[field]N","{ŋeš}ŋiri₃ a-šag₄",0,"ŋirigub[footstool]N_ašag[field]N"
"P370399",105,"o iv 2'","ŋešdal[crossbar]N x[NA]NA","ŋeš-dal-dal x",0,"ŋešdal[crossbar]N_x[NA]NA"
"P271771",87,"o v 17","pakud[~tree]N","{ŋeš}pa-kud",0,"pakud[~tree]N"
"P271911",105,"o ii 30","garig[comb]N eban[pair]N","ga-rig₂ e₂-pa-na",0,"garig[comb]N_eban[pair]N"
"P253233",13,"o i 7","dilim[spoon]N","{ŋeš}dilim₂",0,"dilim[spoon]N"
"P346714",39,"r ii 07'","ama[mother]N apin[plow]N","{ŋeš}ama apin",0,"ama[mother]N_apin[plow]N"
"Q000001",357,"357","bir[locust]N ab[sea]N","bir₅ ab",0,"bir[locust]N_ab[sea]N"
"Q000039",15,"13","hašhur[apple]N","{ŋeš}hašhur",0,"hašhur[apple]N"
"P247864",79,"o ii 16","{ŋeš}x-x[NA]NA ŋešnimbar[palm]N","{ŋeš}x-x ŋešnimbar",0,"{ŋeš}x-x[NA]NA_ŋešnimbar[palm]N"
"P247864",442,"r i 2","{ŋeš}x-x[NA]NA","{ŋeš}x-x",0,"{ŋeš}x-x[NA]NA"
"P332934",234,"o iv 5'","{ŋeš}zar-x[NA]NA","{ŋeš}zar-x",0,"{ŋeš}zar-x[NA]NA"
"P250364",110,"r i 10'","{ŋeš}x[NA]NA","{ŋeš}x",0,"{ŋeš}x[NA]NA"
"P332934",125,"o ii 42","ŋeš[tree]N eren[cedar]N","ŋeš {ŋeš}eren",0,"ŋeš[tree]N_eren[cedar]N"
"P271301",214,"o iv 48","šušum[licorice]N","{ŋeš}šeš₂",0,"šušum[licorice]N"
"P271301",118,"o iii 6","zabalum[juniper]N","{ŋeš}za-ba-lum",0,"zabalum[juniper]N"
"Q000039",204,"170","guza[chair]N kaskal[way]N","{ŋeš}gu-za kaskal",0,"guza[chair]N_kaskal[way]N"
"P388265",132,"r i 10","kag[mouth]N apin[plow]N","{ŋeš}ka apin",0,"kag[mouth]N_apin[plow]N"
"P332934",245,"o iv 16'","huš[plant]N","{ŋeš}maš-huš",0,"huš[plant]N"
"P332934",84,"o ii 1","ŋešaʾabak[tree]N","ŋeš-a-ab-ba",0,"ŋešaʾabak[tree]N"
"P228196",1,"1","ganum[stand]N","{ŋeš}gan-nu",0,"ganum[stand]N"
"P429504",37,"unknown","unknown","unknown",999,"unknown"
"P273880",171,"b i 14'","guza[chair]N hašhur[apple]N","{ŋeš}gu-za {ŋeš}hašhur",0,"guza[chair]N_hašhur[apple]N"
"P332934",148,"o ii 64","ŋešnimbar[palm]N x[NA]NA","{ŋeš}ŋešnimbar x",0,"ŋešnimbar[palm]N_x[NA]NA"
"P271911",202,"o iii 45'","ŋušur[harrow]N zu[tooth]N gal[big]V/i","niŋ₂-gan₂-ur₃ zu₂ gal-gal",0,"ŋušur[harrow]N_zu[tooth]N_gal[big]V/i"
"P332934",81,"o i 25'","ŋeš[tree]N kur[mountain]N","ŋeš kur",0,"ŋeš[tree]N_kur[mountain]N"
"Q000039",216,"182","guza[chair]N Aratta[1]SN","{ŋeš}gu-za aratta",0,"guza[chair]N_Aratta[1]SN"
"P459226",19,"o i 16'","hašhur[apple]N peš[fig]N","{ŋeš}hašhur peš₃",0,"hašhur[apple]N_peš[fig]N"
"P271301",436,"r iv 17","{ŋeš}kab-MU[NA]NA gigir[chariot]N","{ŋeš}kab-MU gigir",0,"{ŋeš}kab-MU[NA]NA_gigir[chariot]N"
"P347814",282,"d ii 10'","{ŋeš}MA-x[NA]NA","{ŋeš}MA-x",0,"{ŋeš}MA-x[NA]NA"
"P388265",48,"ii 31","ŋeštinkaʾa[grape]N","{ŋeš}ŋeštin-ka₅-a",0,"ŋeštinkaʾa[grape]N"
"P250736",111,"o iv 4","bisaŋ[basket]N gid[long]V/i","{gi}bisaŋ gid₂",0,"bisaŋ[basket]N_gid[long]V/i"
"P253228",30,"o ii 11","saŋ[head]N al[hoe]N","{ŋeš}saŋ al",0,"saŋ[head]N_al[hoe]N"
"P332939",60,"r ii' 4'","niŋgida[rod?]N margida[cart]N","{ŋeš}niŋ₂-gid₂-da mar-gid₂-da",0,"niŋgida[rod?]N_margida[cart]N"
"P332934",396,"r iv 30'","x[NA]NA margida[cart]N","x mar-gid₂-da",0,"x[NA]NA_margida[cart]N"
"P253866",19,"o i 14'","šerim[~loom]N","{ŋeš}|TAG.TUG₂|",0,"šerim[~loom]N"
"P271911",439,"r ii 41","gud.si.AŠ[ram]N","gud-si-AŠ",0,"gud.si.AŠ[ram]N"
"P271301",94,"o ii 42","tir[forest]N eren[cedar]N","{ŋeš}tir {ŋeš}eren",0,"tir[forest]N_eren[cedar]N"
"P273880",577,"c iv 9","{ŋeš}x[NA]NA","{ŋeš}x",0,"{ŋeš}x[NA]NA"
"P492330",24,"o ii 7","tukul[weapon]N mahdi[exalted]AJ","{ŋeš}tukul mah-di",0,"tukul[weapon]N_mahdi[exalted]AJ"
"P271301",245,"o v 18'","guza[chair]N munus[woman]N","{ŋeš}gu-za munus",0,"guza[chair]N_munus[woman]N"
"P250736",65,"o ii 39","muru[mat]N gid[long]V/i","{gi}muruₓ(|KID.MAH|) gid₂",0,"muru[mat]N_gid[long]V/i"
"P447996",216,"r iii 17","x[NA]NA ma[ship]N","x ma₂",0,"x[NA]NA_ma[ship]N"
"P273880",208,"b i 58'","balak[spindle]N","{ŋeš}balak",0,"balak[spindle]N"
"P271911",476,"r iii 15","tukul[weapon]N Damu[1]DN","tukul {d}da-mu",0,"tukul[weapon]N_Damu[1]DN"
"P271771",98,"r i 4'","izzi[wall]N guza[chair]N","{ŋeš}i-zi gu-za",0,"izzi[wall]N_guza[chair]N"
"P271911",403,"r ii 16","zamin[lyre]N","za₃-mi₂",0,"zamin[lyre]N"
"P332934",392,"r iv 26'","x[NA]NA margida[cart]N","x mar-gid₂-da",0,"x[NA]NA_margida[cart]N"
"P273880",393,"b iv 61","eškiri[rope]N","{ŋeš}eškiri₂",0,"eškiri[rope]N"
"P271301",189,"o iv 23","su[fibers]N kiri[orchard]N e[leave]V/i ŋešnimbar[palm]N","{ŋeš}zi {ŋeš}kiri₆ e₃ ŋešnimbar",0,"su[fibers]N_kiri[orchard]N_e[leave]V/i_ŋešnimbar[palm]N"
"P253228",58,"r i 22","{ŋeš}x[NA]NA maš[twin]N","{ŋeš}x maš",0,"{ŋeš}x[NA]NA_maš[twin]N"
"P273880",184,"b i 34'","ŋešnud[bed]N šagkal[tree]N","ŋeš-nud šag₄-kal",0,"ŋešnud[bed]N_šagkal[tree]N"
"P409465",1,"1","ma[ship]N {d}ti-il[NA]NA Enlil[1]DN","{ŋeš}ma₂ {d}ti-il {d}en-lil₂",0,"ma[ship]N_{d}ti-il[NA]NA_Enlil[1]DN"
"P447996",4,"unknown","unknown","unknown",999,"unknown"
"Q000039",463,"414","niŋzu[~loom]N","{ŋeš}niŋ₂-zu",0,"niŋzu[~loom]N"
"Q000039",777,"706","ŋeš[tree]N šuniŋin[total]N","ŋeš šu-niŋin₂",0,"ŋeš[tree]N_šuniŋin[total]N"
"P459218",14,"o i 18'","usakar[moon]N ig[door]N","{ŋeš}u₄-sakar ig",0,"usakar[moon]N_ig[door]N"
"P346714",148,"r iv 31'","illar[weapon]N niŋin[encircle]V/t","{ŋeš}illar niŋin",0,"illar[weapon]N_niŋin[encircle]V/t"
"P253233",77,"r iii 16'","hašhur[apple]N kur[mountain]N","{ŋeš}hašhur kur",0,"hašhur[apple]N_kur[mountain]N"
"Q000001",411,"410","uzu[flesh]N |KA×GAR|[NA]NA","uzu |KA×GAR|",0,"uzu[flesh]N_|KA×GAR|[NA]NA"
"P247864",230,"o iv 41","ig[door]N sakar-ra[NA]NA","{ŋeš}ig sakar-ra",0,"ig[door]N_sakar-ra[NA]NA"
"P447996",95,"o v 20","ŋipar[tree]N","{ŋeš}ŋi₆-par₄",0,"ŋipar[tree]N"
"Q000039",750,"679","dih[weed]N kur[mountain]N","{ŋeš}dih₃ kur",0,"dih[weed]N_kur[mountain]N"
"P253228",8,"o i 5","al[hoe]N zu[tooth]N min[two]NU","{ŋeš}al zu₂ min",0,"al[hoe]N_zu[tooth]N_min[two]NU"
"P349859",1,"01'","sa[net]N x[NA]NA","{ŋeš}sa x",0,"sa[net]N_x[NA]NA"
"P273880",418,"c i 21","dur[board]N","{ŋeš}dur₂",0,"dur[board]N"
"P271301",402,"r iii 35","ma[ship]N ninnu[fifty]NU gur[unit]N","{ŋeš}ma₂ ninnu gur",0,"ma[ship]N_ninnu[fifty]NU_gur[unit]N"
"P271911",8,"unknown","unknown","unknown",1,"unknown"
"X100003",2,"o 1","taškarin[boxwood]N","{ŋeš}taškarin",0,"taškarin[boxwood]N"
"P332934",306,"r iii 9'","ma[ship]N {d}gu₂-du₈[NA]NA niŋ₂-da[NA]NA","{ŋeš}ma₂ {d}gu₂-du₈ niŋ₂-da",0,"ma[ship]N_{d}gu₂-du₈[NA]NA_niŋ₂-da[NA]NA"
"Q000039",546,"490","gag[nail]N šum[garlic]N širdili[~garlic]N","{ŋeš}gag šum₂ šir-dili",0,"gag[nail]N_šum[garlic]N_širdili[~garlic]N"
"P250736",25,"o i 21","gi[reed]N x[NA]NA","gi x",0,"gi[reed]N_x[NA]NA"
"P459217",172,"r iv 6","x-IB[NA]NA","x-IB",0,"x-IB[NA]NA"
"P437074",164,"unknown","unknown","unknown",999,"unknown"
"Q000039",592,"533","sahir[net]N","{ŋeš}sa-hir",0,"sahir[net]N"
"P459230",2,"o 1","ma[ship]N Ninurta[1]DN","{ŋeš}ma₂ {d}nin-urta",0,"ma[ship]N_Ninurta[1]DN"
"P429503",121,"r i' 25'","ŋešgana[pestle]N","ŋeš-gan-na",0,"ŋešgana[pestle]N"
"Q000001",397,"396","bizaza[frog]N","bil₂-za-za",0,"bizaza[frog]N"
"P447996",116,"o v 41","ŋešnimbar[palm]N šeŋ[cook]V/t","{ŋeš}ŋešnimbar šeŋ₆",0,"ŋešnimbar[palm]N_šeŋ[cook]V/t"
"P271911",294,"o iv 55","ŋidru[scepter]N ellaŋdu[trap]N","ŋidru ellaŋ₂-du₃",0,"ŋidru[scepter]N_ellaŋdu[trap]N"
"P347814",180,"c i 36'","al[hoe]N zu[tooth]N eš[three]NU","{ŋeš}al zu₂ eš₅",0,"al[hoe]N_zu[tooth]N_eš[three]NU"
"P271911",532,"unknown","unknown","unknown",1,"unknown"
"P271771",124,"r ii 11'","emerah[jug]N gal[big]V/i","{ŋeš}emerahₓ(|UD.HUB₂|) gal",0,"emerah[jug]N_gal[big]V/i"
"P272243",12,"o i' 8'","ŋešnimbar[palm]N Dilmun[1]GN","{ŋeš}ŋešnimbar dilmun",0,"ŋešnimbar[palm]N_Dilmun[1]GN"
"P247864",421,"o vii 40'","guza[chair]N gid[drag]V/t ya[five]NU kuš[skin]N","{ŋeš}gu-za gid₂ ia₂ kuš",0,"guza[chair]N_gid[drag]V/t_ya[five]NU_kuš[skin]N"
"P272243",10,"o i' 6'","x[NA]NA","x",0,"x[NA]NA"
"P346714",158,"r iv 41'","gag[nail]N šu[NA]NA eš[three]NU","{ŋeš}gag šu eš",0,"gag[nail]N_šu[NA]NA_eš[three]NU"
"Q000039",237,"201","ŋešdi[rung]N guza[chair]N","ŋeš-di₅ gu-za",0,"ŋešdi[rung]N_guza[chair]N"
"Q000039",738,"667","{ŋeš}KAL[NA]NA","{ŋeš}KAL",0,"{ŋeš}KAL[NA]NA"
"P271320",56,"r ii' 5'","sudin[~chariot]N margida[cart]N","{ŋeš}su-din mar-gid₂-da",0,"sudin[~chariot]N_margida[cart]N"
"P249794",12,"unknown","unknown","unknown",999,"unknown"
"Q000039",505,"452a","igiŋal[~plow]N apin[plow]N","{ŋeš}igi-ŋal₂ apin",0,"igiŋal[~plow]N_apin[plow]N"
"P299509",2,"2","ŋeš.nud.AŠ.nud[bed]N","ŋeš-nud-AŠ-nud",0,"ŋeš.nud.AŠ.nud[bed]N"
"P271301",339,"r ii 23","suku[pole]N kuŋ[stair]N","{ŋeš}suku₆ kun₄",0,"suku[pole]N_kuŋ[stair]N"
"P250736",203,"r ii 7","{dug}x-x-x-x[NA]NA","{dug}x-x-x-x",0,"{dug}x-x-x-x[NA]NA"
"P389511",10,"o 9","šaršabid[tree]N","{ŋeš}šarₓ(NE)-ša₄-bit",0,"šaršabid[tree]N"
"P273880",403,"c i 6","kan[gate]N","{ŋeš}kan₄",0,"kan[gate]N"
"P273880",316,"b iii 44","alŋar[instrument]N","{ŋeš}al-ŋar",0,"alŋar[instrument]N"
"P247864",200,"o iv 11","{ŋeš}x[NA]NA","{ŋeš}x",0,"{ŋeš}x[NA]NA"
"P271911",32,"o i 22'","nukušu[~door]N anta[upper]V/t","nu-kuš₂ an-ta",0,"nukušu[~door]N_anta[upper]V/t"
"P253228",9,"o i 6","al[hoe]N zu[tooth]N eš[three]NU","{ŋeš}al zu₂ eš₅",0,"al[hoe]N_zu[tooth]N_eš[three]NU"
"P271301",94,"o ii 42","tir[forest]N eren[cedar]N","{ŋeš}tir {ŋeš}eren",0,"tir[forest]N_eren[cedar]N"
"P273880",675,"d ii 10'","ŋeš[tree]N sukud[height]N","ŋeš sukud",0,"ŋeš[tree]N_sukud[height]N"
"P250364",172,"unknown","unknown","unknown",7,"unknown"
"P273880",172,"b i 15'","saŋ[head]N guza[chair]N","{ŋeš}saŋ gu-za",0,"saŋ[head]N_guza[chair]N"
"P250364",173,"r v 1'","mu[year]N Samsuʾiluna[01]RN lugal[king]N","mu sa-am-su-i-lu-na lugal",0,"mu[year]N_Samsuʾiluna[01]RN_lugal[king]N"
"Q000001",140,"140","maš[goat]N igidu[gift]N","maš₂ igi-duh-a",0,"maš[goat]N_igidu[gift]N"
"P271301",401,"r iii 34","ma[ship]N ŋeš[sixty]NU gur[unit]N","{ŋeš}ma₂ ŋeš₂ gur",0,"ma[ship]N_ŋeš[sixty]NU_gur[unit]N"
"P271301",377,"r iii 10","ma[ship]N peš[thick]V/i","{ŋeš}ma₂ peš-peš",0,"ma[ship]N_peš[thick]V/i"
"P332934",280,"r iii 7","ma[ship]N x[NA]NA","{ŋeš}ma₂ x",0,"ma[ship]N_x[NA]NA"
"P388265",108,"iv 25","mud[stump]N ŋešnimbar[palm]N","{ŋeš}mud ŋešnimbar",0,"mud[stump]N_ŋešnimbar[palm]N"
"Q000039",153,"129","huš[plant]N","{ŋeš}huš",0,"huš[plant]N"
"P459216",157,"r iii 24'","ma[ship]N x[NA]NA","{ŋeš}ma₂ x",0,"ma[ship]N_x[NA]NA"
"P250361",4,"o 2'","{ŋeš}x[NA]NA zid[right]V/i ŋešnud[bed]N","{ŋeš}x zid nud",0,"{ŋeš}x[NA]NA_zid[right]V/i_ŋešnud[bed]N"
"P250361",13,"o ii 1'","šusaŋ[compressor]N apin[plow]N","{ŋeš}šu-saŋ apin",0,"šusaŋ[compressor]N_apin[plow]N"
"P332934",189,"o iii 25","ŋešnimbar[palm]N uhin[date]N giggi[black]V/i","{ŋeš}ŋešnimbar u₄-hi-in giggi",0,"ŋešnimbar[palm]N_uhin[date]N_giggi[black]V/i"
"P388265",400,"r vi 41","mud[stump]N x[NA]NA MUŠ₃[NA]NA","{ŋeš}mud x MUŠ₃",0,"mud[stump]N_x[NA]NA_MUŠ₃[NA]NA"
"P347814",219,"c ii 25'","mar[shovel]N niŋsur[beer]N","{ŋeš}mar niŋ₂-sur",0,"mar[shovel]N_niŋsur[beer]N"
"P271549",13,"8'","x[NA]NA","x",0,"x[NA]NA"
"P235262",112,"d ii 17'","dub[knee]N bar[outside]V/t margida[cart]N","{ŋeš}dub₃ bar mar-gid₂-da",0,"dub[knee]N_bar[outside]V/t_margida[cart]N"
"P389511",5,"o 4","elammakum[tree]N","{ŋeš}e-lam-ma-kum",0,"elammakum[tree]N"
"P250364",61,"o iv 1","{ŋeš}x[NA]NA","{ŋeš}x",0,"{ŋeš}x[NA]NA"
"P271301",361,"r ii 45","ma[ship]N šukud[fisherman]N","{ŋeš}ma₂ šu-ku₆",0,"ma[ship]N_šukud[fisherman]N"
"P250364",134,"unknown","unknown","unknown",999,"unknown"
"P250736",131,"o iv 24","gi[reed]N tur[small]V/i","gi tur-tur",0,"gi[reed]N_tur[small]V/i"
"P388265",191,"r ii 18","mar[shovel]N","{ŋeš}mar",0,"mar[shovel]N"
"P429503",4,"o i 1","taškarin[boxwood]N","{ŋeš}taškarin",0,"taškarin[boxwood]N"
"P271301",34,"o i 31","peš[fig]N Mari[1]SN","{ŋeš}peš₃ ma₂-ri₂{ki}",0,"peš[fig]N_Mari[1]SN"
"P459217",172,"r iv 6","x-IB[NA]NA","x-IB",0,"x-IB[NA]NA"
"P250364",55,"o iii 5'","{ŋeš}x[NA]NA","{ŋeš}x",0,"{ŋeš}x[NA]NA"
"P250736",146,"o iv 39","gi[reed]N HAR-x[NA]NA","gi HAR-x",0,"gi[reed]N_HAR-x[NA]NA"
"P332934",277,"unknown","unknown","unknown",4,"unknown"
"P247864",145,"o iii 19","{ŋeš}x[NA]NA margida[cart]N","{ŋeš}x mar-gid₂-da",0,"{ŋeš}x[NA]NA_margida[cart]N"
"P235262",65,"d i 8'","{ŋeš}peš-LU₂-HU[NA]NA ma[ship]N","{ŋeš}peš-LU₂-HU ma₂",0,"{ŋeš}peš-LU₂-HU[NA]NA_ma[ship]N"
"P459216",98,"r i 3'","{ŋeš}x[NA]NA","{ŋeš}x",0,"{ŋeš}x[NA]NA"
"P271301",165,"o iii 53","ŋešnimbar[palm]N ŋeštin[vine]N","{ŋeš}ŋešnimbar ŋeštin",0,"ŋešnimbar[palm]N_ŋeštin[vine]N"
"P346714",136,"r iv 16'","sa[net]N mah[great]V/i","{ŋeš}sa mah",0,"sa[net]N_mah[great]V/i"
"P347814",223,"c ii 29'","mar[shovel]N im[clay]N","{ŋeš}mar im",0,"mar[shovel]N_im[clay]N"
"P253866",15,"o i 10'","niŋmenbulug[~loom]N","{ŋeš}niŋ₂-menbulug₂",0,"niŋmenbulug[~loom]N"
"P247864",448,"r i 8","egir[back]N ŋešnud[bed]N","{ŋeš}egir nud",0,"egir[back]N_ŋešnud[bed]N"
"P253245",5,"o 2","kan[gate]N","{ŋeš}kan₄",0,"kan[gate]N"
"P346714",85,"r iii 07'","esi[tree]N","{ŋeš}esi",0,"esi[tree]N"
"X100003",20,"r 4","ŋeštinguruma[~vine]N","{ŋeš}ŋeštin-gurum-ma",0,"ŋeštinguruma[~vine]N"
"P235262",4,"unknown","unknown","unknown",10,"unknown"
"P250362",3,"3","{ŋeš}hub₂[NA]NA","{ŋeš}hub₂",0,"{ŋeš}hub₂[NA]NA"
"Q000039",340,"300","anše[equid]N ma[ship]N","{ŋeš}anše ma₂",0,"anše[equid]N_ma[ship]N"
"P388265",160,"r i 38","ellag[ball]N","{ŋeš}ellag",0,"ellag[ball]N"
"P247864",84,"o ii 21","{ŋeš}x-x[NA]NA ŋešnimbar[palm]N","{ŋeš}x-x ŋešnimbar",0,"{ŋeš}x-x[NA]NA_ŋešnimbar[palm]N"
"P271301",427,"r iv 8","{ŋeš}x[NA]NA x[NA]NA gigir[chariot]N","{ŋeš}x x gigir",0,"{ŋeš}x[NA]NA_x[NA]NA_gigir[chariot]N"
"P433291",3,"o 2","eš[tree]N","{ŋeš}eš₂₂",0,"eš[tree]N"
"P247864",350,"o vi 34","gag[nail]N mar[shovel]N x[NA]NA","{ŋeš}gag mar x",0,"gag[nail]N_mar[shovel]N_x[NA]NA"
"Q000039",297,"261","girah[tool]N","{ŋeš}girah(|ŠU.DIM₂|)",0,"girah[tool]N"
"P247864",230,"o iv 41","ig[door]N sakar-ra[NA]NA","{ŋeš}ig sakar-ra",0,"ig[door]N_sakar-ra[NA]NA"
"P250736",160,"r i 14","hal[basket]N mušen[bird]N","{gi}hal mušen",0,"hal[basket]N_mušen[bird]N"
"P388265",401,"unknown","unknown","unknown",2,"unknown"
"P271911",524,"r iii 53","ubila[charcoal]N","u₅-bil₂-la₂",0,"ubila[charcoal]N"
"P273880",554,"c iii 39","ŋešnimbar[palm]N x-x[NA]NA","{ŋeš}ŋešnimbar x-x",0,"ŋešnimbar[palm]N_x-x[NA]NA"
"P271911",141,"unknown","unknown","unknown",1,"unknown"
"P253228",42,"r i 6","ŋipar[tree]N ah[dry]V/i","{ŋeš}ŋi₆-par₄ e₃",0,"ŋipar[tree]N_ah[dry]V/i"
"P273880",33,"unknown","unknown","unknown",999,"unknown"
"Q000039",777,"706","ŋeš[tree]N šuniŋin[total]N","ŋeš šu-niŋin₂",0,"ŋeš[tree]N_šuniŋin[total]N"
"Q000039",189,"156","{ŋeš}HUB₂[NA]NA","{ŋeš}HUB₂",0,"{ŋeš}HUB₂[NA]NA"
"P459230",3,"o 2","ma[ship]N sig[weak]V/i","{ŋeš}ma₂ sig",0,"ma[ship]N_sig[weak]V/i"
"P273880",312,"b iii 40","ušub[brick-mold]N","{ŋeš}u₃-šub",0,"ušub[brick-mold]N"
"Q000039",665,"599","{ŋeš}x-balaŋ[NA]NA","{ŋeš}x-balaŋ",0,"{ŋeš}x-balaŋ[NA]NA"
"Q000001",495,"491","uzu[flesh]N uš[membrane]N","uzu |E₂×SAL|",0,"uzu[flesh]N_uš[membrane]N"
"P459227",7,"unknown","unknown","unknown",999,"unknown"
"P271771",62,"o iv 18","su[fibers]N gal[big]V/i ŋešnimbar[palm]N","{ŋeš}su₁₁ gu-la ŋešnimbar",0,"su[fibers]N_gal[big]V/i_ŋešnimbar[palm]N"
"P247864",218,"o iv 29","balak[spindle]N","{ŋeš}balak",0,"balak[spindle]N"
"P273880",595,"c iv 29","gur[rim]N ala[drum]N","{ŋeš}gur₂ a-la₂",0,"gur[rim]N_ala[drum]N"
"P429503",159,"r iii' 2'","usan[whip]N gud[ox]N","{ŋeš}usan₃ gud",0,"usan[whip]N_gud[ox]N"
"P271911",100,"o ii 25","garig[comb]N tur[small]V/i","ga-rig₂ tur",0,"garig[comb]N_tur[small]V/i"
"P271911",373,"r i 55'","šerah[shovel]N","še-ra-ah",0,"šerah[shovel]N"
"P273880",269,"b ii 62","banšur[table]N sag[good]V/i","{ŋeš}banšurₓ(|URU×IGI.URUDA|) sag₉",0,"banšur[table]N_sag[good]V/i"
"P437074",103,"b iii 7'","guza[chair]N ŋeškiŋti[workshop]N","{ŋeš}gu-za ŋeš-kiŋ₂-ti",0,"guza[chair]N_ŋeškiŋti[workshop]N"
"P250364",174,"r v 2'","aʾaŋa[assignment]N Enlil[1]DN","a₂-aŋ₂-ŋa₂ {d}en-lil₂-ka",0,"aʾaŋa[assignment]N_Enlil[1]DN"
"P459217",102,"iv 24","hara[shoot]N ŋešnimbar[palm]N","{ŋeš}ha-ra ŋešnimbar",0,"hara[shoot]N_ŋešnimbar[palm]N"
"P253233",7,"o i 2","dilim[spoon]N kag[mouth]N","{ŋeš}dilim₂ ka",0,"dilim[spoon]N_kag[mouth]N"
"P459216",48,"ii 16","mes[tree]N x[NA]NA","{ŋeš}mes x",0,"mes[tree]N_x[NA]NA"
"P447996",154,"r i 36","kita[basket]N ŋešnimbar[palm]N","{ŋeš}kid-da ŋešnimbar",0,"kita[basket]N_ŋešnimbar[palm]N"
"P347814",93,"b i 18'","{ŋeš}x-KA[NA]NA apin[plow]N","{ŋeš}x-KA apin",0,"{ŋeš}x-KA[NA]NA_apin[plow]N"
"P370399",113,"o iv 10'","DUB.du₃[~vehicle]N šag[heart]N","{ŋeš}ŠID šag₄",0,"DUB.du₃[~vehicle]N_šag[heart]N"
"P247864",147,"o iii 21","{ŋeš}|LAGAB×KUL|[NA]NA margida[cart]N","{ŋeš}|LAGAB×KUL| mar-gid₂-da",0,"{ŋeš}|LAGAB×KUL|[NA]NA_margida[cart]N"
"Q000039",728,"655a","pa[branch]N kud[cut]V/t ug[die]V/t","{ŋeš}pa kud ug₅-ga",0,"pa[branch]N_kud[cut]V/t_ug[die]V/t"
"P332934",367,"r iv 1'","x-ga[NA]NA","x-ga",0,"x-ga[NA]NA"
"P250364",52,"o iii 2'","{ŋeš}x[NA]NA","{ŋeš}x",0,"{ŋeš}x[NA]NA"
"P273880",662,"d i 46'","udug[demon]N","{ŋeš}{d}udug",0,"udug[demon]N"
"P459218",79,"o iii 30","gag[nail]N leʾum[board]N apin[plow]N","{ŋeš}gag li apin",0,"gag[nail]N_leʾum[board]N_apin[plow]N"
"P332930",12,"o 10","ma[ship]N Uri[Akkad]GN","{ŋeš}ma₂ uri-a{ki}",0,"ma[ship]N_Uri[Akkad]GN"
"P459216",159,"r iii 26'","ma[ship]N x[NA]NA gur[unit]N","{ŋeš}ma₂ x gur",0,"ma[ship]N_x[NA]NA_gur[unit]N"
"P250364",85,"o v 6","sa[net]N gi[thicket]N","{ŋeš}sa {ŋeš}gi",0,"sa[net]N_gi[thicket]N"
"P459218",28,"o ii 7'","niŋmenbulug[~loom]N","{ŋeš}niŋ₂-menbulug₂",0,"niŋmenbulug[~loom]N"
"Q000001",232,"232","amar[young]N mu[year]N 1(aš)[NA]NA","amar mu 1(aš)",0,"amar[young]N_mu[year]N_1(aš)[NA]NA"
"P225126",5,"o i 3","ma[ship]N {ŋeš}x[NA]NA","{ŋeš}ma₂ {ŋeš}x",0,"ma[ship]N_{ŋeš}x[NA]NA"
"P346714",18,"r i 22'","{ŋeš}x[NA]NA margida[cart]N","{ŋeš}x mar-gid₂-da",0,"{ŋeš}x[NA]NA_margida[cart]N"
"P459218",31,"o ii 10'","ilila[lever]N","{ŋeš}il₂-il₂",0,"ilila[lever]N"
"Q000039",628,"562","lubi[ax]N","{ŋeš}lib-bi-da",0,"lubi[ax]N"
"P273880",309,"b iii 37","al[hoe]N zu[tooth]N min[two]NU","{ŋeš}al zu₂ min",0,"al[hoe]N_zu[tooth]N_min[two]NU"
"P250364",142,"r iii 8'","{ŋeš}x-x[NA]NA","{ŋeš}x-x",0,"{ŋeš}x-x[NA]NA"
"P388265",412,"r vi 56","gida[spear]N","{ŋeš}gid₂-da",0,"gida[spear]N"
"Q000039",426,"380a","ig[door]N papah[cella]N","{ŋeš}ig pa-pah",0,"ig[door]N_papah[cella]N"
"P250736",220,"r ii 24","sila[unit]N GAR[NA]NA","{dug}niŋ₂-sila₃ GAR",0,"sila[unit]N_GAR[NA]NA"
"Q000001",140,"140","maš[goat]N igidu[gift]N","maš₂ igi-duh-a",0,"maš[goat]N_igidu[gift]N"
"P370399",203,"o viii 4'","x-si-x[NA]NA","x-si-x",0,"x-si-x[NA]NA"
"P347814",259,"d i 14'","si[horn]N","{ŋeš}si",0,"si[horn]N"
"P459217",133,"r i 20'","arina[madder]N","{ŋeš}i-ri₉-na",0,"arina[madder]N"
"P459217",68,"iii 18","arganum[conifer]N","{ŋeš}ar-ga-nu-um",0,"arganum[conifer]N"
"P447996",114,"o v 39","ŋešnimbar[palm]N Meluhha[1]GN","{ŋeš}ŋešnimbar me-luh-ha",0,"ŋešnimbar[palm]N_Meluhha[1]GN"
"P492330",38,"r i 8'","{ŋeš}a-x[NA]NA","{ŋeš}a-x",0,"{ŋeš}a-x[NA]NA"
"Q000039",134,"111","ad[bush]N","{ŋeš}ad₂",0,"ad[bush]N"
"P247864",150,"o iii 24","{ŋeš}x-x[NA]NA margida[cart]N","{ŋeš}x-x mar-gid₂-da",0,"{ŋeš}x-x[NA]NA_margida[cart]N"
"Q000001",15,"15","udu[sheep]N gukkal[sheep]N ib[hips]N la[hang]V/t","udu gukkal ib₂ la₂",0,"udu[sheep]N_gukkal[sheep]N_ib[hips]N_la[hang]V/t"
"P250364",40,"o ii 15","apin[plow]N šudu[equipped]AJ","{ŋeš}apin šu-du₇",0,"apin[plow]N_šudu[equipped]AJ"
"Q000001",265,"265","muš[snake]N Nirah[1]DN","muš {d}nirah",0,"muš[snake]N_Nirah[1]DN"
"P447996",218,"r iii 19","x-la[NA]NA ma[ship]N","x-la ma₂",0,"x-la[NA]NA_ma[ship]N"
"Q000001",164,"164","sila[lamb]N ga[milk]N gu[eat]V/t","sila₄ ga gu₇",0,"sila[lamb]N_ga[milk]N_gu[eat]V/t"
"P271911",502,"r iii 36","zena[weapon]N","ze₂-na",0,"zena[weapon]N"
"P273880",437,"c i 42","emarru[quiver]N","{ŋeš}e₂-mar-ur₅",0,"emarru[quiver]N"
"P273880",551,"c iii 36","ŋešnimbar[palm]N nim[high]V/i","{ŋeš}ŋešnimbar nim",0,"ŋešnimbar[palm]N_nim[high]V/i"
"P273880",169,"b i 12'","guza[chair]N namdumu[status]N","{ŋeš}gu-za nam-dumu",0,"guza[chair]N_namdumu[status]N"
"Q000039",623,"557","kakpana[arrow]N","{ŋeš}kak-pana",0,"kakpana[arrow]N"
"P332939",59,"r ii' 3'","{ŋeš}šir-x[NA]NA margida[cart]N","{ŋeš}šir-x mar-gid₂-da",0,"{ŋeš}šir-x[NA]NA_margida[cart]N"
"P253233",9,"o i 4","bariga[unit]N","{ŋeš}ba-ri₂-ga",0,"bariga[unit]N"
"P271911",78,"o ii 7","il[basket]N siki[hair]N","il₂ siki",0,"il[basket]N_siki[hair]N"
"P273880",562,"c iii 47","ŋešnimbar[palm]N bal[dig]V/t","{ŋeš}ŋešnimbar ba-al",0,"ŋešnimbar[palm]N_bal[dig]V/t"
"P271911",319,"r i 10'","imittu[spear]N","e-mi-it-tum",0,"imittu[spear]N"
"P271911",469,"r iii 6","hedu[ornament]N","he₂-du₇",0,"hedu[ornament]N"
"P299494",2,"2","na[box]N gal[big]V/i","{ŋeš}na gal",0,"na[box]N_gal[big]V/i"
"P332939",58,"r ii' 2'","gag[nail]N x[NA]NA margida[cart]N","{ŋeš}gag x mar-gid₂-da",0,"gag[nail]N_x[NA]NA_margida[cart]N"
"P253238",3,"unknown","unknown","unknown",999,"unknown"
"Q000039",110,"88","dala[thorn]N ŋešnimbar[palm]N","{ŋeš}dala₂ ŋešnimbar",0,"dala[thorn]N_ŋešnimbar[palm]N"
"P247864",33,"o i 30","{ŋeš}x[NA]NA x[NA]NA","{ŋeš}x x",0,"{ŋeš}x[NA]NA_x[NA]NA"
"Q000001",226,"226","amar[young]N ga[milk]N sub[rub]V/t","amar ga sub",0,"amar[young]N_ga[milk]N_sub[rub]V/t"
"P273880",303,"b iii 31","{ŋeš}x[NA]NA mar[shovel]N","{ŋeš}x mar",0,"{ŋeš}x[NA]NA_mar[shovel]N"
"P388265",31,"ii 14","{ŋeš}NE-dar[NA]NA","{ŋeš}NE-dar",0,"{ŋeš}NE-dar[NA]NA"
"P388265",2,"unknown","unknown","unknown",4,"unknown"
"P247864",272,"o v 20","ebir[vessel-stand]N","{ŋeš}epir₂(BI)",0,"ebir[vessel-stand]N"
"P273880",685,"d ii 21'","ŋešhur[plan]N saŋtag[~worker]N","ŋeš-hur saŋ-tag",0,"ŋešhur[plan]N_saŋtag[~worker]N"
"P247864",389,"o vii 8'","šuʾa[stool]N","{ŋeš}šu₂-a",0,"šuʾa[stool]N"
"P271911",76,"unknown","unknown","unknown",5,"unknown"
"P346714",81,"r iii 03'","ellag[ball]N","{ŋeš}ellag",0,"ellag[ball]N"
"P370399",6,"o i 3'","x[NA]NA ŋešnimbar[palm]N","x ŋešnimbar",0,"x[NA]NA_ŋešnimbar[palm]N"
"Q000039",675,"609","{ŋeš}AN[NA]NA x[NA]NA ŋal₂[NA]NA","{ŋeš}AN x ŋal₂",0,"{ŋeš}AN[NA]NA_x[NA]NA_ŋal₂[NA]NA"
"P459217",55,"iii 5","eren[cedar]N","{ŋeš}eren",0,"eren[cedar]N"
"P272243",29,"r i 10","ŋešnimbar[palm]N šeŋ[cook]V/t","{ŋeš}ŋešnimbar šeŋ₆",0,"ŋešnimbar[palm]N_šeŋ[cook]V/t"
"P429504",21,"o iii' 2","ad[bush]N","{ŋeš}ad₂",0,"ad[bush]N"
"P271911",593,"r iv 49","x[NA]NA","x",0,"x[NA]NA"
"P492330",10,"o i 8","ŋešed[key]N","ŋeš-e₃",0,"ŋešed[key]N"
"P388265",427,"t.e. ii 6","arina[madder]N","{ŋeš}i-ri₂-na",0,"arina[madder]N"
"P273880",30,"a i 46'","asal[poplar]N dug[good]V/i","{ŋeš}asal₂ dug₃",0,"asal[poplar]N_dug[good]V/i"
"P271771",115,"r ii 2'","banšur[table]N","{ŋeš}banšur",0,"banšur[table]N"
"P388265",154,"r i 32","sugin[rot]N","{ŋeš}sugin",0,"sugin[rot]N"
"Q000001",395,"394","ŋirtab[scorpion]N su[red]V/i","ŋir₂-tab su₄",0,"ŋirtab[scorpion]N_su[red]V/i"
"P332934",303,"r iii 6'","ma[ship]N Idlurugu[1]DN","{ŋeš}ma₂ {d}id₂-lu₂-ru-gu₂",0,"ma[ship]N_Idlurugu[1]DN"
"Q000039",347,"307","maʾaddir[ferryboat]N","{ŋeš}ma₂-addir",0,"maʾaddir[ferryboat]N"
"Q000001",334,"334","zu[tooth]N uman[insect]N","zu₂ umanₓ(|HI×AŠ₂|)",0,"zu[tooth]N_uman[insect]N"
"Q000039",85,"67","ŋešnimbar[palm]N kur[mountain]N","{ŋeš}ŋešnimbar kur",0,"ŋešnimbar[palm]N_kur[mountain]N"
"Q000039",309,"272","ma[ship]N peš[thick]V/i","{ŋeš}ma₂ peš-peš",0,"ma[ship]N_peš[thick]V/i"
"Q000039",289,"253","buniŋ[trough]N tur[small]V/i","{ŋeš}buniŋ tur",0,"buniŋ[trough]N_tur[small]V/i"
"P429503",125,"r ii' 1'","ma[ship]N Luʾunug[1]DN","{ŋeš}ma₂ {d}lu₂-unug{ki}",0,"ma[ship]N_Luʾunug[1]DN"
"P271911",146,"o ii 64","apin[plow]N šu[hand]N","apin šu",0,"apin[plow]N_šu[hand]N"
"P346714",12,"unknown","unknown","unknown",10,"unknown"
"P250736",120,"o iv 13","bisaŋ[basket]N zatum[flour]N","{gi}bisaŋ za-tum",0,"bisaŋ[basket]N_zatum[flour]N"
"P247864",43,"o i 40","manu[wood]N","{ŋeš}ma-nu",0,"manu[wood]N"
"P271911",93,"o ii 19","e[house]N balak[spindle]N","e₂ balak",0,"e[house]N_balak[spindle]N"
"P250736",67,"o iii 1","kid[mat]N ma[ship]N","{gi}kid ma₂",0,"kid[mat]N_ma[ship]N"
"P273880",507,"c ii 52","kuŋ[stair]N","{ŋeš}kuŋ₄",0,"kuŋ[stair]N"
"P437074",125,"b iii 11''","{ŋeš}x-x[NA]NA","{ŋeš}x-x",0,"{ŋeš}x-x[NA]NA"
"P273880",166,"b i 9'","guza[chair]N šah[pig]N šum[slaughter]V/t","{ŋeš}gu-za šah₂ šum",0,"guza[chair]N_šah[pig]N_šum[slaughter]V/t"
"P271301",370,"r iii 3","ma[ship]N hedu[ornament]N","{ŋeš}ma₂ he₂-du₇",0,"ma[ship]N_hedu[ornament]N"
"P247864",444,"r i 4","{ŋeš}LIŠ[NA]NA ŋešnud[bed]N","{ŋeš}LIŠ nud",0,"{ŋeš}LIŠ[NA]NA_ŋešnud[bed]N"
"P247864",342,"o vi 26","banšur[table]N x-x[NA]NA","{ŋeš}banšur x-x",0,"banšur[table]N_x-x[NA]NA"
"P388265",286,"r iv 26","kul[handle]N ig[door]N","{ŋeš}kul ig",0,"kul[handle]N_ig[door]N"
"P273880",475,"c ii 19","ma[ship]N šukud[fisherman]N","{ŋeš}ma₂ šu-HA@g",0,"ma[ship]N_šukud[fisherman]N"
"P273880",497,"c ii 42","ma[ship]N id[river]N","{ŋeš}ma₂ id₂",0,"ma[ship]N_id[river]N"
"P271911",415,"r ii 25","tigidlu[instrument]N sa[sinew]N eš[three]NU","tigidla sa uš",0,"tigidlu[instrument]N_sa[sinew]N_eš[three]NU"
"Q000039",457,"408","šerim[~loom]N","{ŋeš}|TAG.TUG₂|",0,"šerim[~loom]N"
"P459217",78,"iii 28","ŋešnimbar[palm]N x-x[NA]NA","{ŋeš}ŋešnimbar x-x",0,"ŋešnimbar[palm]N_x-x[NA]NA"
"P273880",647,"d i 27'","{ŋeš}x-x[NA]NA","{ŋeš}x-x",0,"{ŋeš}x-x[NA]NA"
"Q000039",383,"340","šudul[yoke]N gigir[chariot]N","{ŋeš}šu₂-dul₄ gigir",0,"šudul[yoke]N_gigir[chariot]N"
"P459217",20,"i 19'","šinig[tamarisk]N kur[mountain]N","{ŋeš}šinig kur",0,"šinig[tamarisk]N_kur[mountain]N"
"P459218",46,"o ii 26'","madal[pole]N","{ŋeš}mudla(BU)",0,"madal[pole]N"
"P247864",332,"o vi 16","gagsisa[arrow]N","{ŋeš}gag-si-sa₂",0,"gagsisa[arrow]N"
"P437074",181,"c ii 15'","{ŋeš}x[NA]NA x[NA]NA","{ŋeš}x x",0,"{ŋeš}x[NA]NA_x[NA]NA"
"P250736",88,"o iii 22","gigur[container]N šuniŋin[total]N","gi-gur šu-niŋin₂",0,"gigur[container]N_šuniŋin[total]N"
"P459218",13,"o i 17'","{ŋeš}$DU[NA]NA ig[door]N","{ŋeš}$DU ig",0,"{ŋeš}$DU[NA]NA_ig[door]N"
"Q000001",207,"207","ab[cow]N peš[thick]V/i","ab₂ peš₇",0,"ab[cow]N_peš[thick]V/i"
"P273880",102,"a iii 41'","ig[door]N šeš[anoint]V/t","{ŋeš}ig šeš₂",0,"ig[door]N_šeš[anoint]V/t"
"P447996",171,"r ii 8","ma[ship]N hili[attractiveness]N","{ŋeš}ma₂ hi-li",0,"ma[ship]N_hili[attractiveness]N"
"P347814",286,"unknown","unknown","unknown",9,"unknown"
"Q000001",390,"389","kiši[ant]N sissig[green]V/i","kiši₈ sig₇-sig₇",0,"kiši[ant]N_sissig[green]V/i"
"P229173",4,"o 3","mes[tree]N Kiʾengir[Sumer]GN","{ŋeš}mes ki-in-gi-ra",0,"mes[tree]N_Kiʾengir[Sumer]GN"
"P273880",49,"a ii 23'","x[NA]NA apin[plow]N","x apin",0,"x[NA]NA_apin[plow]N"
"P271792",13,"r 10'","x-x[NA]NA","x-x",0,"x-x[NA]NA"
"P271301",365,"r ii 49","ma[ship]N x[NA]NA","{ŋeš}ma₂ x",0,"ma[ship]N_x[NA]NA"
"P235262",21,"unknown","unknown","unknown",999,"unknown"
"P228196",8,"8","ganum[stand]N tur[small]V/i","{ŋeš}gan-nu tur",0,"ganum[stand]N_tur[small]V/i"
"Q000001",252,"252","sisi[horse]N","sisi",0,"sisi[horse]N"
"P271911",224,"o iii 64'","x[NA]NA","x",0,"x[NA]NA"
"P271301",179,"o iv 13","su[fibers]N gal[big]V/i ŋešnimbar[palm]N","{ŋeš}su₁₁ gu-la ŋešnimbar",0,"su[fibers]N_gal[big]V/i_ŋešnimbar[palm]N"
"P250736",197,"r ii 1","{dug}x-x[NA]NA","{dug}x-x",0,"{dug}x-x[NA]NA"
"Q000039",430,"383","ig[door]N ul[fruit]N","{ŋeš}ig ul",0,"ig[door]N_ul[fruit]N"
"P247864",140,"o iii 14","guza[chair]N margida[cart]N","{ŋeš}gu-za mar-gid₂-da",0,"guza[chair]N_margida[cart]N"
"P271911",40,"o i 27'","saŋkul[bolt]N nim[high]V/i","saŋ-kul nim",0,"saŋkul[bolt]N_nim[high]V/i"
"P247864",414,"o vii 33'","aga[ax]N HI-LUM[NA]NA","{ŋeš}aga HI-LUM",0,"aga[ax]N_HI-LUM[NA]NA"
"P447996",79,"o v 4","hašhur[apple]N damšelum[plant]N","{ŋeš}hašhur dam-ši-lum",0,"hašhur[apple]N_damšelum[plant]N"
"P459225",16,"r ii 3'","šukara[tool]N","{ŋeš}šu-kara₂",0,"šukara[tool]N"
"P253245",21,"r 1","ŋirigub[footstool]N x[NA]NA","{ŋeš}ŋiri₃-gub x",0,"ŋirigub[footstool]N_x[NA]NA"
"P271320",56,"r ii' 5'","sudin[~chariot]N margida[cart]N","{ŋeš}su-din mar-gid₂-da",0,"sudin[~chariot]N_margida[cart]N"
"P347814",52,"a ii 23'","{ŋeš}x[NA]NA","{ŋeš}x",0,"{ŋeš}x[NA]NA"
"P388265",295,"r iv 35","{ŋeš}|MUŠ%MUŠ|[NA]NA","{ŋeš}|MUŠ%MUŠ|",0,"{ŋeš}|MUŠ%MUŠ|[NA]NA"
"P459216",105,"r i 10'","guza[chair]N mes[tree]N x[NA]NA","{ŋeš}gu-za {ŋeš}mes x",0,"guza[chair]N_mes[tree]N_x[NA]NA"
"P253866",7,"o i 2'","saŋdu[beam]N","{ŋeš}saŋ-du",0,"saŋdu[beam]N"
"P332934",55,"unknown","unknown","unknown",999,"unknown"
"P247864",434,"o vii 53'","guza[chair]N malah[sailor]N","{ŋeš}gu-za ma-lah₄",0,"guza[chair]N_malah[sailor]N"
"P388265",39,"ii 22","šedug[tree]N","{ŋeš}še-dug₃",0,"šedug[tree]N"
"P271911",83,"o ii 11","minbulug[pin]N","niŋ₂-balak",0,"minbulug[pin]N"
"P459217",123,"r i 10'","gizulumma[nettle?]N","{ŋeš}gi-zu₂-lum-na",0,"gizulumma[nettle?]N"
"Q000039",373,"331","GUL[~chariot]N gigir[chariot]N","{ŋeš}GUL gigir",0,"GUL[~chariot]N_gigir[chariot]N"
"P271301",212,"o iv 46","zarraštum[plant]N","{ŋeš}zar-aš-tum",0,"zarraštum[plant]N"
"P273880",428,"c i 33","raba[clamp]N","{ŋeš}rab₃",0,"raba[clamp]N"
"Q000001",4,"4","udu[sheep]N nita[male]N","udu nita₂",0,"udu[sheep]N_nita[male]N"
"P332939",51,"r i' 10'","gigir[chariot]N","{ŋeš}gigir",0,"gigir[chariot]N"
"P347814",198,"c ii 4'","ŋeš[tree]N x[NA]NA x[NA]NA","ŋeš x x",0,"ŋeš[tree]N_x[NA]NA_x[NA]NA"
"P273880",189,"b i 39'","ŋešnud[bed]N siki[hair]N uzud[goat]N sig[put]V/t","ŋeš-nud siki uzud sig₁₀",0,"ŋešnud[bed]N_siki[hair]N_uzud[goat]N_sig[put]V/t"
"Q000001",93,"93","udu[sheep]N mu[name]N pad[find]V/t","udu mu pad₃",0,"udu[sheep]N_mu[name]N_pad[find]V/t"
"P271301",442,"r iv 23","gag[nail]N zara[pivot]N gigir[chariot]N","{ŋeš}gag za-ra gigir",0,"gag[nail]N_zara[pivot]N_gigir[chariot]N"
"P296528",3,"o 2","ligima[shoot]N","{ŋeš}ligima",0,"ligima[shoot]N"
"P247864",357,"o vi 41","{ŋeš}x-x-da[NA]NA","{ŋeš}x-x-da",0,"{ŋeš}x-x-da[NA]NA"
"P429504",39,"r i 2'","guza[chair]N x[NA]NA","{ŋeš}gu-za x",0,"guza[chair]N_x[NA]NA"
"Q000039",618,"554a","illar[weapon]N NUN[NA]NA dili[single]V/i","{ŋeš}illar NUN dili",0,"illar[weapon]N_NUN[NA]NA_dili[single]V/i"
"P271771",96,"r i 2'","x[NA]NA guza[chair]N","x gu-za",0,"x[NA]NA_guza[chair]N"
"Q000001",185,"185","gud[ox]N giggi[black]V/i","gud giggi",0,"gud[ox]N_giggi[black]V/i"
"P253228",21,"o ii 2","al[hoe]N","{ŋeš}al",0,"al[hoe]N"
"P271301",182,"o iv 16","peš[frond]N ŋešnimbar[palm]N","{ŋeš}peš ŋešnimbar",0,"peš[frond]N_ŋešnimbar[palm]N"
"P271911",482,"r iii 21","tukul[weapon]N {ŋeš}x[NA]NA","tukul {ŋeš}x",0,"tukul[weapon]N_{ŋeš}x[NA]NA"
"P273880",112,"unknown","unknown","unknown",999,"unknown"
"P253866",95,"o iii 31'","{ŋeš}x[NA]NA x[NA]NA","{ŋeš}x x",0,"{ŋeš}x[NA]NA_x[NA]NA"
"P370399",133,"o iv 30'","ig[door]N zena[midrib]N","{ŋeš}ig ze₂-na",0,"ig[door]N_zena[midrib]N"
"P250736",253,"r iii 14","epig[vessel]N šah[pig]N","{dug}epig šah₂",0,"epig[vessel]N_šah[pig]N"
"P235262",82,"d i 25'","gag[nail]N šibir[staff]N","{ŋeš}gag šibir",0,"gag[nail]N_šibir[staff]N"
"X100003",22,"r 6","ŋeštin[vine]N igi[eye]N gud[ox]N","{ŋeš}ŋeštin igi gud",0,"ŋeštin[vine]N_igi[eye]N_gud[ox]N"
"P250736",140,"o iv 33","kag[mouth]N gir[oven]N","ka gir₃",0,"kag[mouth]N_gir[oven]N"
"Q000001",475,"472","uzu[flesh]N i[oil]N šah[pig]N","uzu i₃ šah",0,"uzu[flesh]N_i[oil]N_šah[pig]N"
"P347814",139,"b ii 23'","e[house]N pana[bow]N","{ŋeš}e₂ pana",0,"e[house]N_pana[bow]N"
"P253233",26,"o ii 9","dilim[spoon]N banšur[table]N","{ŋeš}dilim₂ banšur",0,"dilim[spoon]N_banšur[table]N"
"P271911",266,"o iv 32","eš[three]NU giŋ[unit]N","eš₅ giŋ₄",0,"eš[three]NU_giŋ[unit]N"
"P250364",117,"r ii 2'","{ŋeš}x[NA]NA","{ŋeš}x",0,"{ŋeš}x[NA]NA"
"P271301",354,"r ii 38","{ŋeš}e₂-bal[NA]NA","{ŋeš}e₂-bal",0,"{ŋeš}e₂-bal[NA]NA"
"P271911",453,"r ii 54","ŋisal[rudder]N ŋiri[foot]N","ŋisal ŋiri₃",0,"ŋisal[rudder]N_ŋiri[foot]N"
"Q000039",473,"423","e[house]N balak[spindle]N","{ŋeš}e₂ balak",0,"e[house]N_balak[spindle]N"
"P347814",203,"c ii 9","niŋ[thing]N eš[three]NU sila[unit]N","{ŋeš}niŋ₂ eš₅ sila₃",0,"niŋ[thing]N_eš[three]NU_sila[unit]N"
"Q000039",169,"143","{ŋeš}|LAGAB×A|-da[NA]NA","{ŋeš}|LAGAB×A|-da",0,"{ŋeš}|LAGAB×A|-da[NA]NA"
"P247864",81,"o ii 18","{ŋeš}x[NA]NA","{ŋeš}x",0,"{ŋeš}x[NA]NA"
"P271320",37,"r i' 4'","gaba[chest]N gigir[chariot]N","{ŋeš}gaba gigir",0,"gaba[chest]N_gigir[chariot]N"
"P459218",97,"o iv 18","al[hoe]N","{ŋeš}al",0,"al[hoe]N"
"P271301",72,"o ii 20","ildag[poplar]N tur[small]V/i","{ŋeš}ildag₂ tur",0,"ildag[poplar]N_tur[small]V/i"
"P271911",445,"r ii 47","gumur[spine]N gud.si.AŠ[ram]N","gu₂-murgu gud-si-AŠ",0,"gumur[spine]N_gud.si.AŠ[ram]N"
"P273880",690,"d ii 26'","šu[handle]N kin[sickle]N","{ŋeš}šu kin",0,"šu[handle]N_kin[sickle]N"
"P253233",57,"r ii 7'","{ŋeš}x-x[NA]NA","{ŋeš}x-x",0,"{ŋeš}x-x[NA]NA"
"Q000039",644,"578","nisakar[agricultural-tool]N","{ŋeš}ni₃-sakar",0,"nisakar[agricultural-tool]N"
"Q000039",323,"285","ma[ship]N u[ten]NU gur[unit]N","{ŋeš}ma₂ u gur",0,"ma[ship]N_u[ten]NU_gur[unit]N"
"P273880",653,"d i 36'","ŋeš[tree]N kud[cut]V/t","ŋeš kud",0,"ŋeš[tree]N_kud[cut]V/t"
"P273880",401,"c i 4","usakar[moon]N","{ŋeš}u₄-sakar",0,"usakar[moon]N"
"P347814",181,"c i 37'","al[hoe]N zu[tooth]N limmu[four]NU","{ŋeš}al zu₂ limmu₅",0,"al[hoe]N_zu[tooth]N_limmu[four]NU"
"Q000001",307,"307","lulim[stag]N","lu-lim",0,"lulim[stag]N"
"P370399",149,"o v 3'","ŋešdubdim[tool]N","ŋeš-dub-dim₂",0,"ŋešdubdim[tool]N"
"P229426",41,"r ii 15","ma[ship]N id[river]N til[live]V/i","{ŋeš}ma₂ id₂ til₃",0,"ma[ship]N_id[river]N_til[live]V/i"
"Q000039",214,"180","guza[chair]N Meluhha[1]GN","{ŋeš}gu-za me-luh-ha",0,"guza[chair]N_Meluhha[1]GN"
"P247864",274,"o v 22","{ŋeš}x-x[NA]NA","{ŋeš}x-x",0,"{ŋeš}x-x[NA]NA"
"P437074",161,"c i 26'","dilim[spoon]N gal[big]V/i","{ŋeš}dilim₂ gal",0,"dilim[spoon]N_gal[big]V/i"
"P273880",39,"a ii 6'","leʾum[board]N apin[plow]N","{ŋeš}le apin",0,"leʾum[board]N_apin[plow]N"
"Q000039",751,"680","raba[clamp]N","{ŋeš}raba",0,"raba[clamp]N"
"P346714",165,"r v 01'","mar[shovel]N ninda[bread]N","{ŋeš}mar ninda",0,"mar[shovel]N_ninda[bread]N"
"P388265",393,"r vi 34","murzanum[wooden-object]N","ur-za-nu-um",0,"murzanum[wooden-object]N"
"P271911",119,"o ii 40","zub[stick]N","{+zu-u-bi}zubi",0,"zub[stick]N"
"X100003",5,"o 4","halub[tree]N","{ŋeš}ha-lu-ub₂",0,"halub[tree]N"
"P437074",141,"c i 6'","ŋešnud[bed]N x[NA]NA","ŋeš-nud x",0,"ŋešnud[bed]N_x[NA]NA"
"P346865",3,"o 2","tubala[harness]N ŋešnimbar[palm]N","{ŋeš}tubaₓ(TUG₂) ŋešnimbar",0,"tubala[harness]N_ŋešnimbar[palm]N"
"Q000039",561,"504","mitum[weapon]N","{ŋeš}mi-tum",0,"mitum[weapon]N"
"P228105",23,"r ii 3","namuzum[a-tool]N","{ŋeš}na-mu-zum",0,"namuzum[a-tool]N"
"P347814",180,"c i 36'","al[hoe]N zu[tooth]N eš[three]NU","{ŋeš}al zu₂ eš₅",0,"al[hoe]N_zu[tooth]N_eš[three]NU"
"P370399",60,"o ii 33'","ŋešnud[bed]N garba[knob]N x-x[NA]NA","ŋeš-nud gar₃-ga x-x",0,"ŋešnud[bed]N_garba[knob]N_x-x[NA]NA"
"Q000039",449,"400","eš[rope]N saŋkul[bolt]N","{ŋeš}eš₂ saŋ-kul",0,"eš[rope]N_saŋkul[bolt]N"
"P273880",715,"d iii 6'","zana[doll]N","{ŋeš}za-na",0,"zana[doll]N"
"Q000001",40,"40","udu[sheep]N saʾadnim[disease]N","udu sa-ad-nim",0,"udu[sheep]N_saʾadnim[disease]N"
"P250364",121,"r ii 6'","kunsig[bristle]N","{ŋeš}kun-zi",0,"kunsig[bristle]N"
"P250736",82,"o iii 16","gigur[container]N šu[hand]N šub[fall]V/t","gi-gur šu šub",0,"gigur[container]N_šu[hand]N_šub[fall]V/t"
"P332934",72,"o i 16'","ildag[poplar]N kur[mountain]N","{ŋeš}ildag₂ kur",0,"ildag[poplar]N_kur[mountain]N"
"Q000039",773,"702","e[house]N zana[doll]N","{ŋeš}e₂ za-na",0,"e[house]N_zana[doll]N"
"Q000039",19,"17","šeše[tree]N","{ŋeš}še-še",0,"šeše[tree]N"
"P346714",56,"r ii 24'","ŋešpu[rim]N apin[plow]N","{ŋeš}ŋešpu₂ apin",0,"ŋešpu[rim]N_apin[plow]N"
"P447996",222,"r iii 23","e[house]N ma[ship]N","{ŋeš}e₂ ma₂",0,"e[house]N_ma[ship]N"
"P271771",108,"r i 14'","šuʾa[stool]N šuʾi[barber]N","{ŋeš}šuaₓ(|ŠU₂×(A.DIŠ)|) šu-i",0,"šuʾa[stool]N_šuʾi[barber]N"
"P429503",6,"o i 3","ŋešnu[tree]N","ŋeš-BUR₂",0,"ŋešnu[tree]N"
"P459216",99,"r i 4'","guza[chair]N x[NA]NA","{ŋeš}gu-za x",0,"guza[chair]N_x[NA]NA"
"P459222",4,"3","ŋušur[harrow]N sar[garden]N","{ŋeš}gana₂-ur₃ sar",0,"ŋušur[harrow]N_sar[garden]N"
"P273880",25,"a i 41'","{ŋeš}x[NA]NA","{ŋeš}x",0,"{ŋeš}x[NA]NA"
"P273880",684,"d ii 20'","li[juniper]N","{ŋeš}li",0,"li[juniper]N"
"P437074",85,"b ii 9''","guza[chair]N","{ŋeš}gu-za",0,"guza[chair]N"
"P273880",678,"d ii 13'","gam[crook]N","{ŋeš}kab",0,"gam[crook]N"
"P250736",103,"o iii 37","bisaŋ[basket]N","{gi}bisaŋ",0,"bisaŋ[basket]N"
"P332934",341,"unknown","unknown","unknown",1,"unknown"
"P273244",11,"r 4","ig[door]N ŋešnimbar[palm]N","{ŋeš}ig {ŋeš}ŋešnimbar",0,"ig[door]N_ŋešnimbar[palm]N"
"P459227",3,"unknown","unknown","unknown",999,"unknown"
"P347814",231,"c ii 37'","sabitum[instrument]N","{ŋeš}sa-bi₂-tum",0,"sabitum[instrument]N"
"P332934",260,"o iv 31'","leʾum[board]N","{ŋeš}li₂-u₅-um",0,"leʾum[board]N"
"P347814",69,"a ii 40'","{ŋeš}x[NA]NA","{ŋeš}x",0,"{ŋeš}x[NA]NA"
"P271911",360,"r i 44'","mar[shovel]N šerah[shovel]N innu[straw]N","mar še-ra-ah in-nu",0,"mar[shovel]N_šerah[shovel]N_innu[straw]N"
"P459216",11,"i 9","ŋeš[tree]N giggi[black]V/i","ŋeš giggi",0,"ŋeš[tree]N_giggi[black]V/i"
"P346714",110,"r iii 32'","al[hoe]N saŋ[head]N ŋal[be]V/i","{ŋeš}al saŋ ŋal₂",0,"al[hoe]N_saŋ[head]N_ŋal[be]V/i"
"P235262",34,"c ii 7'","dilim[spoon]N tur[small]V/i","{ŋeš}dilim₂ tur",0,"dilim[spoon]N_tur[small]V/i"
"Q000039",547,"491","zirigum[irrigation-device]N","{ŋeš}zi-ri₂-gum",0,"zirigum[irrigation-device]N"
"P332939",21,"unknown","unknown","unknown",999,"unknown"
"P273880",220,"b ii 9","emerah[jug]N ŋeštug[ear]N","{ŋeš}emerahₓ(|U.U.HUB₂|) ŋeštug",0,"emerah[jug]N_ŋeštug[ear]N"
"P250370",2,"2","kišig[acacia]N","{ŋeš}kišig",0,"kišig[acacia]N"
"P271320",45,"r i' 11'","zara[pivot]N gigir[chariot]N","{ŋeš}za-ra gigir",0,"zara[pivot]N_gigir[chariot]N"
"X100003",27,"r 11","peš[fig]N Mari[1]SN","{ŋeš}peš₃ ma₂-ri₂{ki}",0,"peš[fig]N_Mari[1]SN"
"Q000039",662,"596","dagsi[hook]N eban[pair]N","{ŋeš}dag-si e-ba-na",0,"dagsi[hook]N_eban[pair]N"
"P273880",446,"c i 51","{ŋeš}x-ga[NA]NA","{ŋeš}x-ga",0,"{ŋeš}x-ga[NA]NA"
"Q000039",725,"653","halba[bucket]N","{ŋeš}halba₅",0,"halba[bucket]N"
"Q000039",486,"435","ŋešpu[rim]N mansim[sieve]N","ŋeš-bu {gi}ma-an-sim",0,"ŋešpu[rim]N_mansim[sieve]N"
"P247864",192,"o iv 3","{ŋeš}KA-x[NA]NA gigir[chariot]N","{ŋeš}KA-x gigir",0,"{ŋeš}KA-x[NA]NA_gigir[chariot]N"
"Q000039",46,"39","ŋešaʾabak[tree]N","ŋeš-ab-ba",0,"ŋešaʾabak[tree]N"
"Q000001",139,"139","maš[goat]N gabaria[offering]N","maš₂ gaba-ri-a",0,"maš[goat]N_gabaria[offering]N"
"Q000001",390,"389","kiši[ant]N sissig[green]V/i","kiši₈ sig₇-sig₇",0,"kiši[ant]N_sissig[green]V/i"
"P271301",25,"o i 22","ŋeštinkira[berry]N","{ŋeš}ŋeštin-ŋir₂",0,"ŋeštinkira[berry]N"
"P459226",32,"o ii 12'","manu[wood]N lu[mix]V/t","{ŋeš}ma-nu lu₂",0,"manu[wood]N_lu[mix]V/t"
"P247864",369,"o vi 53","negipum[tool]N","{ŋeš}ne-ki-pu-um",0,"negipum[tool]N"
"P388265",111,"iv 28","mud[stump]N gaz[kill]V/t ŋešnimbar[palm]N","{ŋeš}mud kaš ŋešnimbar",0,"mud[stump]N_gaz[kill]V/t_ŋešnimbar[palm]N"
"P429503",40,"o ii 9","ildag[poplar]N aga[rear]N","{ŋeš}ildag₂ a-ga",0,"ildag[poplar]N_aga[rear]N"
"P273880",441,"c i 46","sahargid[roller]N","{ŋeš}gid₂-sahar",0,"sahargid[roller]N"
"P347814",40,"a ii 11'","{ŋeš}x[NA]NA","{ŋeš}x",0,"{ŋeš}x[NA]NA"
"P273880",538,"c iii 23","niŋkiluh[broom]N ŋešnimbar[palm]N","{ŋeš}niŋ₂-ki-luh ŋešnimbar",0,"niŋkiluh[broom]N_ŋešnimbar[palm]N"
"P273880",411,"c i 14","tukul[weapon]N imin[seven]NU","{ŋeš}tukul {d}imin",0,"tukul[weapon]N_imin[seven]NU"
"P273880",294,"b iii 18","hedu[ornament]N","{ŋeš}he₂-du₇",0,"hedu[ornament]N"
"P332939",65,"r ii' 9'","gag[nail]N umbin[wheel]N margida[cart]N","{ŋeš}gag umbin mar-gid₂-da",0,"gag[nail]N_umbin[wheel]N_margida[cart]N"
"P437074",161,"c i 26'","dilim[spoon]N gal[big]V/i","{ŋeš}dilim₂ gal",0,"dilim[spoon]N_gal[big]V/i"
"P271771",20,"o ii 18","ildag[poplar]N","{ŋeš}ildag₂",0,"ildag[poplar]N"
"Q000039",196,"163","guza[chair]N sirda[cnne]N","{ŋeš}gu-za sir₃-da",0,"guza[chair]N_sirda[cnne]N"
"Q000039",762,"691","ŋešgu[stock]N","ŋeš-gu₂",0,"ŋešgu[stock]N"
"P459216",66,"iii 5","pa[branch]N ŋešnimbar[palm]N","{ŋeš}pa ŋešnimbar",0,"pa[branch]N_ŋešnimbar[palm]N"
"P349893",8,"8","{ŋeš}BU[NA]NA x-x[NA]NA","{ŋeš}BU x-x",0,"{ŋeš}BU[NA]NA_x-x[NA]NA"
"P271911",618,"r v 14","kigal[platform]N lugal[king]N gub[stand]V/i","ki-gal lugal gub",0,"kigal[platform]N_lugal[king]N_gub[stand]V/i"
"P271911",539,"r iv 9","{x}URI{ki}[NA]NA","{x}URI{ki}",0,"{x}URI{ki}[NA]NA"
"P271911",73,"unknown","unknown","unknown",1,"unknown"
"P437074",152,"c i 17'","ŋešnud[bed]N ki-x-a[NA]NA","ŋeš-nud ki-x-a",0,"ŋešnud[bed]N_ki-x-a[NA]NA"
"P447996",37,"o iv 6","šinig[tamarisk]N dili[single]V/i","{ŋeš}šinig dili",0,"šinig[tamarisk]N_dili[single]V/i"
"P253228",80,"r ii 19'","{ŋeš}x[NA]NA","{ŋeš}x",0,"{ŋeš}x[NA]NA"
"P247864",195,"o iv 6","šudul[yoke]N gigir[chariot]N","{ŋeš}šu₂-dul₄ gigir",0,"šudul[yoke]N_gigir[chariot]N"
"P388265",31,"ii 14","{ŋeš}NE-dar[NA]NA","{ŋeš}NE-dar",0,"{ŋeš}NE-dar[NA]NA"
"P271301",104,"o ii 52","mes[tree]N","{ŋeš}mes",0,"mes[tree]N"
"P250736",259,"r iii 20","šauša[scraper]N","{dug}ša-uš-ša",0,"šauša[scraper]N"
"P250364",138,"r iii 4'","{ŋeš}AN-x[NA]NA","{ŋeš}AN-x",0,"{ŋeš}AN-x[NA]NA"
"P429503",89,"o iii 28","ŋešnimbar[palm]N x[NA]NA","{ŋeš}ŋešnimbar x",0,"ŋešnimbar[palm]N_x[NA]NA"
"P429503",83,"o iii 22","ŋešnimbar[palm]N x[NA]NA","{ŋeš}ŋešnimbar x",0,"ŋešnimbar[palm]N_x[NA]NA"
"Q000039",321,"283","ma[ship]N niš[twenty]NU gur[unit]N","{ŋeš}ma₂ niš gur",0,"ma[ship]N_niš[twenty]NU_gur[unit]N"
"P247864",60,"o i 57","hašhur[apple]N eštub[carp]N","{ŋeš}hašhur {ku₆}eštub",0,"hašhur[apple]N_eštub[carp]N"
"P247543",4,"o 2","ma[ship]N x[NA]NA gur[unit]N","{ŋeš}ma₂ x gur",0,"ma[ship]N_x[NA]NA_gur[unit]N"
"P459216",87,"iv 1'","{ŋeš}x[NA]NA","{ŋeš}x",0,"{ŋeš}x[NA]NA"
"P271320",58,"unknown","unknown","unknown",1,"unknown"
"Q000039",204,"170","guza[chair]N kaskal[way]N","{ŋeš}gu-za kaskal",0,"guza[chair]N_kaskal[way]N"
"P253866",72,"o iii 5'","ŋeššu[manacles]N","ŋeš-šu",0,"ŋeššu[manacles]N"
"P250736",143,"o iv 36","gigid[reed]N","gi-gid₂",0,"gigid[reed]N"
"P250736",46,"o ii 18","gi[reed]N gun[load]N","gi gun₂",0,"gi[reed]N_gun[load]N"
"P271911",598,"r iv 53","x[NA]NA","x",0,"x[NA]NA"
"P250736",299,"r iv 17","im[clay]N guʾena[silt]N","im gu₂-en-na",0,"im[clay]N_guʾena[silt]N"
"Q000001",150,"150","maš[goat]N giggi[black]V/i","maš₂ giggi",0,"maš[goat]N_giggi[black]V/i"
"P250736",115,"o iv 8","bisaŋ[basket]N imbabbar[gypsum]N šub[fall]V/t","{gi}bisaŋ im-babbar šub",0,"bisaŋ[basket]N_imbabbar[gypsum]N_šub[fall]V/t"
"P250736",80,"o iii 14","gigur[container]N šunir[emblem]N","gi-gur šu-nir",0,"gigur[container]N_šunir[emblem]N"
"Q000039",776,"705","argibil[structure]N","{ŋeš}ar-gibil₂",0,"argibil[structure]N"
"P228105",22,"r ii 2","namulum[wooden-object]N","{ŋeš}na-mu-ul-lum",0,"namulum[wooden-object]N"
"P247864",62,"o i 59","šenu[tree]N","{ŋeš}še-nud-a",0,"šenu[tree]N"
"P250364",134,"unknown","unknown","unknown",999,"unknown"
"Q000039",710,"641","ŋušur[beam]N TUG₂[NA]NA","{ŋeš}ur₂ TUG₂",0,"ŋušur[beam]N_TUG₂[NA]NA"
"P409466",8,"o 7","ma[ship]N {d}ud-da-aš[NA]NA x-nu-da[NA]NA","{ŋeš}ma₂ {d}ud-da-aš x-nu-da",0,"ma[ship]N_{d}ud-da-aš[NA]NA_x-nu-da[NA]NA"
"P273880",674,"d ii 9'","ŋeš[tree]N mu-uš-za[NA]NA","ŋeš mu-uš-za",0,"ŋeš[tree]N_mu-uš-za[NA]NA"
"P347814",275,"d ii 3'","{ŋeš}x[NA]NA","{ŋeš}x",0,"{ŋeš}x[NA]NA"
"P250736",168,"r i 22","{gi}x-an-sud[NA]NA","{gi}x-an-sud",0,"{gi}x-an-sud[NA]NA"
"P253866",13,"o i 8'","nura[~loom]N","{ŋeš}nir-ra",0,"nura[~loom]N"
"P271911",405,"unknown","unknown","unknown",1,"unknown"
"P345549",4,"o 3","igi[eye]N umbin[wheel]N margida[cart]N","{ŋeš}igi umbin mar-gid₂-da",0,"igi[eye]N_umbin[wheel]N_margida[cart]N"
"P271911",101,"o ii 26","garig[comb]N siki[hair]N","ga-rig₂ siki",0,"garig[comb]N_siki[hair]N"
"Q000001",171,"171","ašgar[kid]N","{munus}aš₂-gar₃",0,"ašgar[kid]N"
"Q000039",549,"493","namnutare[~irrigation]N","{ŋeš}nam-nu-tar-re",0,"namnutare[~irrigation]N"
"P271911",100,"o ii 25","garig[comb]N tur[small]V/i","ga-rig₂ tur",0,"garig[comb]N_tur[small]V/i"
"P332934",172,"o iii 8","ŋešnimbar[palm]N lul[false]V/i","{ŋeš}ŋešnimbar lul",0,"ŋešnimbar[palm]N_lul[false]V/i"
"P250736",168,"r i 22","{gi}x-an-sud[NA]NA","{gi}x-an-sud",0,"{gi}x-an-sud[NA]NA"
"Q000039",313,"275","ma[ship]N su[sink]V/t","{ŋeš}ma₂ su",0,"ma[ship]N_su[sink]V/t"
"P429503",176,"r iii' 19'","gag[nail]N x-x[NA]NA","{ŋeš}gag x-x",0,"gag[nail]N_x-x[NA]NA"
"P253228",91,"r iii 8'","{ŋeš}x-x-za-na[NA]NA","{ŋeš}x-x-za-na",0,"{ŋeš}x-x-za-na[NA]NA"
"P271911",7,"o i 2'","ig[door]N kan[gate]N tur[small]V/i","ig kan₄ tur",0,"ig[door]N_kan[gate]N_tur[small]V/i"
"Q000039",698,"629","zabar[bronze]N gub[stand]V/i","{ŋeš}zabar gub",0,"zabar[bronze]N_gub[stand]V/i"
"P247864",190,"o iv 1","saŋkul[bolt]N gigir[chariot]N","{ŋeš}saŋ-kul gigir",0,"saŋkul[bolt]N_gigir[chariot]N"
"P459218",121,"r i 7","tukul[weapon]N x[NA]NA","{ŋeš}tukul x",0,"tukul[weapon]N_x[NA]NA"
"P271301",395,"r iii 28","anta[upper]V/t dimgal[pole]N ma[ship]N","{ŋeš}an-tag dim₃-gul ma₂",0,"anta[upper]V/t_dimgal[pole]N_ma[ship]N"
"P388330",7,"o 6","hašhur[apple]N kurdilum[fruit-tree]N","{ŋeš}hašhur kur-di-lum",0,"hašhur[apple]N_kurdilum[fruit-tree]N"
"P247864",108,"o ii 45","{ŋeš}ša-wi-lum[NA]NA","{ŋeš}ša-wi-lum",0,"{ŋeš}ša-wi-lum[NA]NA"
"P347814",229,"c ii 35'","alŋar[instrument]N","{ŋeš}al-ŋar",0,"alŋar[instrument]N"
"P388265",413,"r vi 57","kinud[bedroom]N","{ŋeš}ki-nu₂",0,"kinud[bedroom]N"
"P247864",265,"o v 13","niŋ[thing]N šanabi[two-thirds]N sila[unit]N","{ŋeš}niŋ₂ šanabi sila₃",0,"niŋ[thing]N_šanabi[two-thirds]N_sila[unit]N"
"P271911",239,"o iv 11","dupsik[basket]N zala[smashed]N","dupsik zag-lal₂",0,"dupsik[basket]N_zala[smashed]N"
"Q000039",231,"196","guza[chair]N gar[knob]N kugbabbar[silver]N ŋar[place]V/t","{ŋeš}gu-za gar₃ kug-babbar ŋar",0,"guza[chair]N_gar[knob]N_kugbabbar[silver]N_ŋar[place]V/t"
"P253233",66,"r ii 16'","peš[fig]N","{ŋeš}peš₃",0,"peš[fig]N"
"P437074",124,"b iii 10''","bad[leg]N guza[chair]N","{ŋeš}bad gu-za",0,"bad[leg]N_guza[chair]N"
"P459216",152,"r iii 19'","madu[~boat]N","{ŋeš}ma₂-du₃",0,"madu[~boat]N"
"P225065",4,"unknown","unknown","unknown",1,"unknown"
"Q000039",53,"45","nurma[pomegranate]N","{ŋeš}nu-ur₂-ma",0,"nurma[pomegranate]N"
"X100003",30,"r 14","peš[fig]N Martu[1]GN","{ŋeš}peš₃ mar-tu{ki}",0,"peš[fig]N_Martu[1]GN"
"P271301",160,"o iii 48","ŋešnimbar[palm]N lipiš[innards]N bur[tear]V/t","{ŋeš}ŋešnimbar lipiš bur₁₂",0,"ŋešnimbar[palm]N_lipiš[innards]N_bur[tear]V/t"
"P429503",116,"r i' 20'","naŋa[mortar]N še[barley]N","{ŋeš}naŋa₃ še",0,"naŋa[mortar]N_še[barley]N"
"P347814",157,"c i 12'","gimuš[pole]N","{ŋeš}gi-muš",0,"gimuš[pole]N"
"P409465",2,"2","Magurnubzu[1]ON","{ŋeš}ma₂-{d}gur₈-nu-zu",0,"Magurnubzu[1]ON"
"P273880",116,"a iv 4'","nukušu[~door]N kešed[bind]V/t","{ŋeš}nu-kuš₂ keš₂-d·a",0,"nukušu[~door]N_kešed[bind]V/t"
"P250363",15,"r 2","saŋkul[bolt]N","{ŋeš}saŋ-kul",0,"saŋkul[bolt]N"
"P271911",273,"unknown","unknown","unknown",1,"unknown"
"P250736",304,"r iv 22","šeg[brick]N dili[single]V/i","šeg₁₂ dili",0,"šeg[brick]N_dili[single]V/i"
"P273880",241,"b ii 34","ba[tool]N gur[unit]N","{ŋeš}ba gur",0,"ba[tool]N_gur[unit]N"
"P347814",126,"b ii 10'","usakar[moon]N","{ŋeš}u₄-sakar",0,"usakar[moon]N"
"P250736",117,"o iv 10","bisaŋ[basket]N |LAGAB×U|[NA]NA aš-ba[NA]NA","{gi}bisaŋ |LAGAB×U| aš-ba",0,"bisaŋ[basket]N_|LAGAB×U|[NA]NA_aš-ba[NA]NA"
"P271911",602,"r iv 56","ganum[stand]N a[water]N","{ŋeš}ŋa₂-an-nu a",0,"ganum[stand]N_a[water]N"
"P273880",654,"d i 37'","gibil[firewood]N","{ŋeš}gibil₄",0,"gibil[firewood]N"
"Q000039",688,"620","šu[handle]N","{ŋeš}šu",0,"šu[handle]N"
"P332934",105,"o ii 22","tir[forest]N asal[poplar]N","{ŋeš}tir {ŋeš}asal₂",0,"tir[forest]N_asal[poplar]N"
"P247543",5,"o 3","ma[ship]N ninnu[fifty]NU gur[unit]N","{ŋeš}ma₂ ninnu gur",0,"ma[ship]N_ninnu[fifty]NU_gur[unit]N"
"P346714",51,"r ii 19'","maš[twin]N apin[plow]N","{ŋeš}maš-maš apin",0,"maš[twin]N_apin[plow]N"
"P347814",57,"a ii 28'","{ŋeš}x[NA]NA","{ŋeš}x",0,"{ŋeš}x[NA]NA"
"P250364",119,"r ii 4'","magaz[bench]N","{ŋeš}ma-gaz",0,"magaz[bench]N"
"P347814",157,"c i 12'","gimuš[pole]N","{ŋeš}gi-muš",0,"gimuš[pole]N"
"Q000001",339,"339","uman[insect]N še[barley]N","umanₓ(|HI×AŠ₂|) še",0,"uman[insect]N_še[barley]N"
"P271301",108,"o ii 56","mes[tree]N Meluhha[1]GN","{ŋeš}mes me-luh-ha",0,"mes[tree]N_Meluhha[1]GN"
"Q000039",159,"135","arina[madder]N","{ŋeš}i-ri₉-na",0,"arina[madder]N"
"P332934",296,"unknown","unknown","unknown",999,"unknown"
"P429503",52,"o ii 21","manu[wood]N","{ŋeš}ma-nu",0,"manu[wood]N"
"P370399",192,"o vii 4'","zigan[rudder]N","{ŋeš}zi-ga-an",0,"zigan[rudder]N"
"P253228",12,"o i 8","saŋkul[bolt]N gigir[chariot]N","{ŋeš}sag-gul gigir",0,"saŋkul[bolt]N_gigir[chariot]N"
"P429503",33,"o ii 2","lam[tree]N","{ŋeš}lam",0,"lam[tree]N"
"P459216",84,"iii 23","aʾan[spadix]N ŋešnimbar[palm]N","{ŋeš}an-na ŋešnimbar",0,"aʾan[spadix]N_ŋešnimbar[palm]N"
"Q000001",149,"149","maš[goat]N babbar[white]V/i","maš₂ babbar",0,"maš[goat]N_babbar[white]V/i"
"P429505",5,"3'","ŋešnimbar[palm]N nu-al-dar-ra[NA]NA","{ŋeš}ŋešnimbar nu-al-dar-ra",0,"ŋešnimbar[palm]N_nu-al-dar-ra[NA]NA"
"P229426",33,"r ii 7","ma[ship]N An[1]DN","{ŋeš}ma₂ an-na",0,"ma[ship]N_An[1]DN"
"P273880",99,"unknown","unknown","unknown",2,"unknown"
"P437074",50,"b i 11''","šušum[licorice]N","{ŋeš}šušum",0,"šušum[licorice]N"
"P349893",9,"9","ŋeš[tree]N","ŋeš",0,"ŋeš[tree]N"
"P459217",71,"iii 21","{ŋeš}nunuz[NA]NA kiri[orchard]N","{ŋeš}nunuz {ŋeš}kiri₆",0,"{ŋeš}nunuz[NA]NA_kiri[orchard]N"
"P370399",178,"o v 32'","garig[comb]N nita[male]N","{ŋeš}ga-rig₂ nita",0,"garig[comb]N_nita[male]N"
"P459784",7,"r 1","šeše[tree]N","{ŋeš}še₃-še₃",0,"šeše[tree]N"
"P346714",136,"r iv 16'","sa[net]N mah[great]V/i","{ŋeš}sa mah",0,"sa[net]N_mah[great]V/i"
"P429503",136,"r ii' 12'","igi[face]N ma[ship]N","{ŋeš}igi ma₂",0,"igi[face]N_ma[ship]N"
"P273880",436,"c i 41","KID.da[twig]N sil[split]V/i","{ŋeš}KID-da zi-l·a",0,"KID.da[twig]N_sil[split]V/i"
"P250736",313,"r iv 31","sahar[dust]N sag[good]V/i","sahar sag₁₀",0,"sahar[dust]N_sag[good]V/i"
"Q000001",114,"114","u[ewe]N ib[hips]N gig[sick]V/i","u₈ ib₂ gig",0,"u[ewe]N_ib[hips]N_gig[sick]V/i"
"Q000039",85,"67","ŋešnimbar[palm]N kur[mountain]N","{ŋeš}ŋešnimbar kur",0,"ŋešnimbar[palm]N_kur[mountain]N"
"P332934",324,"r iii 27'","anše[equid]N ma[ship]N","{ŋeš}anše ma₂",0,"anše[equid]N_ma[ship]N"
"P347814",166,"c i 21'","dada[tree]N","{ŋeš}da-da",0,"dada[tree]N"
"P459217",15,"i 14'","hašhur[apple]N šeʾeštub[barley]N","{ŋeš}hašhur eštub",0,"hašhur[apple]N_šeʾeštub[barley]N"
"P250364",169,"unknown","unknown","unknown",999,"unknown"
"P429503",68,"o iii 7","gag[nail]N kiri[orchard]N","{ŋeš}gag {ŋeš}kiri₆",0,"gag[nail]N_kiri[orchard]N"
"P346897",3,"o 2","e[house]N gigir[chariot]N","{ŋeš}e₂ gigir",0,"e[house]N_gigir[chariot]N"
"P273880",183,"b i 33'","ŋešnud[bed]N umbin[nail]N gud[ox]N tur[small]V/i","ŋeš-nud umbin gud tur",0,"ŋešnud[bed]N_umbin[nail]N_gud[ox]N_tur[small]V/i"
"P459217",13,"i 12'","hašhur[apple]N damšelum[plant]N","{ŋeš}hašhur dam-ši-lum",0,"hašhur[apple]N_damšelum[plant]N"
"P271301",164,"o iii 52","ŋešnimbar[palm]N ana[upper]AJ","{ŋeš}ŋešnimbar an-na",0,"ŋešnimbar[palm]N_ana[upper]AJ"
"P459216",112,"r i 17'","šuʾa[stool]N x[NA]NA","{ŋeš}šu₂-a x",0,"šuʾa[stool]N_x[NA]NA"
"P225062",5,"o i 2","zumdianum[tree]N","{ŋeš}zum-di-a-num₂",0,"zumdianum[tree]N"
"P459227",7,"unknown","unknown","unknown",999,"unknown"
"P271771",40,"o iii 17","tiʾarum[tree]N","{ŋeš}ti-a-lum",0,"tiʾarum[tree]N"
"P347814",88,"b i 13'","niŋkud[~plowshare]N apin[plow]N","{ŋeš}niŋ₂-kud apin",0,"niŋkud[~plowshare]N_apin[plow]N"
"P346714",35,"r ii 03'","{ŋeš}x[NA]NA","{ŋeš}x",0,"{ŋeš}x[NA]NA"
"P332934",189,"o iii 25","ŋešnimbar[palm]N uhin[date]N giggi[black]V/i","{ŋeš}ŋešnimbar u₄-hi-in giggi",0,"ŋešnimbar[palm]N_uhin[date]N_giggi[black]V/i"
"Q000001",476,"473","uzu[flesh]N nikid[~food]N","uzu ni₂-kid₂",0,"uzu[flesh]N_nikid[~food]N"
"P250736",108,"o iv 1","bisaŋ[basket]N x[NA]NA","{gi}bisaŋ x",0,"bisaŋ[basket]N_x[NA]NA"
"P271301",142,"o iii 30","ŋešnimbar[palm]N ug[die]V/t","{ŋeš}ŋešnimbar al-ug₅-ga",0,"ŋešnimbar[palm]N_ug[die]V/t"
"P271911",238,"o iv 10","dupsik[basket]N","{+tu-up-ši-ik}dupsik",0,"dupsik[basket]N"
"P273880",17,"a i 13'","ŋeštinkira[berry]N","{ŋeš}ŋeštin-kir₄",0,"ŋeštinkira[berry]N"
"P247864",107,"o ii 44","{ŋeš}ze₂-er-hu-um[NA]NA","{ŋeš}ze₂-er-hu-um",0,"{ŋeš}ze₂-er-hu-um[NA]NA"
"Q000039",281,"245","murzanum[wooden-object]N","{ŋeš}muru₅-za-nu-um",0,"murzanum[wooden-object]N"
"P370399",82,"o iii 21","banšurzagŋara[table]N","{ŋeš}banšur-zag-ŋar-ra",0,"banšurzagŋara[table]N"
"Q000001",94,"94","udu[sheep]N kadra[gift]N","udu kadra(|GAR.ŠA₃.A|)",0,"udu[sheep]N_kadra[gift]N"
"P247864",343,"o vi 27","banšur[table]N ŋešhur[plan]N","{ŋeš}banšur ŋeš-hur",0,"banšur[table]N_ŋešhur[plan]N"
"Q000039",227,"192","guza[chair]N mes[tree]N","{ŋeš}gu-za {ŋeš}mes",0,"guza[chair]N_mes[tree]N"
"P247864",195,"o iv 6","šudul[yoke]N gigir[chariot]N","{ŋeš}šu₂-dul₄ gigir",0,"šudul[yoke]N_gigir[chariot]N"
"P271911",456,"r ii 56","gam[haft]N ŋiri[dagger]N","kin ŋiri₂",0,"gam[haft]N_ŋiri[dagger]N"
"P332939",46,"r i' 5'","šibir[staff]N","{ŋeš}šibir",0,"šibir[staff]N"
"P247864",358,"o vi 42","{ŋeš}x-x-x[NA]NA","{ŋeš}x-x-x",0,"{ŋeš}x-x-x[NA]NA"
"Q000039",513,"460","gag[nail]N šudul[yoke]N apin[plow]N","{ŋeš}gag šudul apin",0,"gag[nail]N_šudul[yoke]N_apin[plow]N"
"P429503",49,"o ii 18","ŋešaʾabak[tree]N","ŋeš-a-ab-ba",0,"ŋešaʾabak[tree]N"
"P271911",356,"r i 40'","mar[shovel]N ninda[bread]N","mar ninda",0,"mar[shovel]N_ninda[bread]N"
"P388265",349,"unknown","unknown","unknown",6,"unknown"
"P437074",122,"b iii 8''","guza[chair]N x[NA]NA","{ŋeš}gu-za x",0,"guza[chair]N_x[NA]NA"
"P347814",285,"d ii 13'","{ŋeš}al-x-MA[NA]NA","{ŋeš}al-x-MA",0,"{ŋeš}al-x-MA[NA]NA"
"P250736",78,"o iii 12","gigur[container]N amuš[unmng]N","gi-gur a-muš",0,"gigur[container]N_amuš[unmng]N"
"P271771",38,"o iii 15","mirišŋara[tree]N","{ŋeš}mi-ri₂-iš-ma-nu-um",0,"mirišŋara[tree]N"
"P346714",167,"r v 03'","mar[shovel]N ninda[bread]N gur[unit]N","{ŋeš}mar ninda gur",0,"mar[shovel]N_ninda[bread]N_gur[unit]N"
"P273880",418,"c i 21","dur[board]N","{ŋeš}dur₂",0,"dur[board]N"
"P250736",308,"r iv 26","lag[clod]N","lag",0,"lag[clod]N"
"P271771",56,"o iv 12","zena[midrib]N ana[upper]AJ ŋešnimbar[palm]N","{ŋeš}zi-na an-na ŋešnimbar",0,"zena[midrib]N_ana[upper]AJ_ŋešnimbar[palm]N"
"P271911",135,"o ii 55","ŋešrin[scales]N manala[weighmaster]N","rin₂ ma-ŋa₂-la₂",0,"ŋešrin[scales]N_manala[weighmaster]N"
"P271301",413,"r iii 46","ir[peg]N","{ŋeš}ir",0,"ir[peg]N"
"Q000001",48,"48","udu[sheep]N namuruna[~herd]N","udu nam-urunₓ(EN)-na",0,"udu[sheep]N_namuruna[~herd]N"
"P229173",4,"o 3","mes[tree]N Kiʾengir[Sumer]GN","{ŋeš}mes ki-in-gi-ra",0,"mes[tree]N_Kiʾengir[Sumer]GN"
"P250364",86,"o v 7","sašušgal[net]N","{ŋeš}sa-šu₂-uš-gal",0,"sašušgal[net]N"
"P459223",3,"3","{ŋeš}MA-dim[NA]NA","{ŋeš}MA-dim",0,"{ŋeš}MA-dim[NA]NA"
"Q000039",717,"648","gam[crook]N","{ŋeš}kab",0,"gam[crook]N"
"P273880",318,"b iii 46","lubi[ax]N","{ŋeš}{+li}lib",0,"lubi[ax]N"
"Q000039",654,"588","mar[shovel]N zabar[bronze]N","{ŋeš}mar zabar",0,"mar[shovel]N_zabar[bronze]N"
"P253238",36,"r 13","muran[tree]N","{ŋeš}mur-ra-an",0,"muran[tree]N"
"Q000039",104,"83","ama[mother]N ŋešnimbar[palm]N","{ŋeš}ama ŋešnimbar",0,"ama[mother]N_ŋešnimbar[palm]N"
"Q000039",638,"572","{ŋeš}KID[NA]NA aʾašŋar[ax]N","{ŋeš}KID a₂-ŋar",0,"{ŋeš}KID[NA]NA_aʾašŋar[ax]N"
"P271549",9,"5'","magid[boatman]N","ma₂-gid₂",0,"magid[boatman]N"
"P250736",80,"o iii 14","gigur[container]N šunir[emblem]N","gi-gur šu-nir",0,"gigur[container]N_šunir[emblem]N"
"P228105",3,"o i 1'","nisiki[comb]N","{ŋeš}UMBIN",0,"nisiki[comb]N"
"P332934",116,"o ii 33","mes[tree]N","{ŋeš}mes",0,"mes[tree]N"
"Q000039",677,"609b","dimlumagurak[instrument]N","{ŋeš}dim₃-{lu₂}ma₂-gur₈",0,"dimlumagurak[instrument]N"
"P271301",392,"r iii 25","buru[harvest]N ma[ship]N","{ŋeš}gur₇ ma₂",0,"buru[harvest]N_ma[ship]N"
"P271911",273,"unknown","unknown","unknown",1,"unknown"
"Q000001",97,"97","udu[sheep]N sila[bait]N urbara[wolf]N","udu sila ur-bar-ra",0,"udu[sheep]N_sila[bait]N_urbara[wolf]N"
"P437074",128,"b iii 14''","{ŋeš}x-x[NA]NA","{ŋeš}x-x",0,"{ŋeš}x-x[NA]NA"
"Q000001",365,"365","pešgigua[rodent]N","peš₂-{ŋeš}gi-e-gu₇-a",0,"pešgigua[rodent]N"
"P332934",282,"r iii 9","ma[ship]N x[NA]NA","{ŋeš}ma₂ x",0,"ma[ship]N_x[NA]NA"
"P253238",19,"o 16'","lamgal[nut]N","{ŋeš}lam-gal",0,"lamgal[nut]N"
"P429503",19,"o i 16","ŋeštinzug[grape]N","{ŋeš}ŋeštin-zug₂",0,"ŋeštinzug[grape]N"
"P250736",199,"r ii 3","{dug}x-x[NA]NA","{dug}x-x",0,"{dug}x-x[NA]NA"
"Q000001",375,"374a","x-LAGAB[NA]NA","x-LAGAB",0,"x-LAGAB[NA]NA"
"P271301",202,"o iv 36","ad[bush]N","{ŋeš}ad₂",0,"ad[bush]N"
"P250736",136,"o iv 29","gi[reed]N šu[hand]N ak[do]V/t","gi šu ak",0,"gi[reed]N_šu[hand]N_ak[do]V/t"
"P250364",67,"o iv 7","al[hoe]N ki[place]N","{ŋeš}al ki",0,"al[hoe]N_ki[place]N"
"P271911",476,"r iii 15","tukul[weapon]N Damu[1]DN","tukul {d}da-mu",0,"tukul[weapon]N_Damu[1]DN"
"Q000039",336,"296","ma[ship]N Dilmun[1]GN","{ŋeš}ma₂ dilmun-na",0,"ma[ship]N_Dilmun[1]GN"
"P437074",82,"b ii 6''","ŋešnaruak[~stele]N","ŋeš-na-ru₂-a",0,"ŋešnaruak[~stele]N"
"P459216",144,"r iii 11'","adus[plank]N ma[ship]N","{ŋeš}ad-us₂ ma₂",0,"adus[plank]N_ma[ship]N"
"P271301",207,"o iv 41","samazum[tree]N","{ŋeš}sa-ma-zum",0,"samazum[tree]N"
"P271911",578,"unknown","unknown","unknown",1,"unknown"
"P459216",196,"r iv 28'","saŋkul[bolt]N margida[cart]N","{ŋeš}saŋ-kul mar-gid₂-da",0,"saŋkul[bolt]N_margida[cart]N"
"P272243",47,"r ii 16","x[NA]NA","x",0,"x[NA]NA"
"P271301",15,"o i 12","šagkal[tree]N","{ŋeš}šag₄-kal",0,"šagkal[tree]N"
"P253245",8,"o 4","hedu[ornament]N kan[gate]N","{ŋeš}he₂-du₇ kan₄",0,"hedu[ornament]N_kan[gate]N"
"P459218",5,"unknown","unknown","unknown",2,"unknown"
"P249794",12,"unknown","unknown","unknown",999,"unknown"
"P370399",77,"o iii 16","banšur[table]N GAM-ma[NA]NA","{ŋeš}banšur GAM-ma",0,"banšur[table]N_GAM-ma[NA]NA"
"P459216",185,"r iv 17'","usan[whip]N margida[cart]N","{ŋeš}usan₃ mar-gid₂-da",0,"usan[whip]N_margida[cart]N"
"P273880",305,"b iii 33","DUB.du₃[~vehicle]N mar[shovel]N","{ŋeš}ŠID mar",0,"DUB.du₃[~vehicle]N_mar[shovel]N"
"P332939",33,"o ii 11","{ŋeš}x[NA]NA","{ŋeš}x",0,"{ŋeš}x[NA]NA"
"P273880",26,"a i 42'","šinig[tamarisk]N x[NA]NA","{ŋeš}šinig x",0,"šinig[tamarisk]N_x[NA]NA"
"P250736",135,"o iv 28","gi[reed]N gum[crush]V/t","gi gum",0,"gi[reed]N_gum[crush]V/t"
"P247864",26,"o i 23","allanum[oak]N","{ŋeš}al-la-nu-um",0,"allanum[oak]N"
"P271301",398,"r iii 31","{ŋeš}ŋiri₃[NA]NA madu[~boat]N","{ŋeš}ŋiri₃ ma₂-du₃",0,"{ŋeš}ŋiri₃[NA]NA_madu[~boat]N"
"Q000001",49,"49","udu[sheep]N namraʾak[booty]N","udu nam-ra-ak",0,"udu[sheep]N_namraʾak[booty]N"
"P389511",8,"o 7","šiqdum[almond]N","{ŋeš}ši-iq-du-um",0,"šiqdum[almond]N"
"P228096",12,"o i 10","ašita[equipment]N","{ŋeš}a₂-šita₄",0,"ašita[equipment]N"
"P250736",81,"o iii 15","gigur[container]N ara[grind]V/t","gi-gur ar₃-ra",0,"gigur[container]N_ara[grind]V/t"
"P271911",419,"unknown","unknown","unknown",1,"unknown"
"P271301",438,"r iv 19","ŋirigub[footstool]N gigir[chariot]N","{ŋeš}ŋiri₃-gub gigir",0,"ŋirigub[footstool]N_gigir[chariot]N"
"P247864",190,"o iv 1","saŋkul[bolt]N gigir[chariot]N","{ŋeš}saŋ-kul gigir",0,"saŋkul[bolt]N_gigir[chariot]N"
"P247864",183,"o iii 57","gag[nail]N umbin[wheel]N gigir[chariot]N","{ŋeš}gag umbin gigir",0,"gag[nail]N_umbin[wheel]N_gigir[chariot]N"
"P346714",17,"r i 21'","ŋešhum[bench]N margida[cart]N","ŋeš-hum mar-gid₂-da",0,"ŋešhum[bench]N_margida[cart]N"
"P247864",44,"o i 41","manu[wood]N kur[mountain]N","{ŋeš}ma-nu kur",0,"manu[wood]N_kur[mountain]N"
"Q000039",537,"481","al[hoe]N zu[tooth]N eš[three]NU","{ŋeš}al zu₂ eš₅",0,"al[hoe]N_zu[tooth]N_eš[three]NU"
"P247864",55,"o i 52","peš[fig]N |KI.URI|-ra[NA]NA","{ŋeš}peš₃ |KI.URI|-ra",0,"peš[fig]N_|KI.URI|-ra[NA]NA"
"P370399",76,"o iii 15'","banšur[table]N mul[star]N","{ŋeš}banšur mul",0,"banšur[table]N_mul[star]N"
"P273880",296,"b iii 20","isimu[sprout]N","{ŋeš}isimu₃{+mu₂}",0,"isimu[sprout]N"
"P370399",32,"o ii 4'","x-us₂-a[NA]NA","x-us₂-a",0,"x-us₂-a[NA]NA"
"P409466",6,"o 5","Matuša[1]ON","{ŋeš}ma₂-{d}tuš-a",0,"Matuša[1]ON"
"P225006",5,"o i 2","suku[pole]N ig[door]N","{ŋeš}suku₅ ig",0,"suku[pole]N_ig[door]N"
"P349859",2,"02'","sa[net]N igi[eye]N gal[big]V/i","{ŋeš}sa igi gal-gal",0,"sa[net]N_igi[eye]N_gal[big]V/i"
"Q000039",397,"353a","{ŋeš}x[NA]NA gagsila[harness]N","{ŋeš}x gag-sal₄",0,"{ŋeš}x[NA]NA_gagsila[harness]N"
"P250736",225,"r ii 29","tisa[unmng]N tur[small]V/i","{dug}ti-sa₂ tur-tur",0,"tisa[unmng]N_tur[small]V/i"
"P271911",364,"r i 48'","mar[shovel]N sahar[dust]N","mar sahar",0,"mar[shovel]N_sahar[dust]N"
"P273880",246,"b ii 39","ban[unit]N ya[five]NU sila[unit]N","{ŋeš}ba-an ia₂ sila₃",0,"ban[unit]N_ya[five]NU_sila[unit]N"
"P332934",32,"o i 28","peš[fig]N Subir[1]GN","{ŋeš}peš₃ su-bir₄{ki}",0,"peš[fig]N_Subir[1]GN"
"Q000039",192,"159","niŋna[incense]N mud[blood]N","{ŋeš}niŋ₂-na mud₂",0,"niŋna[incense]N_mud[blood]N"
"P273880",630,"d i 3'","malalum[container]N","{ŋeš}malla(BU)",0,"malalum[container]N"
"P271301",71,"o ii 19","ildag[poplar]N bur[spread]V/t","{ŋeš}ildag₂ bur-ra",0,"ildag[poplar]N_bur[spread]V/t"
"Q000039",616,"553","illar[weapon]N šub[fall]V/t","{ŋeš}illar šub",0,"illar[weapon]N_šub[fall]V/t"
"P370399",53,"o ii 26'","ŋeš.nud.AŠ.nud[bed]N","ŋeš-nud-AŠ-nud",0,"ŋeš.nud.AŠ.nud[bed]N"
"P250736",119,"o iv 12","bisaŋ[basket]N eša[flour]N","{gi}bisaŋ eša",0,"bisaŋ[basket]N_eša[flour]N"
"P271911",421,"r ii 29","x[NA]NA","x",0,"x[NA]NA"
"P332939",27,"o ii 5","lam[tree]N gal[big]V/i","{ŋeš}lam gal",0,"lam[tree]N_gal[big]V/i"
"P459216",50,"ii 18","mes[tree]N halub[tree]N harran[route]N","{ŋeš}mes ha-lu-ub₂ har-ra-an",0,"mes[tree]N_halub[tree]N_harran[route]N"
"P370399",196,"o vii 8'","{ŋeš}TU[NA]NA magid[boatman]N","{ŋeš}TU ma₂-gid₂",0,"{ŋeš}TU[NA]NA_magid[boatman]N"
"P253866",32,"o i 27'","ig[door]N abula[gate]N","{ŋeš}ig abul",0,"ig[door]N_abula[gate]N"
"P388265",279,"r iv 19","ig[door]N miriza[plank]N","{ŋeš}ig mi-ri₂-za",0,"ig[door]N_miriza[plank]N"
"P247864",272,"o v 20","ebir[vessel-stand]N","{ŋeš}epir₂(BI)",0,"ebir[vessel-stand]N"
"P247864",76,"o ii 13","{ŋeš}x-x[NA]NA ŋešnimbar[palm]N","{ŋeš}x-x ŋešnimbar",0,"{ŋeš}x-x[NA]NA_ŋešnimbar[palm]N"
"P388265",169,"r i 47","{ŋeš}BU[NA]NA","{ŋeš}BU",0,"{ŋeš}BU[NA]NA"
"P437074",169,"c ii 2'","{ŋeš}x[NA]NA","{ŋeš}x",0,"{ŋeš}x[NA]NA"
"Q000001",45,"45","udu[sheep]N zusiga[~sheep]N MAR.TU[westerner]N","udu zu₂-si-ga MAR-TU",0,"udu[sheep]N_zusiga[~sheep]N_MAR.TU[westerner]N"
"Q000001",18,"18","udu[sheep]N kudkudra[disabled]N","udu kud-kud-ra₂",0,"udu[sheep]N_kudkudra[disabled]N"
"P332934",273,"r ii 2'","{ŋeš}x[NA]NA","{ŋeš}x",0,"{ŋeš}x[NA]NA"
"P370399",100,"o iii 39'","x[NA]NA apin[plow]N","x apin",0,"x[NA]NA_apin[plow]N"
"P429504",37,"unknown","unknown","unknown",999,"unknown"
"P247864",267,"o v 15","niŋ[thing]N ya[five]NU giŋ[unit]N","{ŋeš}niŋ₂ ia₂ giŋ₄",0,"niŋ[thing]N_ya[five]NU_giŋ[unit]N"
"P388265",88,"iv 5","KID.da[twig]N","{ŋeš}KID-da",0,"KID.da[twig]N"
"P271911",607,"r v 3","ganum[stand]N i[oil]N","ŋa₂-an-nu i₃",0,"ganum[stand]N_i[oil]N"
"P228196",4,"4","ganum[stand]N a[water]N","{ŋeš}gan-nu a",0,"ganum[stand]N_a[water]N"
"Q000039",68,"52c","{ŋeš}UDU-HI-A[NA]NA","{ŋeš}UDU-HI-A",0,"{ŋeš}UDU-HI-A[NA]NA"
"P332934",156,"o ii 72","ŋešnimbar[palm]N al-x[NA]NA","{ŋeš}ŋešnimbar al-x",0,"ŋešnimbar[palm]N_al-x[NA]NA"
"P346714",19,"r i 23'","guza[chair]N margida[cart]N","{ŋeš}gu-za mar-gid₂-da",0,"guza[chair]N_margida[cart]N"
"P271911",517,"r iii 48","šag[heart]N hul[rejoice]V/i","šag₄ hul₂",0,"šag[heart]N_hul[rejoice]V/i"
"P273880",244,"b ii 37","{ŋeš}HUB₂[NA]NA","{ŋeš}HUB₂",0,"{ŋeš}HUB₂[NA]NA"
"P273880",40,"a ii 7'","gag[nail]N leʾum[board]N apin[plow]N","{ŋeš}gag li apin",0,"gag[nail]N_leʾum[board]N_apin[plow]N"
"P273880",384,"b iv 51","gagsisa[arrow]N","{ŋeš}gag-si-sa₂",0,"gagsisa[arrow]N"
"P228105",7,"o i 5'","namuzum[a-tool]N","{ŋeš}na-mu-zum",0,"namuzum[a-tool]N"
"P388265",11,"i 13","suhuš[offshoot]N","suhušₓ(|TUR.UŠ|)",0,"suhuš[offshoot]N"
"P247864",50,"o i 47","pa[branch]N usuh[tree]N","{ŋeš}pa u₃-suh₅",0,"pa[branch]N_usuh[tree]N"
"Q000039",36,"30","šennur[plum]N","{ŋeš}šennur",0,"šennur[plum]N"
"P388265",171,"r i 49","margida[cart]N","{ŋeš}mar-gid₂-da",0,"margida[cart]N"
"Q000039",558,"501a","tukul[weapon]N mah[great]V/i","{ŋeš}tukul mah",0,"tukul[weapon]N_mah[great]V/i"
"P346869",3,"o 2","ŋešdal[crossbar]N guza[chair]N","ŋeš-dal gu-za",0,"ŋešdal[crossbar]N_guza[chair]N"
"P273880",187,"b i 37'","ŋešnud[bed]N {ŋeš}x[NA]NA","ŋeš-nud {ŋeš}x",0,"ŋešnud[bed]N_{ŋeš}x[NA]NA"
"P271911",47,"o i 31'","mud[tube]N","mud",0,"mud[tube]N"
"P277271",7,"o 5'","x[NA]NA","x",0,"x[NA]NA"
"P271549",8,"unknown","unknown","unknown",1,"unknown"
"P459218",9,"o i 13'","ig[door]N miriza[plank]N","{ŋeš}ig mi-ri₂-za",0,"ig[door]N_miriza[plank]N"
"P271911",88,"o ii 15","x[NA]NA","x",0,"x[NA]NA"
"Q000001",412,"411","uzu[flesh]N |KA×GAR|[NA]NA gud[ox]N","uzu |KA×GAR| gud",0,"uzu[flesh]N_|KA×GAR|[NA]NA_gud[ox]N"
"P273880",9,"a i 5'","allanum[oak]N","{ŋeš}al-la-nu-um",0,"allanum[oak]N"
"P332934",350,"r iv 7","gigir[chariot]N zabar[bronze]N ŋar[place]V/t","{ŋeš}gigir zabar ŋar",0,"gigir[chariot]N_zabar[bronze]N_ŋar[place]V/t"
"P388265",420,"unknown","unknown","unknown",4,"unknown"
"P250736",144,"o iv 37","gisu[instrument]N","gi-su₃",0,"gisu[instrument]N"
"P235262",25,"unknown","unknown","unknown",999,"unknown"
"Q000001",484,"481","uzu[flesh]N niŋ₂-ŋidru[NA]NA","uzu niŋ₂-ŋidru",0,"uzu[flesh]N_niŋ₂-ŋidru[NA]NA"
"P332934",265,"unknown","unknown","unknown",999,"unknown"
"P251649",9,"o 8","ŋidru[scepter]N harmušen[snare]N","{ŋeš}ŋidru har-mušen-na",0,"ŋidru[scepter]N_harmušen[snare]N"
"P235262",100,"d ii 5'","dub[knee]N bar[outside]V/t gigir[chariot]N","{ŋeš}dub₃ bar gigir",0,"dub[knee]N_bar[outside]V/t_gigir[chariot]N"
"Q000039",642,"576","usakar[moon]N","{ŋeš}u₄-sakar",0,"usakar[moon]N"
"P299494",3,"3","na[box]N šu[hand]N","{ŋeš}na šu",0,"na[box]N_šu[hand]N"
"P459216",91,"iv 5'","{ŋeš}x[NA]NA","{ŋeš}x",0,"{ŋeš}x[NA]NA"
"P271301",448,"r iv 29","umbin[wheel]N gigir[chariot]N","{ŋeš}umbin gigir",0,"umbin[wheel]N_gigir[chariot]N"
"X100003",27,"r 11","peš[fig]N Mari[1]SN","{ŋeš}peš₃ ma₂-ri₂{ki}",0,"peš[fig]N_Mari[1]SN"
"P447996",115,"o v 40","ŋešnimbar[palm]N šeŋ[cook]V/t","{ŋeš}ŋešnimbar šeŋ₆",0,"ŋešnimbar[palm]N_šeŋ[cook]V/t"
"P273880",234,"b ii 23","garig[comb]N nita[male]N","{ŋeš}ga-rig₂ nita₂",0,"garig[comb]N_nita[male]N"
"P247864",396,"o vii 15'","{ŋeš}x[NA]NA x-x[NA]NA","{ŋeš}x x-x",0,"{ŋeš}x[NA]NA_x-x[NA]NA"
"P271911",248,"unknown","unknown","unknown",1,"unknown"
"P253238",36,"r 13","muran[tree]N","{ŋeš}mur-ra-an",0,"muran[tree]N"
"P251686",7,"o 4","guza[chair]N kinud[bedroom]N","{ŋeš}gu-za ki-nud",0,"guza[chair]N_kinud[bedroom]N"
"Q000001",236,"236","amar[young]N sissig[green]V/i","amar sig₇-sig₇",0,"amar[young]N_sissig[green]V/i"
"P271519",6,"unknown","unknown","unknown",999,"unknown"
"Q000039",368,"326","gigir[chariot]N","{ŋeš}gigir",0,"gigir[chariot]N"
"Q000001",58,"58","udu[sheep]N gaba[chest]N","udu gaba",0,"udu[sheep]N_gaba[chest]N"
"P459217",155,"r iii 12","guza[chair]N gid[long]V/i","{ŋeš}gu-za gid₂",0,"guza[chair]N_gid[long]V/i"
"Q000001",200,"200","gud[ox]N Lullubi[1]GN","gud lu-lu-bu-um",0,"gud[ox]N_Lullubi[1]GN"
"Q000001",294,"294","uršubkuda[wild-animal]N","ur-šub₅-kud-da",0,"uršubkuda[wild-animal]N"
"P271911",617,"unknown","unknown","unknown",1,"unknown"
"P388265",253,"unknown","unknown","unknown",9,"unknown"
"Q000039",269,"233","maltum[bowl]N","{ŋeš}ma-al-tum",0,"maltum[bowl]N"
"P273880",588,"unknown","unknown","unknown",2,"unknown"
"P250736",226,"r ii 30","šaŋan[flask]N","{dug}šaŋan",0,"šaŋan[flask]N"
"P253866",26,"o i 21'","ig[door]N gal[big]V/i","{ŋeš}ig gal",0,"ig[door]N_gal[big]V/i"
"Q000039",529,"473","saŋ[head]N ŋušur[harrow]N","{ŋeš}saŋ gana₂-ur₃",0,"saŋ[head]N_ŋušur[harrow]N"
"P346714",36,"r ii 04'","gag[nail]N x-x[NA]NA","{ŋeš}gag x-x",0,"gag[nail]N_x-x[NA]NA"
"Q000001",232,"232","amar[young]N mu[year]N 1(aš)[NA]NA","amar mu 1(aš)",0,"amar[young]N_mu[year]N_1(aš)[NA]NA"
"P447996",45,"o iv 14","manu[wood]N","{ŋeš}ma-nu",0,"manu[wood]N"
"Q000039",566,"509","dur[board]N bisaŋ[basket]N","{ŋeš}dur₂ bisaŋ",0,"dur[board]N_bisaŋ[basket]N"
"P271911",560,"r iv 25","tukul[weapon]N nisiki[comb]N","tukul MAŠ-LA-UMBIN",0,"tukul[weapon]N_nisiki[comb]N"
"P250736",49,"o ii 21","šu[handle]N PU₂[NA]NA","{gi}šu PU₂",0,"šu[handle]N_PU₂[NA]NA"
"P271301",294,"r i 22","šuʾa[stool]N suhsah[sound]N","{ŋeš}šuaₓ(|ŠU₂×(A.DIŠ)|) suh₃-sah₄",0,"šuʾa[stool]N_suhsah[sound]N"
"P459218",99,"o iv 20","al[hoe]N saŋ[head]N","{ŋeš}al saŋ",0,"al[hoe]N_saŋ[head]N"
"P271911",134,"o ii 54","ŋešrin[scales]N zala[smashed]N","rin₂ zag-lal₂",0,"ŋešrin[scales]N_zala[smashed]N"
"P347814",70,"a ii 41'","{ŋeš}balaŋ-x[NA]NA","{ŋeš}balaŋ-x",0,"{ŋeš}balaŋ-x[NA]NA"
"P347814",59,"a ii 30'","{ŋeš}BU[NA]NA","{ŋeš}BU",0,"{ŋeš}BU[NA]NA"
"Q000039",506,"453","niŋkud[~plowshare]N apin[plow]N","{ŋeš}niŋ₂-kud apin",0,"niŋkud[~plowshare]N_apin[plow]N"
"P229426",7,"o 6","laʾu[arrears]N la-u₂[NA]NA |LAL₂.KAK|[NA]NA","laʾu₄ la-u₂ |LAL₂.KAK|",0,"laʾu[arrears]N_la-u₂[NA]NA_|LAL₂.KAK|[NA]NA"
"Q000039",110,"88","dala[thorn]N ŋešnimbar[palm]N","{ŋeš}dala₂ ŋešnimbar",0,"dala[thorn]N_ŋešnimbar[palm]N"
"P253863",3,"o 1","ŋušur[harrow]N","{ŋeš}gana₂-ur₃",0,"ŋušur[harrow]N"
"P273880",478,"c ii 22","magaz[bench]N burud[perforate]V/t","{ŋeš}ma₂-gaz bur₃-bur₃",0,"magaz[bench]N_burud[perforate]V/t"
"Q000039",216,"182","guza[chair]N Aratta[1]SN","{ŋeš}gu-za aratta",0,"guza[chair]N_Aratta[1]SN"
"P250736",119,"o iv 12","bisaŋ[basket]N eša[flour]N","{gi}bisaŋ eša",0,"bisaŋ[basket]N_eša[flour]N"
"P409466",7,"o 6","ma[ship]N {d}ud-da-aš[NA]NA","{ŋeš}ma₂ {d}ud-da-aš",0,"ma[ship]N_{d}ud-da-aš[NA]NA"
"P273880",483,"c ii 27","ma[ship]N ŋeš[sixty]NU gur[unit]N","{ŋeš}ma₂ ŋeš₂ gur",0,"ma[ship]N_ŋeš[sixty]NU_gur[unit]N"
"P253233",11,"o i 6","banmin[vessel]N","{ŋeš}{+ba-an}banmin",0,"banmin[vessel]N"
"Q000039",195,"162","guza[chair]N gid[long]V/i","{ŋeš}gu-za gid₂",0,"guza[chair]N_gid[long]V/i"
"P347814",47,"a ii 18'","{ŋeš}x[NA]NA","{ŋeš}x",0,"{ŋeš}x[NA]NA"
"P459218",78,"o iii 29","leʾum[board]N apin[plow]N","{ŋeš}le apin",0,"leʾum[board]N_apin[plow]N"
"Q000001",206,"206","ab[cow]N šilam[cow]N","ab₂ šilamₓ(|NUN.LAGAR|)",0,"ab[cow]N_šilam[cow]N"
"P271771",19,"o ii 17","allanum[oak]N","{ŋeš}al-la-nu-um",0,"allanum[oak]N"
"P388265",139,"r i 17","a[arm]N apin[plow]N","{ŋeš}a₂ apin",0,"a[arm]N_apin[plow]N"
"P271911",565,"unknown","unknown","unknown",1,"unknown"
"P273880",321,"b iii 49","{ŋeš}LAGAB[NA]NA illar[weapon]N","{ŋeš}LAGAB illar",0,"{ŋeš}LAGAB[NA]NA_illar[weapon]N"
"Q000039",271,"235","dilim[spoon]N banšur[table]N","{ŋeš}dilim₂ banšur",0,"dilim[spoon]N_banšur[table]N"
"P250371",5,"o 3","gabaŋal[guard]N gigir[chariot]N","{ŋeš}gaba-ŋal₂ gigir",0,"gabaŋal[guard]N_gigir[chariot]N"
"P332934",317,"r iii 20'","ki[place]N ma[ship]N","{ŋeš}ki ma₂",0,"ki[place]N_ma[ship]N"
"P253228",9,"o i 6","al[hoe]N zu[tooth]N eš[three]NU","{ŋeš}al zu₂ eš₅",0,"al[hoe]N_zu[tooth]N_eš[three]NU"
"P459218",108,"o iv 29","{ŋeš}MA-dim[NA]NA tur[small]V/i","{ŋeš}MA-dim tur",0,"{ŋeš}MA-dim[NA]NA_tur[small]V/i"
"P228196",20,"20","halba[bucket]N","{ŋeš}{+hal-bi}halbi₅",0,"halba[bucket]N"
"P388265",162,"r i 40","ellag[ball]N","{ŋeš}ellag",0,"ellag[ball]N"
"P459227",7,"unknown","unknown","unknown",999,"unknown"
"P271301",422,"r iv 3","gigir[chariot]N Enlil[1]DN","{ŋeš}gigir {d}50",0,"gigir[chariot]N_Enlil[1]DN"
"P347814",248,"d i 3'","{ŋeš}gag-šir-x[NA]NA","{ŋeš}gag-šir-x",0,"{ŋeš}gag-šir-x[NA]NA"
"P388265",298,"r iv 38","dur[balk]N peš[thick]V/i","{ŋeš}dur peš",0,"dur[balk]N_peš[thick]V/i"
"P332934",224,"o iii 62","ŋali[~palm]N ŋešnimbar[palm]N","{ŋeš}ŋa₂-ŋa₂-na ŋešnimbar",0,"ŋali[~palm]N_ŋešnimbar[palm]N"
"Q000039",544,"488","gag[nail]N šum[garlic]N bal[dig]V/t","{ŋeš}gag šum₂ ba-al",0,"gag[nail]N_šum[garlic]N_bal[dig]V/t"
"Q000001",136,"136","maš[goat]N zu[tooth]N","maš₂ zu₂",0,"maš[goat]N_zu[tooth]N"
"P247864",385,"o vii 4'","ig[door]N x-ne[NA]NA","{ŋeš}ig x-ne",0,"ig[door]N_x-ne[NA]NA"
"P273880",379,"b iv 46","gag[nail]N šum[garlic]N širdili[~garlic]N","{ŋeš}gag šum₂ šir-dili",0,"gag[nail]N_šum[garlic]N_širdili[~garlic]N"
"P271911",356,"r i 40'","mar[shovel]N ninda[bread]N","mar ninda",0,"mar[shovel]N_ninda[bread]N"
"P370399",90,"o iii 29'","dilimbanda[bowl]N","{ŋeš}dilim₂-banda₃",0,"dilimbanda[bowl]N"
"P370399",181,"o v 35'","emerah[jug]N nita[male]N","{ŋeš}emerah nita",0,"emerah[jug]N_nita[male]N"
"P271911",56,"o i 37'","suhur[tool]N","suhur",0,"suhur[tool]N"
"P332934",395,"r iv 29'","x[NA]NA margida[cart]N","x mar-gid₂-da",0,"x[NA]NA_margida[cart]N"
"P271911",318,"r i 9'","masatum[lance?]N","mi-ši-zum",0,"masatum[lance?]N"
"P247864",441,"r i 1","guza[chair]N x[NA]NA","{ŋeš}gu-za x",0,"guza[chair]N_x[NA]NA"
"P388265",283,"r iv 23","ig[door]N kan[gate]N bar[outside]V/t","{ŋeš}ig kan₄ bar",0,"ig[door]N_kan[gate]N_bar[outside]V/t"
"P253233",19,"o ii 2","dilim[spoon]N dug[speak]V/t","{ŋeš}dilim₂ dug₄",0,"dilim[spoon]N_dug[speak]V/t"
"Q000039",646,"580","mar[shovel]N","{ŋeš}mar",0,"mar[shovel]N"
"P247864",396,"o vii 15'","{ŋeš}x[NA]NA x-x[NA]NA","{ŋeš}x x-x",0,"{ŋeš}x[NA]NA_x-x[NA]NA"
"P272243",13,"o i' 9'","ŋešnimbar[palm]N dar[split]V/t","{ŋeš}ŋešnimbar da-r·a",0,"ŋešnimbar[palm]N_dar[split]V/t"
"Q000001",390,"389","kiši[ant]N sissig[green]V/i","kiši₈ sig₇-sig₇",0,"kiši[ant]N_sissig[green]V/i"
"P273244",10,"r 3","ig[door]N miriza[plank]N","{ŋeš}ig ma₂-ri₂-za",0,"ig[door]N_miriza[plank]N"
"Q000001",498,"494","uzu[flesh]N niŋkiŋgia[liver]N","uzu niŋ₂-kiŋ₂-gi₄-a",0,"uzu[flesh]N_niŋkiŋgia[liver]N"
"P388265",403,"unknown","unknown","unknown",3,"unknown"
"P229426",42,"r ii 16","ma[ship]N šag[heart]N hulu[bad]V/i","{ŋeš}ma₂ šag₄ hul",0,"ma[ship]N_šag[heart]N_hulu[bad]V/i"
"P273880",681,"d ii 16'","{ŋeš}x-ra[NA]NA","{ŋeš}x-ra",0,"{ŋeš}x-ra[NA]NA"
"Q000001",195,"195","gud[ox]N x[NA]NA","gud x",0,"gud[ox]N_x[NA]NA"
"P409465",1,"1","ma[ship]N {d}ti-il[NA]NA Enlil[1]DN","{ŋeš}ma₂ {d}ti-il {d}en-lil₂",0,"ma[ship]N_{d}ti-il[NA]NA_Enlil[1]DN"
"P247864",291,"o v 39","{ŋeš}KA[NA]NA x-x[NA]NA","{ŋeš}KA x-x",0,"{ŋeš}KA[NA]NA_x-x[NA]NA"
"P250364",129,"r ii 14'","dih[weed]N kur[mountain]N","{ŋeš}dih₃ kur",0,"dih[weed]N_kur[mountain]N"
"P224996",6,"o i 3","guza[chair]N sirda[cnne]N","{ŋeš}gu-za sir₂-da",0,"guza[chair]N_sirda[cnne]N"
"Q000039",688,"620","šu[handle]N","{ŋeš}šu",0,"šu[handle]N"
"P389511",18,"r 2","{ŋeš}a-x[NA]NA","{ŋeš}a-x",0,"{ŋeš}a-x[NA]NA"
"Q000001",281,"281","muš[snake]N kun[tail]N kud[cut]V/t","muš kun kud",0,"muš[snake]N_kun[tail]N_kud[cut]V/t"
"P347814",40,"a ii 11'","{ŋeš}x[NA]NA","{ŋeš}x",0,"{ŋeš}x[NA]NA"
"P247864",452,"r i 12","ŋešnud[bed]N umbin[nail]N gud[ox]N","ŋeš-nud umbin gud",0,"ŋešnud[bed]N_umbin[nail]N_gud[ox]N"
"P332934",23,"o i 19","ŋeštin[vine]N garan[bunch]N","{ŋeš}ŋeštin ga-ra-an",0,"ŋeštin[vine]N_garan[bunch]N"
"P250736",59,"o ii 33","dur[bond]N min[two]NU kešed[bind]V/t","{gi}dur min keš₂-d·a",0,"dur[bond]N_min[two]NU_kešed[bind]V/t"
"Q000039",170,"144","dibdib[waterclock]N","{ŋeš}dib-dib",0,"dibdib[waterclock]N"
"P253228",31,"o ii 12","al[hoe]N zu[tooth]N min[two]NU","{ŋeš}al zu₂ min",0,"al[hoe]N_zu[tooth]N_min[two]NU"
"P459226",16,"o i 13'","hašhur[apple]N kur[mountain]N","{ŋeš}hašhur kur",0,"hašhur[apple]N_kur[mountain]N"
"P271911",490,"r iii 27","hal-me[NA]NA","hal-me",0,"hal-me[NA]NA"
"P332934",396,"r iv 30'","x[NA]NA margida[cart]N","x mar-gid₂-da",0,"x[NA]NA_margida[cart]N"
"Q000039",617,"554","illar[weapon]N eban[pair]N","{ŋeš}illar e-ba-an",0,"illar[weapon]N_eban[pair]N"
"P389437",2,"o 1","ŋeš[tree]N u[ten]NU giŋ[unit]N","ŋeš u giŋ₄",0,"ŋeš[tree]N_u[ten]NU_giŋ[unit]N"
"Q000039",611,"550","šunir[emblem]N","{ŋeš}šu-nir",0,"šunir[emblem]N"
"P347814",137,"b ii 21'","{ŋeš}e₂-mi-x[NA]NA","{ŋeš}e₂-mi-x",0,"{ŋeš}e₂-mi-x[NA]NA"
"P447996",214,"r iii 15","x[NA]NA ma[ship]N","x ma₂",0,"x[NA]NA_ma[ship]N"
"P253866",55,"o ii 19'","guza[chair]N malah[sailor]N","{ŋeš}gu-za ma₂-lah₅",0,"guza[chair]N_malah[sailor]N"
"P235262",40,"unknown","unknown","unknown",4,"unknown"
"P247864",29,"o i 26","{ŋeš}qi₂-na-zum[NA]NA","{ŋeš}qi₂-na-zum",0,"{ŋeš}qi₂-na-zum[NA]NA"
"P389437",4,"o 3","ŋeš[tree]N min[two]NU giŋ[unit]N","ŋeš min giŋ₄",0,"ŋeš[tree]N_min[two]NU_giŋ[unit]N"
"P253238",32,"r 9","manu[wood]N gibil[firewood]N","{ŋeš}ma-nu gibil₂",0,"manu[wood]N_gibil[firewood]N"
"P332934",208,"o iii 44","mud[stump]N peš[thick]V/i ŋešnimbar[palm]N","{ŋeš}mud peš ŋešnimbar",0,"mud[stump]N_peš[thick]V/i_ŋešnimbar[palm]N"
"P228196",10,"10","matgan[stand]N","{ŋeš}ma-at-gan",0,"matgan[stand]N"
"P459217",127,"r i 14'","huš[plant]N","{ŋeš}huš",0,"huš[plant]N"
"Q000001",154,"154","sila[lamb]N kiŋgia[~animal]N","sila₄ kiŋ₂-gi₄-a",0,"sila[lamb]N_kiŋgia[~animal]N"
"P273880",389,"b iv 57","negipum[tool]N","{ŋeš}ne-gi-pu-um",0,"negipum[tool]N"
"P459217",88,"iv 10","dala[thorn]N ŋešnimbar[palm]N","{ŋeš}dala₂ ŋešnimbar",0,"dala[thorn]N_ŋešnimbar[palm]N"
"P253866",37,"o ii 1'","šibir[staff]N","{ŋeš}šibir",0,"šibir[staff]N"
"P332934",113,"o ii 30","KID.da[twig]N","{ŋeš}šed-du",0,"KID.da[twig]N"
"P332934",240,"o iv 11'","buzunuma[plant]N","{ŋeš}bu-zu₂-num₂",0,"buzunuma[plant]N"
"Q000039",681,"613","tigidlu[instrument]N","{ŋeš}tigidla",0,"tigidlu[instrument]N"
"P253866",32,"o i 27'","ig[door]N abula[gate]N","{ŋeš}ig abul",0,"ig[door]N_abula[gate]N"
"P253228",74,"r ii 13'","peš[fig]N","{ŋeš}peš₃",0,"peš[fig]N"
"P271911",404,"r ii 17","kul[handle]N zamin[lyre]N","kul za₃-mi₂",0,"kul[handle]N_zamin[lyre]N"
"P271911",66,"o i 45'","nura[~loom]N","nir-ra",0,"nura[~loom]N"
"P271301",159,"o iii 47","ŋešnimbar[palm]N gighab[disease]N","{ŋeš}ŋešnimbar gig-hab₂",0,"ŋešnimbar[palm]N_gighab[disease]N"
"P271301",93,"o ii 41","tir[forest]N kug[pure]V/i","{ŋeš}tir kug",0,"tir[forest]N_kug[pure]V/i"
"Q000001",136,"136","maš[goat]N zu[tooth]N","maš₂ zu₂",0,"maš[goat]N_zu[tooth]N"
"P388265",86,"iv 3","numun[seed]N asal[poplar]N","{ŋeš}numun asal₂",0,"numun[seed]N_asal[poplar]N"
"Q000001",306,"306","munus[woman]N ugubi[monkey]N","munus {+ugu}ugu₄-bi",0,"munus[woman]N_ugubi[monkey]N"
"P271911",369,"r i 52'","gag[nail]N mar[shovel]N","gag mar",0,"gag[nail]N_mar[shovel]N"
"Q000039",397,"353a","{ŋeš}x[NA]NA gagsila[harness]N","{ŋeš}x gag-sal₄",0,"{ŋeš}x[NA]NA_gagsila[harness]N"
"Q000039",218,"184","guza[chair]N munus[woman]N","{ŋeš}gu-za munus",0,"guza[chair]N_munus[woman]N"
"P271301",18,"o i 15","ŋešgana[tree]N babbar[white]V/i","ŋeš-kin₂ babbar",0,"ŋešgana[tree]N_babbar[white]V/i"
"P253233",14,"o i 8","dilim[spoon]N dug[speak]V/t","{ŋeš}dilim₂ dug₄",0,"dilim[spoon]N_dug[speak]V/t"
"P429503",135,"r ii' 11'","si[horn]N ma[ship]N","{ŋeš}si ma₂",0,"si[horn]N_ma[ship]N"
"P370399",89,"o iii 28'","dilim[spoon]N gal[big]V/i","{ŋeš}dilim₂ gal",0,"dilim[spoon]N_gal[big]V/i"
"P250736",105,"o iii 39","bisaŋ[basket]N ninda[bread]N","{gi}bisaŋ ninda",0,"bisaŋ[basket]N_ninda[bread]N"
"P459217",107,"iv 29","ŋešnimbar[palm]N al-x[NA]NA","{ŋeš}ŋešnimbar al-x",0,"ŋešnimbar[palm]N_al-x[NA]NA"
"Q000001",309,"309","mašda[gazelle]N","maš-da₃",0,"mašda[gazelle]N"
"P247864",146,"o iii 20","endur[navel?]N margida[cart]N","{ŋeš}en₃-dur mar-gid₂-da",0,"endur[navel?]N_margida[cart]N"
"P273880",440,"c i 45","ŋešpu[rim]N","ŋeš-bu",0,"ŋešpu[rim]N"
"P247864",182,"o iii 56","umbin[wheel]N gigir[chariot]N","{ŋeš}umbin gigir",0,"umbin[wheel]N_gigir[chariot]N"
"P347814",124,"b ii 8'","{ŋeš}šu-x[NA]NA","{ŋeš}šu-x",0,"{ŋeš}šu-x[NA]NA"
"P253230",53,"t.e. 3","x-x-du-um[NA]NA","x-x-du-um",0,"x-x-du-um[NA]NA"
"P347814",191,"c i 47'","dur[board]N gi-x[NA]NA","{ŋeš}dur₂ gi-x",0,"dur[board]N_gi-x[NA]NA"
"Q000001",101,"101","udu[sheep]N babbar[white]V/i","udu babbar",0,"udu[sheep]N_babbar[white]V/i"
"P250364",26,"o ii 1","{ŋeš}x[NA]NA","{ŋeš}x",0,"{ŋeš}x[NA]NA"
"Q000039",389,"346","gabaŋal[guard]N gigir[chariot]N","{ŋeš}gaba-ŋal₂ gigir",0,"gabaŋal[guard]N_gigir[chariot]N"
"Q000039",512,"459","šudul[yoke]N apin[plow]N","{ŋeš}šu₂-dul₄ apin",0,"šudul[yoke]N_apin[plow]N"
"P271771",37,"o iii 14","zirdum[olive]N","{ŋeš}zi-ir-du",0,"zirdum[olive]N"
"P271320",45,"r i' 11'","zara[pivot]N gigir[chariot]N","{ŋeš}za-ra gigir",0,"zara[pivot]N_gigir[chariot]N"
"Q000001",321,"321","sumun[cow]N","sumun₂",0,"sumun[cow]N"
"Q000039",638,"572","{ŋeš}KID[NA]NA aʾašŋar[ax]N","{ŋeš}KID a₂-ŋar",0,"{ŋeš}KID[NA]NA_aʾašŋar[ax]N"
"P247864",6,"o i 3","zabalum[juniper]N","{ŋeš}za-ba-lum",0,"zabalum[juniper]N"
"P247864",260,"o v 8","ban[unit]N ya[five]NU sila[unit]N","{ŋeš}ba-an ia₂ sila₃",0,"ban[unit]N_ya[five]NU_sila[unit]N"
"P346714",112,"r iii 34'","al[hoe]N QUM-HI[NA]NA","{ŋeš}al QUM-HI",0,"al[hoe]N_QUM-HI[NA]NA"
"P247864",41,"o i 38","{ŋeš}mi-ir-tum[NA]NA","{ŋeš}mi-ir-tum",0,"{ŋeš}mi-ir-tum[NA]NA"
"P250736",61,"o ii 35","dur[bond]N aŋi[wave]N","{gi}dur a-ŋi₆",0,"dur[bond]N_aŋi[wave]N"
"P250736",215,"r ii 19","šaggig[vessel]N","{dug}šag₄-ki",0,"šaggig[vessel]N"
"Q000039",169,"143","{ŋeš}|LAGAB×A|-da[NA]NA","{ŋeš}|LAGAB×A|-da",0,"{ŋeš}|LAGAB×A|-da[NA]NA"
"Q000039",669,"603","sabitum[instrument]N","{ŋeš}sa-bi₂-tum",0,"sabitum[instrument]N"
"P250363",19,"r 6","{ŋeš}HUR-MAŠ₂-ma[NA]NA","{ŋeš}HUR-MAŠ₂-ma",0,"{ŋeš}HUR-MAŠ₂-ma[NA]NA"
"P332934",236,"o iv 7'","zarlamtum[plant]N","{ŋeš}zar-lam-tum",0,"zarlamtum[plant]N"
"P253238",8,"o 5'","mes[tree]N šaršabid[tree]N","{ŋeš}mes šarₓ(NE)-ša₄-bid₃",0,"mes[tree]N_šaršabid[tree]N"
"P273880",272,"b ii 65","banšur[table]N gag[nail]N la[hang]V/t","{ŋeš}banšurₓ(|URU×IGI.URUDA|) gag{+gu} la₂",0,"banšur[table]N_gag[nail]N_la[hang]V/t"
"P370399",68,"o iii 7'","guza[chair]N kimah[grave]N","{ŋeš}gu-za ki-mah",0,"guza[chair]N_kimah[grave]N"
"Q000039",162,"138","gilim[foliage]N abzu[water]N","{ŋeš}gilim abzu",0,"gilim[foliage]N_abzu[water]N"
"P273880",70,"a iii 1'","x[NA]NA margida[cart]N","x mar-gid₂-da",0,"x[NA]NA_margida[cart]N"
"P459216",46,"ii 14","mes[tree]N Magan[1]GN","{ŋeš}mes ma₂-gan-na",0,"mes[tree]N_Magan[1]GN"
"P253233",59,"r ii 9'","{ŋeš}x-x[NA]NA x[NA]NA","{ŋeš}x-x x",0,"{ŋeš}x-x[NA]NA_x[NA]NA"
"P332934",390,"r iv 24'","x[NA]NA margida[cart]N","x mar-gid₂-da",0,"x[NA]NA_margida[cart]N"
"P271301",146,"o iii 34","ŋešnimbar[palm]N gun[load]N","{ŋeš}ŋešnimbar gun",0,"ŋešnimbar[palm]N_gun[load]N"
"P349173",4,"o 3","ig[door]N miriza[plank]N","{ŋeš}ig mi-ri₂-za",0,"ig[door]N_miriza[plank]N"
"P253863",5,"o 2","zu[tooth]N ŋušur[harrow]N","{ŋeš}zu₂ gana₂-ur₃",0,"zu[tooth]N_ŋušur[harrow]N"
"P247864",301,"o v 49","ŋešdi[rung]N ma[ship]N","ŋeš-di₅ ma₂",0,"ŋešdi[rung]N_ma[ship]N"
"P247864",65,"o ii 2","asal[poplar]N kur[mountain]N","{ŋeš}asal₂ kur",0,"asal[poplar]N_kur[mountain]N"
"P429503",131,"r ii' 7'","{ŋeš}PAD[NA]NA ma[ship]N","{ŋeš}PAD ma₂",0,"{ŋeš}PAD[NA]NA_ma[ship]N"
"P253233",11,"o i 6","banmin[vessel]N","{ŋeš}{+ba-an}banmin",0,"banmin[vessel]N"
"Q000039",710,"641","ŋušur[beam]N TUG₂[NA]NA","{ŋeš}ur₂ TUG₂",0,"ŋušur[beam]N_TUG₂[NA]NA"
"P273880",161,"b i 4'","x-x-ke₄[NA]NA","x-x-ke₄",0,"x-x-ke₄[NA]NA"
"P332939",47,"r i' 6'","gag[nail]N šibir[staff]N","{ŋeš}gag šibir",0,"gag[nail]N_šibir[staff]N"
"P271911",578,"unknown","unknown","unknown",1,"unknown"
"P429504",48,"r i 11'","guza[chair]N gar[knob]N x[NA]NA","{ŋeš}gu-za gar₃ x",0,"guza[chair]N_gar[knob]N_x[NA]NA"
"P271301",432,"r iv 13","{ŋeš}x[NA]NA x[NA]NA gigir[chariot]N","{ŋeš}x x gigir",0,"{ŋeš}x[NA]NA_x[NA]NA_gigir[chariot]N"
"P250364",86,"o v 7","sašušgal[net]N","{ŋeš}sa-šu₂-uš-gal",0,"sašušgal[net]N"
"P249383",6,"o 4","e[house]N usan[whip]N la[hang]V/t gigir[chariot]N","{ŋeš}e₂ usan₃ la₂ gigir",0,"e[house]N_usan[whip]N_la[hang]V/t_gigir[chariot]N"
"P271911",58,"o i 39'","suhur[tool]N anše[equid]N","suhur anše",0,"suhur[tool]N_anše[equid]N"
"Q000001",107,"107","u[ewe]N","u₈",0,"u[ewe]N"
"P332934",323,"r iii 26'","ti[rib]N ma[ship]N","ti ma₂",0,"ti[rib]N_ma[ship]N"
"P346714",12,"unknown","unknown","unknown",10,"unknown"
"P271301",141,"o iii 29","ŋešnimbar[palm]N šab[cut]V/t","{ŋeš}ŋešnimbar šab",0,"ŋešnimbar[palm]N_šab[cut]V/t"
"Q000039",124,"101","{ŋeš}niŋ₂-x[NA]NA ŋešnimbar[palm]N","{ŋeš}niŋ₂-x ŋešnimbar",0,"{ŋeš}niŋ₂-x[NA]NA_ŋešnimbar[palm]N"
"P332934",371,"r iv 5'","usan[whip]N anše[equid]N","{ŋeš}usan₃ anše",0,"usan[whip]N_anše[equid]N"
"Q000039",341,"301","dim[post]N ma[ship]N","{ŋeš}dim ma₂",0,"dim[post]N_ma[ship]N"
"P228196",9,"9","ganum[stand]N ki-sig[NA]NA","{ŋeš}gan-nu ki-sig",0,"ganum[stand]N_ki-sig[NA]NA"
"Q000039",233,"197","guza[chair]N gar[knob]N zabar[bronze]N ŋar[place]V/t","{ŋeš}gu-za gar₃ zabar ŋar",0,"guza[chair]N_gar[knob]N_zabar[bronze]N_ŋar[place]V/t"
"P346897",2,"o 1","gigir[chariot]N","{ŋeš}gigir",0,"gigir[chariot]N"
"P272243",14,"o i' 10'","ŋešnimbar[palm]N kud[cut]V/t","{ŋeš}ŋešnimbar kud",0,"ŋešnimbar[palm]N_kud[cut]V/t"
"P347814",138,"b ii 22'","pana[bow]N","{ŋeš}pana",0,"pana[bow]N"
"P273880",243,"b ii 36","ba[tool]N šidim[builder]N","{ŋeš}ba šidim",0,"ba[tool]N_šidim[builder]N"
"P271301",211,"o iv 45","zarsi[plant]N","{ŋeš}zar",0,"zarsi[plant]N"
"P388265",293,"r iv 33","tugtug[~loom]N","{ŋeš}tug₂-tug₂",0,"tugtug[~loom]N"
"P332934",277,"unknown","unknown","unknown",4,"unknown"
"P250736",58,"o ii 32","dur[bond]N ana[upper-part]N X-me-eš[NA]NA","{gi}dur an-na X-me-eš",0,"dur[bond]N_ana[upper-part]N_X-me-eš[NA]NA"
"P271301",196,"o iv 30","tubala[harness]N ŋešnimbar[palm]N","{ŋeš}tubaₓ(EŠ₂)-la₂ ŋešnimbar",0,"tubala[harness]N_ŋešnimbar[palm]N"
"P271301",107,"o ii 55","mes[tree]N","{ŋeš}mes-mes",0,"mes[tree]N"
"P332934",364,"r iv 21","gag[nail]N zara[pivot]N gigir[chariot]N","{ŋeš}gag za-ra gigir",0,"gag[nail]N_zara[pivot]N_gigir[chariot]N"
"P429503",134,"r ii' 10'","ki[place]N ma[ship]N","{ŋeš}ki ma₂",0,"ki[place]N_ma[ship]N"
"P447996",207,"r iii 8","x-x[NA]NA","x-x",0,"x-x[NA]NA"
"P388265",128,"r i 6","apin[plow]N šu[hand]N du[push]V/t","{ŋeš}apin šu du₇",0,"apin[plow]N_šu[hand]N_du[push]V/t"
"P346866",4,"unknown","unknown","unknown",999,"unknown"
"P346714",130,"r iv 10'","niŋ[thing]N diš[one]NU giŋ[unit]N","{ŋeš}niŋ₂ diš giŋ₄",0,"niŋ[thing]N_diš[one]NU_giŋ[unit]N"
"Q000039",367,"325","gabar[herder]N","{ŋeš}kab-bar",0,"gabar[herder]N"
"Q000039",664,"598","balaŋdi[instrument]N","{ŋeš}balaŋ-di",0,"balaŋdi[instrument]N"
"P250364",120,"r ii 5'","magaz[bench]N burud[perforate]V/t","{ŋeš}ma-gaz burudₓ(U)-burudₓ(U)",0,"magaz[bench]N_burud[perforate]V/t"
"P271911",618,"r v 14","kigal[platform]N lugal[king]N gub[stand]V/i","ki-gal lugal gub",0,"kigal[platform]N_lugal[king]N_gub[stand]V/i"
"P271911",160,"unknown","unknown","unknown",1,"unknown"
"P271301",132,"o iii 20","ligima[shoot]N","{ŋeš}ligima(|IGI.TUR.TUR|)",0,"ligima[shoot]N"
"Q000001",284,"284","muš[snake]N gar[knob]N ŋeštin[vine]N","muš gar₃ ŋeštin",0,"muš[snake]N_gar[knob]N_ŋeštin[vine]N"
"P459217",68,"iii 18","arganum[conifer]N","{ŋeš}ar-ga-nu-um",0,"arganum[conifer]N"
"P273880",434,"c i 39","KID.da[twig]N","{ŋeš}KID-da",0,"KID.da[twig]N"
"P250364",23,"o i 20","{ŋeš}x-x[NA]NA gigir[chariot]N","{ŋeš}x-x gigir",0,"{ŋeš}x-x[NA]NA_gigir[chariot]N"
"P271301",320,"r ii 4","kaŋeškarak[table]N","{ŋeš}ka-kara₄",0,"kaŋeškarak[table]N"
"P271911",249,"o iv 19","lidga[vessel]N","{+du-uṭ-ṭu}DIŠ",0,"lidga[vessel]N"
"P273880",295,"b iii 19","hedu[ornament]N kan[gate]N","{ŋeš}he₂-du₇ kan₄",0,"hedu[ornament]N_kan[gate]N"
"P250363",19,"r 6","{ŋeš}HUR-MAŠ₂-ma[NA]NA","{ŋeš}HUR-MAŠ₂-ma",0,"{ŋeš}HUR-MAŠ₂-ma[NA]NA"
"P271911",282,"o iv 46","sa[net]N hurda[mat-door]N","sa hur-da",0,"sa[net]N_hurda[mat-door]N"
"P370399",84,"o iii 23'","kaŋeškarak[table]N x[NA]NA","{ŋeš}ka-ŋeš-kara₄ x",0,"kaŋeškarak[table]N_x[NA]NA"
"P370399",75,"o iii 14'","banšur[table]N lu₂-du₇[NA]NA","{ŋeš}banšur lu₂-du₇",0,"banšur[table]N_lu₂-du₇[NA]NA"
"P332934",24,"o i 20","ŋeštinguruma[~vine]N","{ŋeš}ŋeštin-gurum-ma",0,"ŋeštinguruma[~vine]N"
"P349893",1,"1","ma[ship]N","{ŋeš}ma₂",0,"ma[ship]N"
"P447996",70,"o iv 39","peš[fig]N","{ŋeš}peš₃",0,"peš[fig]N"
"P271301",458,"r iv 39","usan[whip]N","{ŋeš}usan₃",0,"usan[whip]N"
"Q000001",146,"146","maš[goat]N guʾeguʾe[fatty?]AJ","maš₂ gu₂-e₃-gu₂-e₃",0,"maš[goat]N_guʾeguʾe[fatty?]AJ"
"P250736",215,"r ii 19","šaggig[vessel]N","{dug}šag₄-ki",0,"šaggig[vessel]N"
"P273880",270,"b ii 63","banšur[table]N niŋgu[food]N","{ŋeš}banšurₓ(|URU×IGI.URUDA|) niŋ₂-gu₇",0,"banšur[table]N_niŋgu[food]N"
"Q000001",418,"417","uzu[flesh]N gu[neck]N","uzu gu₂",0,"uzu[flesh]N_gu[neck]N"
"Q000039",334,"294b","ma[ship]N UD[NA]NA nurum[light]N","{ŋeš}ma₂ UD nu-ri",0,"ma[ship]N_UD[NA]NA_nurum[light]N"
"P447996",126,"r i 8","ŋešnimbar[palm]N dar[split]V/t","{ŋeš}ŋešnimbar dar",0,"ŋešnimbar[palm]N_dar[split]V/t"
"P447996",69,"o iv 38","ŋeštin[vine]N kaʾa[fox]N","{ŋeš}ŋeštin ka₅-a",0,"ŋeštin[vine]N_kaʾa[fox]N"
"P332939",44,"r i' 3'","{ŋeš}x[NA]NA","{ŋeš}x",0,"{ŋeš}x[NA]NA"
"Q000039",581,"524","ŋeš[tree]N u[ten]NU giŋ[unit]N","ŋeš u giŋ₄",0,"ŋeš[tree]N_u[ten]NU_giŋ[unit]N"
"P492330",5,"o i 3","subur[chariot]N","{ŋeš}subur",0,"subur[chariot]N"
"P272243",17,"o i' 13'","ŋešnimbar[palm]N ug[die]V/t","{ŋeš}ŋešnimbar al-ug₅-ga",0,"ŋešnimbar[palm]N_ug[die]V/t"
"P247864",238,"o iv 49","ig[door]N maštab[twin]N","{ŋeš}ig maš-tab",0,"ig[door]N_maštab[twin]N"
"P271911",342,"r i 29'","agasilig[ax]N","{+ga}aga₃-zalag₂",0,"agasilig[ax]N"
"Q000001",37,"37","udu[sheep]N nim[high]V/i","udu nim-nim",0,"udu[sheep]N_nim[high]V/i"
"P492330",38,"r i 8'","{ŋeš}a-x[NA]NA","{ŋeš}a-x",0,"{ŋeš}a-x[NA]NA"
"P447996",22,"o iii 18","kur[wood]N","{ŋeš}kur",0,"kur[wood]N"
"P388265",385,"r vi 26","ba[tool]N sim[swallow]N","{ŋeš}ba sim{mušen}",0,"ba[tool]N_sim[swallow]N"
"P247864",149,"o iii 23","{ŋeš}a-RI-a[NA]NA margida[cart]N","{ŋeš}a-RI-a mar-gid₂-da",0,"{ŋeš}a-RI-a[NA]NA_margida[cart]N"
"Q000039",228,"193","guza[chair]N mes[tree]N Magan[1]GN","{ŋeš}gu-za {ŋeš}mes ma₂-gan{ki}",0,"guza[chair]N_mes[tree]N_Magan[1]GN"
"P332934",260,"o iv 31'","leʾum[board]N","{ŋeš}li₂-u₅-um",0,"leʾum[board]N"
"P332939",17,"o i 14","ŋeštinkira[berry]N","{ŋeš}ŋeštin-ŋir₂",0,"ŋeštinkira[berry]N"
"P271301",195,"o iv 29","{ŋeš}niŋ₂-šul[NA]NA ŋešnimbar[palm]N","{ŋeš}niŋ₂-šul ŋešnimbar",0,"{ŋeš}niŋ₂-šul[NA]NA_ŋešnimbar[palm]N"
"Q000001",293,"293","uršub[tiger]N","ur-šub₅",0,"uršub[tiger]N"
"Q000039",687,"619","šukarak[instrument]N","{ŋeš}šu-kara₂",0,"šukarak[instrument]N"
"Q000039",127,"104","pešbandazi[offshoot]N ŋešnimbar[palm]N","{ŋeš}peš-banda₃-zi ŋešnimbar",0,"pešbandazi[offshoot]N_ŋešnimbar[palm]N"
"Q000001",135,"135","maš[goat]N saŋ[head]N","maš₂ saŋ",0,"maš[goat]N_saŋ[head]N"
"Q000039",184,"153","ba[tool]N amar[young]N","{ŋeš}ba amar",0,"ba[tool]N_amar[young]N"
"P247864",219,"o iv 30","e[house]N balak[spindle]N","{ŋeš}e₂ balak",0,"e[house]N_balak[spindle]N"
"P253228",18,"o i 14","al[hoe]N zu[tooth]N diš[one]NU","{ŋeš}al zu₂ diš",0,"al[hoe]N_zu[tooth]N_diš[one]NU"
"P447996",58,"o iv 27","ŋeštin[vine]N x-u₂-ta[NA]NA","{ŋeš}ŋeštin x-u₂-ta",0,"ŋeštin[vine]N_x-u₂-ta[NA]NA"
"P271911",250,"o iv 20","lidga[vessel]N","{+du-uṭ-ṭu}DIŠ",0,"lidga[vessel]N"
"P370399",195,"o vii 7'","{ŋeš}x[NA]NA magid[boatman]N","{ŋeš}x ma₂-gid₂",0,"{ŋeš}x[NA]NA_magid[boatman]N"
"P347814",242,"unknown","unknown","unknown",1,"unknown"
"P271771",14,"o ii 12","šennur[plum]N kur[mountain]N","{ŋeš}šennur kur",0,"šennur[plum]N_kur[mountain]N"
"P346714",125,"r iv 05'","niŋ[thing]N diš[one]NU sila[unit]N","{ŋeš}niŋ₂ diš sila₃",0,"niŋ[thing]N_diš[one]NU_sila[unit]N"
"P253233",8,"o i 3","dilim[spoon]N banšur[table]N","{ŋeš}dilim₂ banšur",0,"dilim[spoon]N_banšur[table]N"
"P251649",2,"o 1","ŋeš[tree]N 1/2[NA]NA giŋ[unit]N","ŋeš 1/2 giŋ₄",0,"ŋeš[tree]N_1/2[NA]NA_giŋ[unit]N"
"P250364",55,"o iii 5'","{ŋeš}x[NA]NA","{ŋeš}x",0,"{ŋeš}x[NA]NA"
"P253228",101,"r iii 18'","urnum[cedar]N","{ŋeš}ur-nu-um",0,"urnum[cedar]N"
"X100003",19,"r 3","ŋeštin[vine]N garan[bunch]N","{ŋeš}ŋeštin ga-ra-na",0,"ŋeštin[vine]N_garan[bunch]N"
"P253230",29,"o ii 7","apin[plow]N šudu[equipped]AJ","{ŋeš}apin šu-du₇",0,"apin[plow]N_šudu[equipped]AJ"
"P347814",240,"c ii 46'","dimdim[instrument]N x[NA]NA","{ŋeš}dim₃-dim₃ x",0,"dimdim[instrument]N_x[NA]NA"
"P250736",256,"r iii 17","{dug}URU[NA]NA TU-x[NA]NA","{dug}URU TU-x",0,"{dug}URU[NA]NA_TU-x[NA]NA"
"P235262",54,"unknown","unknown","unknown",999,"unknown"
"P253866",40,"o ii 4'","ŋirigub[footstool]N lammar[deity]N","{ŋeš}ŋiri₃-gub {d}lamma",0,"ŋirigub[footstool]N_lammar[deity]N"
"Q000039",23,"21","šaršabid[tree]N","{ŋeš}šarₓ(NE)-ša₄-bid₃",0,"šaršabid[tree]N"
"P347814",121,"b ii 5'","ŋidru[scepter]N harmušen[snare]N","{ŋeš}ŋidru har-mušen-na",0,"ŋidru[scepter]N_harmušen[snare]N"
"P235262",125,"unknown","unknown","unknown",2,"unknown"
"Q000001",84,"84","udu[sheep]N terzum[presentation]N","udu te-er-zum",0,"udu[sheep]N_terzum[presentation]N"
"Q000039",278,"242","emerah[jug]N","{ŋeš}emerah",0,"emerah[jug]N"
"P253866",26,"o i 21'","ig[door]N gal[big]V/i","{ŋeš}ig gal",0,"ig[door]N_gal[big]V/i"
"P346865",3,"o 2","tubala[harness]N ŋešnimbar[palm]N","{ŋeš}tubaₓ(TUG₂) ŋešnimbar",0,"tubala[harness]N_ŋešnimbar[palm]N"
"P250361",11,"o 9'","x-si[NA]NA","x-si",0,"x-si[NA]NA"
"P273880",174,"b i 17'","ŋešdi[rung]N guza[chair]N","ŋeš-di₅ gu-za",0,"ŋešdi[rung]N_guza[chair]N"
"P247864",107,"o ii 44","{ŋeš}ze₂-er-hu-um[NA]NA","{ŋeš}ze₂-er-hu-um",0,"{ŋeš}ze₂-er-hu-um[NA]NA"
"Q000001",140,"140","maš[goat]N igidu[gift]N","maš₂ igi-duh-a",0,"maš[goat]N_igidu[gift]N"
"P388265",230,"r iii 9","guza[chair]N kadu[cover]N","{ŋeš}gu-za ka-du₃",0,"guza[chair]N_kadu[cover]N"
"Q000001",52,"52","udu[sheep]N dagaltuma[pouch]N","udu da-gal-tum-ma",0,"udu[sheep]N_dagaltuma[pouch]N"
"P429503",10,"o i 7","ŋešgana[tree]N babbar[white]V/i","ŋeš-kin₂ babbar",0,"ŋešgana[tree]N_babbar[white]V/i"
"P271301",230,"o v 3'","{ŋeš}x[NA]NA","{ŋeš}x",0,"{ŋeš}x[NA]NA"
"P332930",26,"r 5","ma[ship]N dirig[float]V/i addir[ferry]N","{ŋeš}ma₂ dirig addir",0,"ma[ship]N_dirig[float]V/i_addir[ferry]N"
"P332939",32,"o ii 10","ildag[poplar]N x[NA]NA","{ŋeš}ildag₂ x",0,"ildag[poplar]N_x[NA]NA"
"P389511",9,"o 8","šagkal[tree]N","{ŋeš}šag₄-kal",0,"šagkal[tree]N"
"P332939",70,"unknown","unknown","unknown",2,"unknown"
"P347814",261,"d i 16'","{ŋeš}x-giŋ₄-x-si[NA]NA","{ŋeš}x-giŋ₄-x-si",0,"{ŋeš}x-giŋ₄-x-si[NA]NA"
"P271301",286,"r i 14","na[box]N tur[small]V/i","{ŋeš}na tur",0,"na[box]N_tur[small]V/i"
"P271301",229,"o v 2'","{ŋeš}x[NA]NA","{ŋeš}x",0,"{ŋeš}x[NA]NA"
"P273880",294,"b iii 18","hedu[ornament]N","{ŋeš}he₂-du₇",0,"hedu[ornament]N"
"Q000039",582,"525","ŋeš[tree]N ya[five]NU giŋ[unit]N","ŋeš ia₂ giŋ₄",0,"ŋeš[tree]N_ya[five]NU_giŋ[unit]N"
"P349893",4,"4","madal[pole]N","{ŋeš}mudla(BU)",0,"madal[pole]N"
"P447996",28,"o iii 24","ildag[poplar]N u[NA]NA","{ŋeš}ildag₂ u",0,"ildag[poplar]N_u[NA]NA"
"Q000001",332,"332","eh[insect]N","eh",0,"eh[insect]N"
"P273880",206,"b i 56'","dupsik[basket]N","{ŋeš}dupsik",0,"dupsik[basket]N"
"P388265",304,"r iv 45","SAL.UŠ[sheath]N x[NA]NA","{ŋeš}|SAL.UŠ| x",0,"SAL.UŠ[sheath]N_x[NA]NA"
"P346714",77,"r ii 45'","{ŋeš}x[NA]NA","{ŋeš}x",0,"{ŋeš}x[NA]NA"
"P273880",261,"b ii 54","epig[drinking-vessel]N x[NA]NA","{ŋeš}epig x",0,"epig[drinking-vessel]N_x[NA]NA"
"P247864",290,"o v 38","{ŋeš}x-x-x[NA]NA","{ŋeš}x-x-x",0,"{ŋeš}x-x-x[NA]NA"
"P250736",314,"r iv 32","sahar.HUB₂[dust-heap]N","sahar-HUB₂",0,"sahar.HUB₂[dust-heap]N"
"Q000001",204,"204","gud[ox]N ab[cow]N hi[mix]V/t","gud ab₂ hi",0,"gud[ox]N_ab[cow]N_hi[mix]V/t"
"P235262",95,"unknown","unknown","unknown",8,"unknown"
"P332934",380,"r iv 14'","ŋešdal[crossbar]N margida[cart]N","ŋeš-dal mar-gid₂-da",0,"ŋešdal[crossbar]N_margida[cart]N"
"P271301",145,"o iii 33","ŋešnimbar[palm]N lul[false]V/i","{ŋeš}ŋešnimbar lul",0,"ŋešnimbar[palm]N_lul[false]V/i"
"Q000001",225,"225","amar[young]N ga[milk]N gu[eat]V/t","amar ga gu₇",0,"amar[young]N_ga[milk]N_gu[eat]V/t"
"P273880",45,"a ii 12'","niŋkud[~plowshare]N apin[plow]N","{ŋeš}niŋ₂-kud-da apin",0,"niŋkud[~plowshare]N_apin[plow]N"
"P459218",7,"o i 11'","ig[door]N sah[mat]N","{ŋeš}ig sah",0,"ig[door]N_sah[mat]N"
"P447996",43,"o iv 12","KID.da[twig]N","{ŋeš}KID-da",0,"KID.da[twig]N"
"P388265",221,"r ii 49","guza[chair]N kaskal[way]N","{ŋeš}gu-za kaskal",0,"guza[chair]N_kaskal[way]N"
"P253238",43,"unknown","unknown","unknown",999,"unknown"
"P250364",73,"o iv 13","al[hoe]N zu[tooth]N","{ŋeš}al zu₂",0,"al[hoe]N_zu[tooth]N"
"P447996",113,"o v 38","ŋešnimbar[palm]N al-x[NA]NA","{ŋeš}ŋešnimbar al-x",0,"ŋešnimbar[palm]N_al-x[NA]NA"
"P247864",206,"o iv 17","tugtug[~loom]N","{ŋeš}tug₂-x",0,"tugtug[~loom]N"
"P273880",420,"c i 23","dur[board]N bisaŋ[basket]N","{ŋeš}dur₂ bisaŋ",0,"dur[board]N_bisaŋ[basket]N"
"P253866",30,"o i 25'","ig[door]N šu[hand]N ur[drag]V/t","{ŋeš}ig šu ur₃",0,"ig[door]N_šu[hand]N_ur[drag]V/t"
"P347814",199,"c ii 5'","ŋeš[tree]N x[NA]NA x[NA]NA","ŋeš x x",0,"ŋeš[tree]N_x[NA]NA_x[NA]NA"
"P296528",20,"r v 7'","ligima[shoot]N","{ŋeš}ligima",0,"ligima[shoot]N"
"P459217",111,"iv 33","{ŋeš}x[NA]NA in-x-x[NA]NA","{ŋeš}x in-x-x",0,"{ŋeš}x[NA]NA_in-x-x[NA]NA"
"P429503",107,"r i' 11'","buniŋ[trough]N x[NA]NA","{ŋeš}buniŋ x",0,"buniŋ[trough]N_x[NA]NA"
"P273880",289,"b iii 13","naŋa[mortar]N še[barley]N","{ŋeš}naŋa₃ še",0,"naŋa[mortar]N_še[barley]N"
"P346866",4,"unknown","unknown","unknown",999,"unknown"
"P332934",172,"o iii 8","ŋešnimbar[palm]N lul[false]V/i","{ŋeš}ŋešnimbar lul",0,"ŋešnimbar[palm]N_lul[false]V/i"
"P437074",164,"unknown","unknown","unknown",999,"unknown"
"P347814",286,"unknown","unknown","unknown",9,"unknown"
"P447996",86,"o v 11","nurma[pomegranate]N","{ŋeš}nu-ur₂-ma",0,"nurma[pomegranate]N"
"P250736",297,"r iv 15","imdug[shot]N","im-dugud",0,"imdug[shot]N"
"Q000039",448,"399","saŋkul[bolt]N nim[high]V/i","{ŋeš}saŋ-kul nim",0,"saŋkul[bolt]N_nim[high]V/i"
"P370399",138,"o iv 35'","ig[door]N lul[false]V/i","{ŋeš}ig lul",0,"ig[door]N_lul[false]V/i"
"P429503",118,"r i' 22'","naŋa[mortar]N esir[bitumen]N","{ŋeš}naŋa₃ esir₂",0,"naŋa[mortar]N_esir[bitumen]N"
"Q000039",21,"19","šinig[tamarisk]N dili[single]V/i","{ŋeš}šinig dili",0,"šinig[tamarisk]N_dili[single]V/i"
"P347814",271,"d i 34'","{ŋeš}KUD[NA]NA","{ŋeš}KUD",0,"{ŋeš}KUD[NA]NA"
"P253228",31,"o ii 12","al[hoe]N zu[tooth]N min[two]NU","{ŋeš}al zu₂ min",0,"al[hoe]N_zu[tooth]N_min[two]NU"
"Q000039",671,"605","urzababitum[instrument]N","{ŋeš}ur-za-ba-bi₂-tum",0,"urzababitum[instrument]N"
"Q000001",286,"286","urmah[lion]N","ur-mah",0,"urmah[lion]N"
"Q000039",1,"1","taškarin[boxwood]N","{ŋeš}taškarin",0,"taškarin[boxwood]N"
"P332934",290,"r iii 17","ma[ship]N x[NA]NA","{ŋeš}ma₂ x",0,"ma[ship]N_x[NA]NA"
"P271911",33,"o i 23'","nukušu[~door]N kita[lower]AJ","nu-kuš₂ ki-ta",0,"nukušu[~door]N_kita[lower]AJ"
"P253866",19,"o i 14'","šerim[~loom]N","{ŋeš}|TAG.TUG₂|",0,"šerim[~loom]N"
"Q000001",172,"172","ašgar[kid]N ŋeš[penis]N zu[know]V/t","{munus}aš₂-gar₃ ŋeš₃ zu-zu",0,"ašgar[kid]N_ŋeš[penis]N_zu[know]V/t"
"P253230",16,"o i 11","apin[plow]N šu[hand]N","{ŋeš}apin šu",0,"apin[plow]N_šu[hand]N"
"Q000039",366,"324","gag[nail]N šibir[staff]N","{ŋeš}gag šibir",0,"gag[nail]N_šibir[staff]N"
"P459226",15,"o i 12'","hašhur[apple]N","{ŋeš}hašhur",0,"hašhur[apple]N"
"P250736",236,"r ii 40","silim[vessel]N","{dug}{+silim}silim₂",0,"silim[vessel]N"
"P347814",31,"a ii 2'","balak[spindle]N","{ŋeš}balak",0,"balak[spindle]N"
"P459216",60,"unknown","unknown","unknown",1,"unknown"
"P253866",44,"o ii 8'","guza[chair]N gid[long]V/i","{ŋeš}gu-za gid₂",0,"guza[chair]N_gid[long]V/i"
"P271911",403,"r ii 16","zamin[lyre]N","za₃-mi₂",0,"zamin[lyre]N"
"P271911",28,"o i 19'","x[NA]NA","x",0,"x[NA]NA"
"Q000001",302,"302","suari[cat]N","su-a-ri",0,"suari[cat]N"
"P370399",102,"unknown","unknown","unknown",1,"unknown"
"P271911",502,"r iii 36","zena[weapon]N","ze₂-na",0,"zena[weapon]N"
"P429503",90,"o iii 29","ŋešnimbar[palm]N x[NA]NA","{ŋeš}ŋešnimbar x",0,"ŋešnimbar[palm]N_x[NA]NA"
"P247864",344,"o vi 28","{ŋeš}x[NA]NA x[NA]NA x[NA]NA x[NA]NA","{ŋeš}x x x x",0,"{ŋeš}x[NA]NA_x[NA]NA_x[NA]NA_x[NA]NA"
"P388265",377,"r vi 18","x[NA]NA $ZUM[NA]NA","x $ZUM",0,"x[NA]NA_$ZUM[NA]NA"
"Q000001",33,"33","udu[sheep]N gurgur[~animal]N","udu gur₄-gur₄",0,"udu[sheep]N_gurgur[~animal]N"
"P346714",140,"r iv 20'","mah[great]V/i","{ŋeš}mah",0,"mah[great]V/i"
"P459217",116,"r i 2'","šušum[licorice]N","{ŋeš}šušin",0,"šušum[licorice]N"
"P388265",211,"r ii 38","niŋ[thing]N šušana[fraction]N giŋ[unit]N","{ŋeš}niŋ₂ šušana giŋ₄",0,"niŋ[thing]N_šušana[fraction]N_giŋ[unit]N"
"P459216",88,"iv 2'","{ŋeš}x-x[NA]NA","{ŋeš}x-x",0,"{ŋeš}x-x[NA]NA"
"P349893",6,"6","malalum[container]N","{ŋeš}malla",0,"malalum[container]N"
"P271301",382,"r iii 15","ma[ship]N Magan[1]GN","{ŋeš}ma₂ ma₂-gan-na",0,"ma[ship]N_Magan[1]GN"
"Q000001",104,"104","udu[sheep]N sissig[green]V/i","udu sig₇-sig₇",0,"udu[sheep]N_sissig[green]V/i"
"P251686",6,"o 3","guza[chair]N zag[side]N us[follow]V/t","{ŋeš}gu-za zag us₂",0,"guza[chair]N_zag[side]N_us[follow]V/t"
"P437074",65,"b ii 8'","mašdara[inscription]N","{ŋeš}maš-tar",0,"mašdara[inscription]N"
"P273880",173,"b i 16'","izzi[wall]N guza[chair]N","{ŋeš}i-zi gu-za",0,"izzi[wall]N_guza[chair]N"
"P271911",139,"o ii 58","a[arm]N ŋešrin[scales]N","a₂ rin₂",0,"a[arm]N_ŋešrin[scales]N"
"P332934",288,"r iii 15","ma[ship]N kud[cut]V/t","{ŋeš}ma₂ kud",0,"ma[ship]N_kud[cut]V/t"
"P347814",45,"a ii 16'","{ŋeš}x[NA]NA","{ŋeš}x",0,"{ŋeš}x[NA]NA"
"P247864",41,"o i 38","{ŋeš}mi-ir-tum[NA]NA","{ŋeš}mi-ir-tum",0,"{ŋeš}mi-ir-tum[NA]NA"
"Q000039",675,"609","{ŋeš}AN[NA]NA x[NA]NA ŋal₂[NA]NA","{ŋeš}AN x ŋal₂",0,"{ŋeš}AN[NA]NA_x[NA]NA_ŋal₂[NA]NA"
"P250364",14,"o i 11","mud[tube]N gigir[chariot]N","{ŋeš}mud gigir",0,"mud[tube]N_gigir[chariot]N"
"P271301",304,"r i 32","ŋešnud[bed]N umbin[nail]N","ŋeš-nud umbin",0,"ŋešnud[bed]N_umbin[nail]N"
"Q000001",227,"227","amar[young]N sah[playful]AJ","amar sah₄",0,"amar[young]N_sah[playful]AJ"
"X100003",24,"r 8","gurum[bend]V/t ŋeštin[vine]N","{ŋeš}gurum {ŋeš}ŋeštin",0,"gurum[bend]V/t_ŋeštin[vine]N"
"P253228",96,"r iii 13'","šagkal[tree]N","{ŋeš}šag₄-kal",0,"šagkal[tree]N"
"P273880",266,"b ii 59","laharuhšu[quiver-(for-chariot)]N","{ŋeš}la-ha-ru-uh₂-šu",0,"laharuhšu[quiver-(for-chariot)]N"
"P250736",140,"o iv 33","kag[mouth]N gir[oven]N","ka gir₃",0,"kag[mouth]N_gir[oven]N"
"P346714",107,"r iii 29'","alšub[tool]N","{ŋeš}al-šub",0,"alšub[tool]N"
"P273880",529,"c iii 14","ŋali[~palm]N ŋešnimbar[palm]N","{ŋeš}ŋa₂-li ŋešnimbar",0,"ŋali[~palm]N_ŋešnimbar[palm]N"
"P273880",162,"b i 5'","guza[chair]N namnin[ladyship]N","{ŋeš}gu-za nam-nin",0,"guza[chair]N_namnin[ladyship]N"
"P332934",391,"r iv 25'","x[NA]NA margida[cart]N","x mar-gid₂-da",0,"x[NA]NA_margida[cart]N"
"P250736",190,"r i 44","{dug}x-x[NA]NA","{dug}x-x",0,"{dug}x-x[NA]NA"
"P247864",121,"o ii 58","gag[nail]N muš[snake]N apin[plow]N","{ŋeš}gag muš apin",0,"gag[nail]N_muš[snake]N_apin[plow]N"
"P271911",405,"unknown","unknown","unknown",1,"unknown"
"P271771",28,"o iii 5","mes[tree]N giggi[black]V/i","{ŋeš}mes giggi",0,"mes[tree]N_giggi[black]V/i"
"P332939",37,"unknown","unknown","unknown",999,"unknown"
"P247864",296,"o v 44","ma[ship]N","{ŋeš}ma₂",0,"ma[ship]N"
"P273880",314,"b iii 42","ušub[brick-mold]N šeg[brick]N","{ŋeš}u₃-šub šeg₁₂",0,"ušub[brick-mold]N_šeg[brick]N"
"P273880",176,"b i 19'","guza[chair]N kinud[bedroom]N","{ŋeš}gu-za ki-nud",0,"guza[chair]N_kinud[bedroom]N"
"P271301",396,"r iii 29","madu[~boat]N","{ŋeš}ma₂-du₃",0,"madu[~boat]N"
"P459784",7,"r 1","šeše[tree]N","{ŋeš}še₃-še₃",0,"šeše[tree]N"
"P253866",25,"o i 20'","ig[door]N","{ŋeš}ig",0,"ig[door]N"
"P224986",6,"o i 3","guza[chair]N zir[break]V/t","{ŋeš}gu-za zi",0,"guza[chair]N_zir[break]V/t"
"P347814",246,"unknown","unknown","unknown",1,"unknown"
"P273880",505,"c ii 50","ubila[charcoal]N","{ŋeš}u₂-bil-la₂",0,"ubila[charcoal]N"
"Q000039",743,"unknown","unknown","unknown",1,"unknown"
"P459784",7,"r 1","šeše[tree]N","{ŋeš}še₃-še₃",0,"šeše[tree]N"
"P332934",36,"o i 32","ama[mother]N peš[fig]N","{ŋeš}ama peš₃",0,"ama[mother]N_peš[fig]N"
"P250736",205,"r ii 9","sab[jar]N gal[big]V/i","{dug}sab gal",0,"sab[jar]N_gal[big]V/i"
"P347814",162,"c i 17'","ŋisal[rudder]N šu[hand]N","{ŋeš}ŋisal šu",0,"ŋisal[rudder]N_šu[hand]N"
"P388265",346,"r v 31","sabitum[instrument]N","sa-pi-tum",0,"sabitum[instrument]N"
"P346714",92,"r iii 14'","madal[pole]N","{ŋeš}mudla(BU)",0,"madal[pole]N"
"P332939",53,"r i' 12'","gigir[chariot]N x[NA]NA","{ŋeš}gigir x",0,"gigir[chariot]N_x[NA]NA"
"P250736",283,"r iv 1","x-x-x-ra[NA]NA","x-x-x-ra",0,"x-x-x-ra[NA]NA"
"P250364",143,"r iii 9'","{ŋeš}x-x[NA]NA","{ŋeš}x-x",0,"{ŋeš}x-x[NA]NA"
"P388265",355,"r v 45","illar[weapon]N a[arm]N zid[right]V/i","{ŋeš}illar a₂ zid",0,"illar[weapon]N_a[arm]N_zid[right]V/i"
"P459218",25,"o ii 4'","tugtug[~loom]N","{ŋeš}KU-KU",0,"tugtug[~loom]N"
"P253228",73,"r ii 12'","ŋeštinkaʾa[grape]N","{ŋeš}ŋeštin-ka₅-a",0,"ŋeštinkaʾa[grape]N"
"P388265",19,"i 21","hilum[resin]N urzinum[tree]N","{ŋeš}hi-lum ur-zi-nu-um",0,"hilum[resin]N_urzinum[tree]N"
"Q000039",527,"471","sa[sinew]N ŋušur[harrow]N","{ŋeš}sa gana₂-ur₃",0,"sa[sinew]N_ŋušur[harrow]N"
"P250370",6,"6","samazum[tree]N","{ŋeš}sa-ma-zum",0,"samazum[tree]N"
"Q000039",277,"241","maštakda[wooden-object]N","{ŋeš}maš-tak-da",0,"maštakda[wooden-object]N"
"P250736",144,"o iv 37","gisu[instrument]N","gi-su₃",0,"gisu[instrument]N"
"P429503",86,"o iii 25","ŋešnimbar[palm]N x[NA]NA","{ŋeš}ŋešnimbar x",0,"ŋešnimbar[palm]N_x[NA]NA"
"P370399",191,"o vii 3'","ma[ship]N ya[five]NU gur[unit]N","{ŋeš}ma₂ ia₂ gur",0,"ma[ship]N_ya[five]NU_gur[unit]N"
"P347814",254,"d i 9'","šul[youth]V/i $DU[NA]NA tur[small]V/i","{ŋeš}šul $DU tur",0,"šul[youth]V/i_$DU[NA]NA_tur[small]V/i"
"Q000039",264,"228","izzi[wall]N ŋešnud[bed]N","{ŋeš}i-zi nud",0,"izzi[wall]N_ŋešnud[bed]N"
"P271911",184,"o iii 29'","gag[nail]N muš[snake]N apin[plow]N","gag muš apin",0,"gag[nail]N_muš[snake]N_apin[plow]N"
"P437074",168,"c ii 1'","{ŋeš}x[NA]NA","{ŋeš}x",0,"{ŋeš}x[NA]NA"
"P273880",538,"c iii 23","niŋkiluh[broom]N ŋešnimbar[palm]N","{ŋeš}niŋ₂-ki-luh ŋešnimbar",0,"niŋkiluh[broom]N_ŋešnimbar[palm]N"
"P250736",130,"o iv 23","gi[reed]N gal[big]V/i","gi gal-gal",0,"gi[reed]N_gal[big]V/i"
"P332934",325,"r iii 28'","murgu[shoulder]N ANŠE[NA]NA ma[ship]N","{ŋeš}mu-kun ANŠE ma₂",0,"murgu[shoulder]N_ANŠE[NA]NA_ma[ship]N"
"P249794",10,"r 3","mar[shovel]N x[NA]NA","{ŋeš}mar x",0,"mar[shovel]N_x[NA]NA"
"P247864",150,"o iii 24","{ŋeš}x-x[NA]NA margida[cart]N","{ŋeš}x-x mar-gid₂-da",0,"{ŋeš}x-x[NA]NA_margida[cart]N"
"Q000039",114,"92","su[fibers]N GA₂-na[NA]NA ŋešnimbar[palm]N","{ŋeš}su₁₁ GA₂-na ŋešnimbar",0,"su[fibers]N_GA₂-na[NA]NA_ŋešnimbar[palm]N"
"P250736",176,"r i 30","umbin[implement]N","{gi}umbin",0,"umbin[implement]N"
"P437074",42,"b i 3''","samhazum[tree]N","{ŋeš}sa-am-ha-zum",0,"samhazum[tree]N"
"P250364",97,"unknown","unknown","unknown",999,"unknown"
"P273880",590,"c iv 24","{ŋeš}x[NA]NA","{ŋeš}x",0,"{ŋeš}x[NA]NA"
"P370399",88,"o iii 27'","dilim[spoon]N","{ŋeš}dilim₂-dilim₂",0,"dilim[spoon]N"
"P388265",345,"r v 30","dimlumagurak[instrument]N","{ŋeš}du₃-ma₂-kar-re",0,"dimlumagurak[instrument]N"
"P250736",225,"r ii 29","tisa[unmng]N tur[small]V/i","{dug}ti-sa₂ tur-tur",0,"tisa[unmng]N_tur[small]V/i"
"P271771",62,"o iv 18","su[fibers]N gal[big]V/i ŋešnimbar[palm]N","{ŋeš}su₁₁ gu-la ŋešnimbar",0,"su[fibers]N_gal[big]V/i_ŋešnimbar[palm]N"
"P250736",74,"o iii 8","kid[mat]N esir[bitumen]N šub[fall]V/t","{gi}kid esir šub",0,"kid[mat]N_esir[bitumen]N_šub[fall]V/t"
"P332934",162,"o ii 78","ŋešnimbar[palm]N x[NA]NA","{ŋeš}ŋešnimbar x",0,"ŋešnimbar[palm]N_x[NA]NA"
"P273880",115,"a iv 3'","nukušu[~door]N kita[lower]AJ","{ŋeš}nu-kuš₂ ki-ta",0,"nukušu[~door]N_kita[lower]AJ"
"P459220",4,"3","ig[door]N i[oil]N","{ŋeš}ig i₃",0,"ig[door]N_i[oil]N"
"Q000039",259,"223","zag[side]N andul[shade]N ŋešnud[bed]N","{ŋeš}zag an-dul₃ nud",0,"zag[side]N_andul[shade]N_ŋešnud[bed]N"
"Q000039",401,"357","margida[cart]N","{ŋeš}mar-gid₂-da",0,"margida[cart]N"
"P225126",4,"unknown","unknown","unknown",2,"unknown"
"P271301",372,"r iii 5","magid[boat]N","{ŋeš}ma₂-gid₂-da",0,"magid[boat]N"
"Q000039",580,"523","ŋeš[tree]N šanabi[two-thirds]N sila[unit]N","ŋeš šanabi sila₃",0,"ŋeš[tree]N_šanabi[two-thirds]N_sila[unit]N"
"P388265",2,"unknown","unknown","unknown",4,"unknown"
"P273880",387,"b iv 55","zamrutum[lance]N","{ŋeš}za₃-mi-ri₂-tum",0,"zamrutum[lance]N"
"P332934",119,"o ii 36","mes[tree]N {ŋeš}|LAGAB×X|[NA]NA","{ŋeš}mes {ŋeš}|LAGAB×X|",0,"mes[tree]N_{ŋeš}|LAGAB×X|[NA]NA"
"P247864",184,"o iii 58","{ŋeš}kar₂[NA]NA gigir[chariot]N","{ŋeš}kar₂ gigir",0,"{ŋeš}kar₂[NA]NA_gigir[chariot]N"
"P250370",1,"1","ad[bush]N","{ŋeš}ad₂",0,"ad[bush]N"
"P253233",27,"o ii 10","x-x[NA]NA","x-x",0,"x-x[NA]NA"
"P253228",37,"r i 1","x[NA]NA","x",0,"x[NA]NA"
"P251867",3,"o 2","Maʾašte[1]ON","{ŋeš}ma₂-aš-te",0,"Maʾašte[1]ON"
"P388265",217,"r ii 45","guza[chair]N","{ŋeš}gu-za",0,"guza[chair]N"
"Q000039",183,"152a","ba[tool]N zu[stone]N","{ŋeš}ba zu₂",0,"ba[tool]N_zu[stone]N"
"Q000039",409,"364","mud[stump]N margida[cart]N","{ŋeš}mud mar-gid₂-da",0,"mud[stump]N_margida[cart]N"
"Q000039",615,"552a","illar[weapon]N šu[hand]N lugal[king]N","{ŋeš}illar šu lugal",0,"illar[weapon]N_šu[hand]N_lugal[king]N"
"P247864",220,"o iv 31","saŋ[head]N balak[spindle]N","{ŋeš}saŋ balak",0,"saŋ[head]N_balak[spindle]N"
"P250371",12,"r 1","mud[tube]N gigir[chariot]N","{ŋeš}mud gigir",0,"mud[tube]N_gigir[chariot]N"
"P429504",15,"o ii' 9","ŋešnimbar[palm]N uhin[date]N sissig[green]V/i","{ŋeš}ŋešnimbar u₄-hi-in sig₇-sig₇",0,"ŋešnimbar[palm]N_uhin[date]N_sissig[green]V/i"
"P347814",276,"unknown","unknown","unknown",1,"unknown"
"P273880",14,"a i 10'","x-x[NA]NA","x-x",0,"x-x[NA]NA"
"Q000001",413,"412","uzu[flesh]N gu₂.MUR[throat]N","uzu gu₂-har",0,"uzu[flesh]N_gu₂.MUR[throat]N"
"P332934",329,"r iii 32'","madu[~boat]N","{ŋeš}ma₂-du-uš",0,"madu[~boat]N"
"P347814",4,"unknown","unknown","unknown",2,"unknown"
"P447996",69,"o iv 38","ŋeštin[vine]N kaʾa[fox]N","{ŋeš}ŋeštin ka₅-a",0,"ŋeštin[vine]N_kaʾa[fox]N"
"Q000001",455,"454","uzu[flesh]N saŋ[head]N tuhul[hip]N","uzu saŋ tugul(|NAGAR.ZA@t|)",0,"uzu[flesh]N_saŋ[head]N_tuhul[hip]N"
"P409465",3,"3","Madurahabzu[1]ON","{ŋeš}ma₂-durah{+ra}-ab-zu",0,"Madurahabzu[1]ON"
"P409466",6,"o 5","Matuša[1]ON","{ŋeš}ma₂-{d}tuš-a",0,"Matuša[1]ON"
"P370399",57,"o ii 30'","ŋešnud[bed]N umbin[nail]N sal[thin]V/i","ŋeš-nud umbin sal",0,"ŋešnud[bed]N_umbin[nail]N_sal[thin]V/i"
"P437074",174,"c ii 7'","buniŋ[trough]N x[NA]NA","{ŋeš}buniŋ x",0,"buniŋ[trough]N_x[NA]NA"
"Q000001",367,"367","pešigigunu[rodent]N","peš₂-igi-gun₃",0,"pešigigunu[rodent]N"
"P273880",175,"b i 18'","umbin[base]N guza[chair]N","{ŋeš}umbin gu-za",0,"umbin[base]N_guza[chair]N"
"P447996",105,"o v 30","ŋešnimbar[palm]N","{ŋeš}ŋešnimbar",0,"ŋešnimbar[palm]N"
"Q000001",284,"284","muš[snake]N gar[knob]N ŋeštin[vine]N","muš gar₃ ŋeštin",0,"muš[snake]N_gar[knob]N_ŋeštin[vine]N"
"P370399",194,"o vii 6'","magid[boat]N","{ŋeš}ma₂-gid₂-da",0,"magid[boat]N"
"P388265",61,"iii 10","{ŋeš}mu-TUM-da[NA]NA","{ŋeš}mu-TUM-da",0,"{ŋeš}mu-TUM-da[NA]NA"
"P117395",4,"o 3","raba[clamp]N","{ŋeš}raba",0,"raba[clamp]N"
"P459216",37,"ii 5","manu[wood]N duru[wet]V/i","{ŋeš}ma-nu duru₅",0,"manu[wood]N_duru[wet]V/i"
"P250736",146,"o iv 39","gi[reed]N HAR-x[NA]NA","gi HAR-x",0,"gi[reed]N_HAR-x[NA]NA"
"P247543",4,"o 2","ma[ship]N x[NA]NA gur[unit]N","{ŋeš}ma₂ x gur",0,"ma[ship]N_x[NA]NA_gur[unit]N"
"P273880",517,"unknown","unknown","unknown",2,"unknown"
"P347814",68,"a ii 39'","{ŋeš}da-x[NA]NA","{ŋeš}da-x",0,"{ŋeš}da-x[NA]NA"
"P273880",359,"b iv 22","harmušen[snare]N","{ŋeš}har-mušen",0,"harmušen[snare]N"
"P235262",38,"c ii 11'","{ŋeš}x[NA]NA banšur[table]N","{ŋeš}x banšur",0,"{ŋeš}x[NA]NA_banšur[table]N"
"P229426",18,"o 17","ir[scent]N ir[NA]NA IR[NA]NA","ir ir IR",0,"ir[scent]N_ir[NA]NA_IR[NA]NA"
"Q000001",395,"394","ŋirtab[scorpion]N su[red]V/i","ŋir₂-tab su₄",0,"ŋirtab[scorpion]N_su[red]V/i"
"P459217",111,"iv 33","{ŋeš}x[NA]NA in-x-x[NA]NA","{ŋeš}x in-x-x",0,"{ŋeš}x[NA]NA_in-x-x[NA]NA"
"P388265",43,"ii 26","eš[tree]N","{ŋeš}eš₂₂",0,"eš[tree]N"
"Q000039",159,"135","arina[madder]N","{ŋeš}i-ri₉-na",0,"arina[madder]N"
"P250364",170,"unknown","unknown","unknown",9,"unknown"
"P247864",206,"o iv 17","tugtug[~loom]N","{ŋeš}tug₂-x",0,"tugtug[~loom]N"
"P388265",343,"r v 28","zamin[lyre]N","{ŋeš}za₃-mi₂",0,"zamin[lyre]N"
"P253866",27,"o i 22'","ig[door]N leʾum[board]N","{ŋeš}ig li",0,"ig[door]N_leʾum[board]N"
"P273880",573,"c iv 5","{ŋeš}x[NA]NA","{ŋeš}x",0,"{ŋeš}x[NA]NA"
"P247864",296,"o v 44","ma[ship]N","{ŋeš}ma₂",0,"ma[ship]N"
"X100003",12,"o 11","ŋeš[tree]N babbar[white]V/i","ŋeš babbar",0,"ŋeš[tree]N_babbar[white]V/i"
"P332939",68,"r ii' 12'","te[~boat]N margida[cart]N","{ŋeš}te mar-gid₂-da",0,"te[~boat]N_margida[cart]N"
"P271301",407,"r iii 40","ma[ship]N u[ten]NU gur[unit]N","{ŋeš}ma₂ u gur",0,"ma[ship]N_u[ten]NU_gur[unit]N"
"P247864",4,"o i 1","eren[cedar]N","{ŋeš}eren",0,"eren[cedar]N"
"P297195",2,"o 1","{ŋeš}ad-x[NA]NA","{ŋeš}ad-x",0,"{ŋeš}ad-x[NA]NA"
"P332934",55,"unknown","unknown","unknown",999,"unknown"
"P459217",85,"iv 7","suhur[tuft]N ŋešnimbar[palm]N","{ŋeš}suhur ŋešnimbar",0,"suhur[tuft]N_ŋešnimbar[palm]N"
"P271301",286,"r i 14","na[box]N tur[small]V/i","{ŋeš}na tur",0,"na[box]N_tur[small]V/i"
"P447996",156,"r i 38","barda[crossbar]N ŋešnimbar[palm]N","{ŋeš}bar-da ŋešnimbar",0,"barda[crossbar]N_ŋešnimbar[palm]N"
"P447996",56,"o iv 25","ŋeštin[vine]N x-en-na[NA]NA","{ŋeš}ŋeštin x-en-na",0,"ŋeštin[vine]N_x-en-na[NA]NA"
"P346714",10,"r i 06'","{ŋeš}x[NA]NA","{ŋeš}x",0,"{ŋeš}x[NA]NA"
"P459217",16,"i 15'","šenu[tree]N","{ŋeš}še-nu",0,"šenu[tree]N"
"P271911",366,"r i 49'","lagab[block]N mar[shovel]N","lagab mar",0,"lagab[block]N_mar[shovel]N"
"P247864",270,"o v 18","niŋ[thing]N diš[one]NU giŋ[unit]N","{ŋeš}niŋ₂ diš giŋ₄",0,"niŋ[thing]N_diš[one]NU_giŋ[unit]N"
"P346714",34,"r ii 02'","{ŋeš}x[NA]NA","{ŋeš}x",0,"{ŋeš}x[NA]NA"
"P271911",416,"unknown","unknown","unknown",1,"unknown"
"P459218",81,"o iii 32","gag[nail]N sala[~plow]N apin[plow]N","{ŋeš}gag sal-la apin",0,"gag[nail]N_sala[~plow]N_apin[plow]N"
"P247864",128,"o iii 2","gag[nail]N leʾum[board]N apin[plow]N","{ŋeš}gag li apin",0,"gag[nail]N_leʾum[board]N_apin[plow]N"
"P447996",210,"r iii 11","x-na[NA]NA","x-na",0,"x-na[NA]NA"
"P235262",106,"d ii 11'","maš[~wheel]N umbin[wheel]N gagsila[harness]N","{ŋeš}maš₂ umbin gag-sal₄",0,"maš[~wheel]N_umbin[wheel]N_gagsila[harness]N"
"Q000001",113,"113","u[ewe]N ŋeš[penis]N zu[know]V/t","u₈ ŋeš₃ zu",0,"u[ewe]N_ŋeš[penis]N_zu[know]V/t"
"P253233",44,"r i 12'","anta[tree]N","{ŋeš}an-ta",0,"anta[tree]N"
"P250736",32,"o ii 4","enbar[reed]N aški[rushes]N","{gi}en₃-bar {+a}aški",0,"enbar[reed]N_aški[rushes]N"
"Q000039",283,"247","kuŋ[stair]N bad[wall]N","{ŋeš}kuŋ₄ bad₃",0,"kuŋ[stair]N_bad[wall]N"
"Q000001",234,"234","amar[young]N giggi[black]V/i","amar giggi",0,"amar[young]N_giggi[black]V/i"
"Q000039",14,"12","peš[fig]N","{ŋeš}peš₃",0,"peš[fig]N"
"Q000039",227,"192","guza[chair]N mes[tree]N","{ŋeš}gu-za {ŋeš}mes",0,"guza[chair]N_mes[tree]N"
"Q000001",304,"304","kuda[animal]N","kud-da",0,"kuda[animal]N"
"P459217",70,"iii 20","uluh[sapling]N kiri[orchard]N","{ŋeš}u₃-luh {ŋeš}kiri₆",0,"uluh[sapling]N_kiri[orchard]N"
"P247864",397,"o vii 16'","{ŋeš}x[NA]NA BU-x[NA]NA","{ŋeš}x BU-x",0,"{ŋeš}x[NA]NA_BU-x[NA]NA"
"P253233",37,"r i 5'","ŋipar[tree]N duru[wet]V/i","{ŋeš}ŋi₆-par₄ duru₅",0,"ŋipar[tree]N_duru[wet]V/i"
"P459216",23,"i 21","hašhur[apple]N šeʾeštub[barley]N","{ŋeš}hašhur eštub",0,"hašhur[apple]N_šeʾeštub[barley]N"
"P437074",152,"c i 17'","ŋešnud[bed]N ki-x-a[NA]NA","ŋeš-nud ki-x-a",0,"ŋešnud[bed]N_ki-x-a[NA]NA"
"P492330",4,"o i 2","saŋkul[bolt]N la[hang]V/t","{ŋeš}saŋ-kul la₂-la₂",0,"saŋkul[bolt]N_la[hang]V/t"
"P247864",42,"o i 39","{ŋeš}mar-ra-tum[NA]NA","{ŋeš}mar-ra-tum",0,"{ŋeš}mar-ra-tum[NA]NA"
"P273880",222,"b ii 11","emerah[jug]N x[NA]NA","{ŋeš}emerahₓ(|U.U.HUB₂|) x",0,"emerah[jug]N_x[NA]NA"
"P346714",151,"r iv 34'","illar[weapon]N šu[hand]N lugal[king]N","{ŋeš}illar šu lugal",0,"illar[weapon]N_šu[hand]N_lugal[king]N"
"P459216",7,"i 5","ŋešgana[tree]N babbar[white]V/i","ŋeš-kin₂ babbar",0,"ŋešgana[tree]N_babbar[white]V/i"
"P253866",47,"o ii 11'","guza[chair]N kaskal[way]N","{ŋeš}gu-za kaskal",0,"guza[chair]N_kaskal[way]N"
"Q000001",490,"487","uzu[flesh]N sa[sinew]N sal[thin]V/i","uzu sa sal",0,"uzu[flesh]N_sa[sinew]N_sal[thin]V/i"
"P250736",186,"r i 40","usag[bundle]N kud[cut]V/t","{gi}u₂-saga₁₁ kud",0,"usag[bundle]N_kud[cut]V/t"
"P225059",6,"o i 3","emerah[jug]N x[NA]NA","{ŋeš}emerah x",0,"emerah[jug]N_x[NA]NA"
"P271911",266,"o iv 32","eš[three]NU giŋ[unit]N","eš₅ giŋ₄",0,"eš[three]NU_giŋ[unit]N"
"P437074",142,"c i 7'","ŋešnud[bed]N kinud[bedroom]N","ŋeš-nud ki-nud",0,"ŋešnud[bed]N_kinud[bedroom]N"
"P273880",409,"c i 12","tukul[weapon]N Damu[1]DN","{ŋeš}tukul {d}da-mu",0,"tukul[weapon]N_Damu[1]DN"
"P459218",67,"o iii 18","apin[plow]N šukara[tool]N bir[scatter]V/t","{ŋeš}apin {ŋeš}šu-kara₂ bir-bir",0,"apin[plow]N_šukara[tool]N_bir[scatter]V/t"
"P459218",29,"o ii 8'","{ŋeš}da-šu-du₇-tug₂-ga[NA]NA","{ŋeš}da-šu-du₇-tug₂-ga",0,"{ŋeš}da-šu-du₇-tug₂-ga[NA]NA"
"P273880",465,"c ii 9","tug[textile]N ma[ship]N","{ŋeš}tug₂ ma₂",0,"tug[textile]N_ma[ship]N"
"P459216",88,"iv 2'","{ŋeš}x-x[NA]NA","{ŋeš}x-x",0,"{ŋeš}x-x[NA]NA"
"P271320",17,"o i 10'","guza[chair]N šah[pig]N šum[slaughter]V/t","{ŋeš}gu-za šah šum",0,"guza[chair]N_šah[pig]N_šum[slaughter]V/t"
"P271911",49,"unknown","unknown","unknown",1,"unknown"
"Q000001",371,"371","ninka[mongoose]N","{d}nin-ka₆",0,"ninka[mongoose]N"
"P388265",415,"r vi 59","e[house]N bulug[needle]N","{ŋeš}e₂ bulug",0,"e[house]N_bulug[needle]N"
"P437074",188,"unknown","unknown","unknown",999,"unknown"
"Q000001",209,"209","ab[cow]N suhub[~oxen]N","ab₂ suhub(|BAR.(3×AN)|)",0,"ab[cow]N_suhub[~oxen]N"
"P370399",144,"o iv 41'","x-ma[NA]NA ig[door]N","x-ma ig",0,"x-ma[NA]NA_ig[door]N"
"P271301",134,"o iii 22","ŋešnimbar[palm]N suhuš[offshoot]N","{ŋeš}ŋešnimbar suhušₓ(TUR)",0,"ŋešnimbar[palm]N_suhuš[offshoot]N"
"P388265",401,"unknown","unknown","unknown",2,"unknown"
"P332934",13,"o i 9","ŋešgana[tree]N su[red]V/i","ŋeš-kin₂ su₄",0,"ŋešgana[tree]N_su[red]V/i"
"P459217",163,"r iii 20","guza[chair]N Magan[1]GN","{ŋeš}gu-za ma₂-gan-na",0,"guza[chair]N_Magan[1]GN"
"Q000039",627,"561","saʾad[trap?]N","{ŋeš}sa-ad",0,"saʾad[trap?]N"
"Q000001",38,"38","udu[sheep]N saŋ[head]N nim[high]V/i","udu saŋ nim-nim",0,"udu[sheep]N_saŋ[head]N_nim[high]V/i"
"P447996",165,"r ii 2","ŋešla[key]N ŋešnimbar[palm]N","{ŋeš}ŋeš-la₂ ŋešnimbar",0,"ŋešla[key]N_ŋešnimbar[palm]N"
"P437074",31,"unknown","unknown","unknown",999,"unknown"
"P247864",264,"o v 12","niŋ[thing]N sa[half]N sila[unit]N","{ŋeš}niŋ₂ sa₉ sila₃",0,"niŋ[thing]N_sa[half]N_sila[unit]N"
"P447996",79,"o v 4","hašhur[apple]N damšelum[plant]N","{ŋeš}hašhur dam-ši-lum",0,"hašhur[apple]N_damšelum[plant]N"
"P271911",440,"r ii 42","e[house]N gud.si.AŠ[ram]N","e₂ gud-si-AŠ",0,"e[house]N_gud.si.AŠ[ram]N"
"P388265",429,"t.e. iii 1","kiri[orchard]N","{ŋeš}kiri₆",0,"kiri[orchard]N"
"P429503",77,"o iii 16","ŋešnimbar[palm]N x-x[NA]NA","{ŋeš}ŋešnimbar x-x",0,"ŋešnimbar[palm]N_x-x[NA]NA"
"P388265",234,"r iii 13","guza[chair]N lugal[king]N","{ŋeš}gu-za lugal",0,"guza[chair]N_lugal[king]N"
"P271911",472,"r iii 11","tukul[weapon]N x[NA]NA","tukul x",0,"tukul[weapon]N_x[NA]NA"
"P459218",97,"o iv 18","al[hoe]N","{ŋeš}al",0,"al[hoe]N"
"Q000001",310,"310","amar[young]N mašda[gazelle]N","amar maš-da₃",0,"amar[young]N_mašda[gazelle]N"
"Q000039",58,"50","mes[tree]N Magan[1]GN","{ŋeš}mes ma₂-gan-na",0,"mes[tree]N_Magan[1]GN"
"P271911",515,"r iii 46","saŋ[head]N ŋeš[tree]N","saŋ ŋeš",0,"saŋ[head]N_ŋeš[tree]N"
"P459216",190,"r iv 22'","ŋirigub[footstool]N margida[cart]N","{ŋeš}ŋiri₃-gub mar-gid₂-da",0,"ŋirigub[footstool]N_margida[cart]N"
"P271301",268,"o v 41'","guza[chair]N gar[knob]N urud[copper]N ŋar[place]V/t","{ŋeš}gu-za gar₃ urud ŋar",0,"guza[chair]N_gar[knob]N_urud[copper]N_ŋar[place]V/t"
"Q000001",163,"163","sila[lamb]N ga[milk]N","sila₄ ga",0,"sila[lamb]N_ga[milk]N"
"P271301",331,"r ii 15","emerah[jug]N si[horn]N","{ŋeš}emerah si",0,"emerah[jug]N_si[horn]N"
"P332939",65,"r ii' 9'","gag[nail]N umbin[wheel]N margida[cart]N","{ŋeš}gag umbin mar-gid₂-da",0,"gag[nail]N_umbin[wheel]N_margida[cart]N"
"P128345",2,"o 1","garig[comb]N siki[hair]N","{ŋeš}ga-rig₂ siki",0,"garig[comb]N_siki[hair]N"
"P332939",41,"unknown","unknown","unknown",999,"unknown"
"P224994",4,"o i 1","{ŋeš}x-x[NA]NA","{ŋeš}x-x",0,"{ŋeš}x-x[NA]NA"
"P235262",9,"a i 5'","peš[fig]N","{ŋeš}peš₃",0,"peš[fig]N"
"P273712",20,"r i 10","ušub[brick-mold]N","{ŋeš}u₃-šub",0,"ušub[brick-mold]N"
"P271549",6,"3'","ma[ship]N ni-in-x[NA]NA","ma₂ ni-in-x",0,"ma[ship]N_ni-in-x[NA]NA"
"P271911",592,"r iv 48","x[NA]NA","x",0,"x[NA]NA"
"P388265",435,"t.e. iii 7","{ŋeš}x[NA]NA","{ŋeš}x",0,"{ŋeš}x[NA]NA"
"P273880",6,"a i 2'","{ŋeš}x-x[NA]NA","{ŋeš}x-x",0,"{ŋeš}x-x[NA]NA"
"P332934",309,"r iii 12'","ma[ship]N Idlurugu[1]DN","{ŋeš}ma₂ {d}id₂-lu₂-ru-gu₂",0,"ma[ship]N_Idlurugu[1]DN"
"P388265",289,"r iv 29","nukušu[~door]N","{ŋeš}nu-kuš₂",0,"nukušu[~door]N"
"P271549",6,"3'","ma[ship]N ni-in-x[NA]NA","ma₂ ni-in-x",0,"ma[ship]N_ni-in-x[NA]NA"
"P273880",573,"c iv 5","{ŋeš}x[NA]NA","{ŋeš}x",0,"{ŋeš}x[NA]NA"
"P271911",201,"o iii 44'","ŋušur[harrow]N musar[garden]N","niŋ₂-gan₂-ur₃ mu-sar",0,"ŋušur[harrow]N_musar[garden]N"
"P271911",317,"r i 8'","masatum[lance?]N","ma-ša-zum",0,"masatum[lance?]N"
"P271301",233,"o v 6'","ba[tool]N PA-x[NA]NA","{ŋeš}ba PA-x",0,"ba[tool]N_PA-x[NA]NA"
"P347814",175,"c i 31'","{ŋeš}x[NA]NA suhur[tool]N","{ŋeš}x suhur",0,"{ŋeš}x[NA]NA_suhur[tool]N"
"P250364",45,"o ii 20","saŋ[head]N apin[plow]N","{ŋeš}saŋ apin",0,"saŋ[head]N_apin[plow]N"
"P250371",14,"unknown","unknown","unknown",1,"unknown"
"P247864",176,"o iii 50","e[house]N gigir[chariot]N","{ŋeš}e₂ gigir",0,"e[house]N_gigir[chariot]N"
"P347814",65,"a ii 36'","gur[rim]N bandudu[basket]N","{ŋeš}gur₂ ba-an-du₈",0,"gur[rim]N_bandudu[basket]N"
"P273880",351,"b iv 14","balaŋ[instrument]N x[NA]NA Išbi-Erra[1]PN","{ŋeš}balaŋ x {d}iš-bi-ir₃-ra",0,"balaŋ[instrument]N_x[NA]NA_Išbi-Erra[1]PN"
"P332939",31,"o ii 9","ildag[poplar]N","{ŋeš}ildag₂",0,"ildag[poplar]N"
"P447996",113,"o v 38","ŋešnimbar[palm]N al-x[NA]NA","{ŋeš}ŋešnimbar al-x",0,"ŋešnimbar[palm]N_al-x[NA]NA"
"P228105",12,"o i 10'","nisiki[comb]N","{ŋeš}UMBIN",0,"nisiki[comb]N"
"P447996",210,"r iii 11","x-na[NA]NA","x-na",0,"x-na[NA]NA"
"P271301",118,"o iii 6","zabalum[juniper]N","{ŋeš}za-ba-lum",0,"zabalum[juniper]N"
"X100003",25,"r 9","garan[bunch]N ŋeštin[vine]N","{ŋeš}ga-ra-na {ŋeš}ŋeštin",0,"garan[bunch]N_ŋeštin[vine]N"
"P253238",31,"r 8","manu[wood]N","{ŋeš}ma-nu",0,"manu[wood]N"
"P429503",141,"r ii' 17'","anše[equid]N ma[ship]N","{ŋeš}anše ma₂",0,"anše[equid]N_ma[ship]N"
"Q000039",556,"500","mitum[weapon]N","{ŋeš}mitum",0,"mitum[weapon]N"
"P253230",29,"o ii 7","apin[plow]N šudu[equipped]AJ","{ŋeš}apin šu-du₇",0,"apin[plow]N_šudu[equipped]AJ"
"P273880",168,"b i 11'","guza[chair]N lukur[priestess]N","{ŋeš}gu-za lukur",0,"guza[chair]N_lukur[priestess]N"
"Q000039",645,"579","nisakar[agricultural-tool]N burud[perforate]V/t","{ŋeš}ni₃-sakar burudₓ(U)-burudₓ(U)",0,"nisakar[agricultural-tool]N_burud[perforate]V/t"
"P332934",74,"o i 18'","ildag[poplar]N bur[spread]V/t","{ŋeš}ildag₂ bur-ra",0,"ildag[poplar]N_bur[spread]V/t"
"P250736",291,"r iv 9","im[clay]N U[NA]NA","im U",0,"im[clay]N_U[NA]NA"
"P459218",60,"o iii 11","apin[plow]N","{ŋeš}apin",0,"apin[plow]N"
"P250362",1,"1","ba[tool]N šab[cut]V/t","{ŋeš}ba šab",0,"ba[tool]N_šab[cut]V/t"
"P247864",274,"o v 22","{ŋeš}x-x[NA]NA","{ŋeš}x-x",0,"{ŋeš}x-x[NA]NA"
"P247864",108,"o ii 45","{ŋeš}ša-wi-lum[NA]NA","{ŋeš}ša-wi-lum",0,"{ŋeš}ša-wi-lum[NA]NA"
"P253238",7,"o 4'","šaršabid[tree]N","{ŋeš}šarₓ(NE)-ša₄-bid₃",0,"šaršabid[tree]N"
"P437074",91,"b ii 15''","guza[chair]N izzi[wall]N x[NA]NA","{ŋeš}gu-za i-zi x",0,"guza[chair]N_izzi[wall]N_x[NA]NA"
"P346714",39,"r ii 07'","ama[mother]N apin[plow]N","{ŋeš}ama apin",0,"ama[mother]N_apin[plow]N"
"P332930",22,"r 1","ma[ship]N sal[thin]V/i","{ŋeš}ma₂ sal",0,"ma[ship]N_sal[thin]V/i"
"P429504",48,"r i 11'","guza[chair]N gar[knob]N x[NA]NA","{ŋeš}gu-za gar₃ x",0,"guza[chair]N_gar[knob]N_x[NA]NA"
"Q000039",384,"341","gag[nail]N šudul[yoke]N gigir[chariot]N","{ŋeš}gag šudul gigir",0,"gag[nail]N_šudul[yoke]N_gigir[chariot]N"
"P332934",35,"o i 31","peš[fig]N šergu[string]N","{ŋeš}peš₃ še-er-kum",0,"peš[fig]N_šergu[string]N"
"P271911",416,"unknown","unknown","unknown",1,"unknown"
"Q000001",174,"174","gud[ox]N","gud",0,"gud[ox]N"
"P271911",597,"r iv 52","x[NA]NA","x",0,"x[NA]NA"
"Q000039",133,"110","ilur[tree]N","{ŋeš}il-ur₂",0,"ilur[tree]N"
"P432448",12,"o 6'","ŋešgana[tree]N","ŋeš-kin₂",0,"ŋešgana[tree]N"
"P332934",188,"o iii 24","ŋešnimbar[palm]N uhin[date]N babbar[white]V/i","{ŋeš}ŋešnimbar u₄-hi-in babbar",0,"ŋešnimbar[palm]N_uhin[date]N_babbar[white]V/i"
"P459216",159,"r iii 26'","ma[ship]N x[NA]NA gur[unit]N","{ŋeš}ma₂ x gur",0,"ma[ship]N_x[NA]NA_gur[unit]N"
"P459218",105,"o iv 26","ušub[brick-mold]N šeg[brick]N","{ŋeš}u₃-šub šeg₁₂",0,"ušub[brick-mold]N_šeg[brick]N"
"P447996",151,"r i 33","pel[defile]V/t ŋešnimbar[palm]N","pe-l·a₂ ŋešnimbar",0,"pel[defile]V/t_ŋešnimbar[palm]N"
"P370399",163,"o v 17'","madal[pole]N","{ŋeš}mudla(BU)",0,"madal[pole]N"
"P297194",5,"o 4","še[cone]N usuh[tree]N","{ŋeš}še u₃-suh₅",0,"še[cone]N_usuh[tree]N"
"P332939",32,"o ii 10","ildag[poplar]N x[NA]NA","{ŋeš}ildag₂ x",0,"ildag[poplar]N_x[NA]NA"
"P228196",22,"22","dara[unmng]N","{ŋeš}{+da-ra}dara₅",0,"dara[unmng]N"
"P332934",222,"o iii 60","peš[frond]N hara[shoot]N ŋešnimbar[palm]N","{ŋeš}peš ha-ra ŋešnimbar",0,"peš[frond]N_hara[shoot]N_ŋešnimbar[palm]N"
"P447996",98,"o v 23","{ŋeš}du-ru-um[NA]NA","{ŋeš}du-ru-um",0,"{ŋeš}du-ru-um[NA]NA"
"P437074",186,"unknown","unknown","unknown",999,"unknown"
"Q000001",456,"455","uzu[flesh]N ŋiripadra[bone]N","uzu ŋiri₃-pad-ra₂",0,"uzu[flesh]N_ŋiripadra[bone]N"
"P250736",225,"r ii 29","tisa[unmng]N tur[small]V/i","{dug}ti-sa₂ tur-tur",0,"tisa[unmng]N_tur[small]V/i"
"P459218",96,"o iv 17","suhur[tool]N gud[ox]N","{ŋeš}suhur gud",0,"suhur[tool]N_gud[ox]N"
"P388330",11,"r 9","{ŋeš}man-na-kam[NA]NA","{ŋeš}man-na-kam",0,"{ŋeš}man-na-kam[NA]NA"
"Q000001",110,"110","u[ewe]N utud[bear]V/t","u₈ u₃-tud",0,"u[ewe]N_utud[bear]V/t"
"P459217",162,"r iii 19","guza[chair]N niŋniŋina[assembly]N","{ŋeš}gu-za niŋ₂-niŋin₂-na",0,"guza[chair]N_niŋniŋina[assembly]N"
"P271301",346,"r ii 30","naŋa[mortar]N","{ŋeš}naŋa₃",0,"naŋa[mortar]N"
"P247864",122,"o ii 59","ninda[seed-funnel]N apin[plow]N","{ŋeš}|NINDA₂×NUMUN| apin",0,"ninda[seed-funnel]N_apin[plow]N"
"P388265",31,"ii 14","{ŋeš}NE-dar[NA]NA","{ŋeš}NE-dar",0,"{ŋeš}NE-dar[NA]NA"
"X100003",14,"o 13","ŋeštin[vine]N","{ŋeš}ŋeštin",0,"ŋeštin[vine]N"
"P459216",67,"iii 6","pakud[~tree]N ŋešnimbar[palm]N","{ŋeš}pa-kud ŋešnimbar",0,"pakud[~tree]N_ŋešnimbar[palm]N"
"P250736",89,"o iii 23","gigur[container]N innu[straw]N","gi-gur in-nu-da",0,"gigur[container]N_innu[straw]N"
"P271911",496,"r iii 31","x[NA]NA","x",0,"x[NA]NA"
"P429503",18,"o i 15","ŋeštinkira[berry]N","{ŋeš}ŋeštin-ŋir₂",0,"ŋeštinkira[berry]N"
"P273880",461,"c ii 5","ma[ship]N","{ŋeš}ma₂",0,"ma[ship]N"
"P250736",257,"r iii 18","amam[jar]N","{dug}am-ma-am",0,"amam[jar]N"
"P273880",288,"b iii 12","naŋa[mortar]N","{ŋeš}naŋa₃",0,"naŋa[mortar]N"
"Q000001",113,"113","u[ewe]N ŋeš[penis]N zu[know]V/t","u₈ ŋeš₃ zu",0,"u[ewe]N_ŋeš[penis]N_zu[know]V/t"
"P250736",224,"r ii 28","tisa[unmng]N šaŋan[flask]N","{dug}ti-sa₂ šaŋan",0,"tisa[unmng]N_šaŋan[flask]N"
"P247864",48,"o i 45","usuh[tree]N tur[small]V/i","{ŋeš}u₃-suh₅ tur",0,"usuh[tree]N_tur[small]V/i"
"P271301",246,"o v 19'","guza[chair]N nimala[~chair]N","{ŋeš}gu-za ni₂-ma-la₂",0,"guza[chair]N_nimala[~chair]N"
"P332939",45,"r i' 4'","{ŋeš}x-x[NA]NA","{ŋeš}x-x",0,"{ŋeš}x-x[NA]NA"
"P388265",139,"r i 17","a[arm]N apin[plow]N","{ŋeš}a₂ apin",0,"a[arm]N_apin[plow]N"
"P230069",3,"o 2'","guza[chair]N Aratta[1]SN","{ŋeš}gu-za aratta",0,"guza[chair]N_Aratta[1]SN"
"P370399",158,"o v 12'","sugin[rot]N","{ŋeš}sugin",0,"sugin[rot]N"
"P370399",20,"o i 17'","x[NA]NA ŋešnimbar[palm]N","x ŋešnimbar",0,"x[NA]NA_ŋešnimbar[palm]N"
"P432448",15,"o 9'","ŋeš[tree]N giggi[black]V/i","ŋeš giggi",0,"ŋeš[tree]N_giggi[black]V/i"
"P347815",2,"o 1","kuŋ[stair]N","{ŋeš}kuŋ₅",0,"kuŋ[stair]N"
"P250736",272,"r iii 33","dug[pot]N titab[~beer]N","dug titab₂",0,"dug[pot]N_titab[~beer]N"
"P347814",124,"b ii 8'","{ŋeš}šu-x[NA]NA","{ŋeš}šu-x",0,"{ŋeš}šu-x[NA]NA"
"P273880",638,"d i 18'","kun[tail]N niŋ₂-il₂[NA]NA","{ŋeš}kun niŋ₂-il₂",0,"kun[tail]N_niŋ₂-il₂[NA]NA"
"P370399",149,"o v 3'","ŋešdubdim[tool]N","ŋeš-dub-dim₂",0,"ŋešdubdim[tool]N"
"P273880",280,"b iii 4","sumur[roof]N banšur[table]N","{ŋeš}sumur₃ {ŋeš}banšurₓ(|URU×IGI.URUDA|)",0,"sumur[roof]N_banšur[table]N"
"P271771",26,"o iii 3","mes.TU[tree]N","{ŋeš}mes-TU",0,"mes.TU[tree]N"
"P447996",58,"o iv 27","ŋeštin[vine]N x-u₂-ta[NA]NA","{ŋeš}ŋeštin x-u₂-ta",0,"ŋeštin[vine]N_x-u₂-ta[NA]NA"
"Q000001",329,"329","eh[insect]N","eh",0,"eh[insect]N"
"P271771",72,"o v 2","gizulumma[nettle?]N","{ŋeš}gi-zu₂-lum-ma",0,"gizulumma[nettle?]N"
"P271301",465,"r iv 46","margida[cart]N Elam[1]GN","{ŋeš}mar-gid₂-da elam-ma{ki}",0,"margida[cart]N_Elam[1]GN"
"P271911",302,"o iv 61","šunir[emblem]N","šu-nir",0,"šunir[emblem]N"
"P271320",8,"o i 3'","guza[chair]N barag[sanctum]N","{ŋeš}gu-za barag",0,"guza[chair]N_barag[sanctum]N"
"P429503",67,"o iii 6","isimu[sprout]N","{ŋeš}isimu₂",0,"isimu[sprout]N"
"P250364",47,"o ii 22","kašu[~plow]N apin[plow]N","{ŋeš}ka-šu₂ apin",0,"kašu[~plow]N_apin[plow]N"
"P437074",37,"b i 5'","x[NA]NA ŋešnimbar[palm]N","x ŋešnimbar",0,"x[NA]NA_ŋešnimbar[palm]N"
"Q000001",317,"317","dimšah[hippopotamus]N","dim₃-šah₂",0,"dimšah[hippopotamus]N"
"P271549",12,"7'","x[NA]NA","x",0,"x[NA]NA"
"P388265",37,"ii 20","tir[forest]N eh[insect]N gu[eat]V/t","{ŋeš}tir eh gu₇",0,"tir[forest]N_eh[insect]N_gu[eat]V/t"
"P312012",1,"1","naŋa[mortar]N ŋeši[sesame]N","{ŋeš}naŋa₃ {še}ŋeš-i₃",0,"naŋa[mortar]N_ŋeši[sesame]N"
"Q000001",98,"98","udu[sheep]N gug[grass]N nud[lie]V/t","udu gug-ga nud",0,"udu[sheep]N_gug[grass]N_nud[lie]V/t"
"P271320",60,"r ii' 8'","gag[nail]N umbin[wheel]N margida[cart]N","{ŋeš}gag umbin mar-gid₂-da",0,"gag[nail]N_umbin[wheel]N_margida[cart]N"
"Q000039",219,"185","guza[chair]N unkin[assembly]N","{ŋeš}gu-za unkin",0,"guza[chair]N_unkin[assembly]N"
"P429503",82,"o iii 21","ŋešnimbar[palm]N x[NA]NA","{ŋeš}ŋešnimbar x",0,"ŋešnimbar[palm]N_x[NA]NA"
"P271301",242,"o v 15'","guza[chair]N","{ŋeš}gu-za",0,"guza[chair]N"
"P447996",21,"o iii 17","dih[weed]N","{ŋeš}niŋ₂-dehi₃",0,"dih[weed]N"
"P250736",62,"o ii 36","kid[mat]N","{gi}kid",0,"kid[mat]N"
"P273880",675,"d ii 10'","ŋeš[tree]N sukud[height]N","ŋeš sukud",0,"ŋeš[tree]N_sukud[height]N"
"X100003",27,"r 11","peš[fig]N Mari[1]SN","{ŋeš}peš₃ ma₂-ri₂{ki}",0,"peš[fig]N_Mari[1]SN"
"P247864",79,"o ii 16","{ŋeš}x-x[NA]NA ŋešnimbar[palm]N","{ŋeš}x-x ŋešnimbar",0,"{ŋeš}x-x[NA]NA_ŋešnimbar[palm]N"
"P370399",95,"o iii 34'","x[NA]NA gag[nail]N saŋ[head]N apin[plow]N","x gag saŋ apin",0,"x[NA]NA_gag[nail]N_saŋ[head]N_apin[plow]N"
"Q000001",371,"371","ninka[mongoose]N","{d}nin-ka₆",0,"ninka[mongoose]N"
"Q000001",282,"282","muš[snake]N šagsig[weft]N","muš šag₄-sig",0,"muš[snake]N_šagsig[weft]N"
"P332934",94,"o ii 11","manu[wood]N muran[tree]N","{ŋeš}ma-nu mur-ra-an",0,"manu[wood]N_muran[tree]N"
"Q000001",49,"49","udu[sheep]N namraʾak[booty]N","udu nam-ra-ak",0,"udu[sheep]N_namraʾak[booty]N"
"Q000001",102,"102","udu[sheep]N giggi[black]V/i","udu giggi",0,"udu[sheep]N_giggi[black]V/i"
"P273880",539,"c iii 24","ŋešnimbar[palm]N sug[empty]V/i","{ŋeš}ŋešnimbar sug₄",0,"ŋešnimbar[palm]N_sug[empty]V/i"
"P332934",372,"r iv 6'","eš[rope]N usan[whip]N anše[equid]N","{ŋeš}eš₂ usan₃ anše",0,"eš[rope]N_usan[whip]N_anše[equid]N"
"Q000039",664,"598","balaŋdi[instrument]N","{ŋeš}balaŋ-di",0,"balaŋdi[instrument]N"
"P271792",18,"unknown","unknown","unknown",1,"unknown"
"P250736",55,"o ii 29","ana[upper-part]N X-me-eš[NA]NA","an-na X-me-eš",0,"ana[upper-part]N_X-me-eš[NA]NA"
"P250736",71,"o iii 5","kid[mat]N KA.izi[burning]N","{gi}kid KA-izi",0,"kid[mat]N_KA.izi[burning]N"
"Q000001",431,"430","uzu[flesh]N gag[nail]N sala[bug-ridden]AJ","uzu gag za-la₂",0,"uzu[flesh]N_gag[nail]N_sala[bug-ridden]AJ"
"P235262",45,"c ii 21'","x[NA]NA kuŋ[stair]N","x kun₅",0,"x[NA]NA_kuŋ[stair]N"
"P346714",17,"r i 21'","ŋešhum[bench]N margida[cart]N","ŋeš-hum mar-gid₂-da",0,"ŋešhum[bench]N_margida[cart]N"
"P273712",11,"r i 1","al[hoe]N saŋ[head]N ŋal[be]V/i","{ŋeš}al saŋ ŋal₂",0,"al[hoe]N_saŋ[head]N_ŋal[be]V/i"
"P273880",98,"a iii 36'","{ŋeš}x-x[NA]NA","{ŋeš}x-x",0,"{ŋeš}x-x[NA]NA"
"P346714",129,"r iv 09'","niŋ[thing]N ya[five]NU giŋ[unit]N","{ŋeš}niŋ₂ ia₂ giŋ₄",0,"niŋ[thing]N_ya[five]NU_giŋ[unit]N"
"P388265",238,"r iii 17","ŋešnud[bed]N","ŋeš-nud",0,"ŋešnud[bed]N"
"P437074",61,"b ii 4'","pa[branch]N kud[cut]V/t","{ŋeš}pa kud",0,"pa[branch]N_kud[cut]V/t"
"Q000001",265,"265","muš[snake]N Nirah[1]DN","muš {d}nirah",0,"muš[snake]N_Nirah[1]DN"
"P370399",157,"o v 11'","sugin[rot]N","{ŋeš}sugin",0,"sugin[rot]N"
"P447996",151,"r i 33","pel[defile]V/t ŋešnimbar[palm]N","pe-l·a₂ ŋešnimbar",0,"pel[defile]V/t_ŋešnimbar[palm]N"
"P346714",46,"r ii 14'","sala[~plow]N apin[plow]N","{ŋeš}sal-la apin",0,"sala[~plow]N_apin[plow]N"
"P492330",41,"unknown","unknown","unknown",999,"unknown"
"P388265",21,"i 23","halub[tree]N","{ŋeš}ha-lu-ub",0,"halub[tree]N"
"P271911",201,"o iii 44'","ŋušur[harrow]N musar[garden]N","niŋ₂-gan₂-ur₃ mu-sar",0,"ŋušur[harrow]N_musar[garden]N"
"P271301",268,"o v 41'","guza[chair]N gar[knob]N urud[copper]N ŋar[place]V/t","{ŋeš}gu-za gar₃ urud ŋar",0,"guza[chair]N_gar[knob]N_urud[copper]N_ŋar[place]V/t"
"P271301",155,"o iii 43","ŋešnimbar[palm]N uhin[date]N kud[sweet]V/i","{ŋeš}ŋešnimbar u₄-hi-in ku₇-ku₇",0,"ŋešnimbar[palm]N_uhin[date]N_kud[sweet]V/i"
"P370399",201,"o viii 2'","x-kin[NA]NA","x-kin",0,"x-kin[NA]NA"
"P271301",383,"r iii 16","ma[ship]N aʾabak[sea]N","{ŋeš}ma₂ a-ab-ba",0,"ma[ship]N_aʾabak[sea]N"
"P271301",337,"r ii 21","kuŋ[stair]N bad[wall]N e[leave]V/i","{ŋeš}kuŋ₄ bad₃ e₃",0,"kuŋ[stair]N_bad[wall]N_e[leave]V/i"
"P253228",67,"r ii 6'","{ŋeš}x-x-x[NA]NA","{ŋeš}x-x-x",0,"{ŋeš}x-x-x[NA]NA"
"P346714",132,"r iv 12'","sa[net]N x[NA]NA","{ŋeš}sa x",0,"sa[net]N_x[NA]NA"
"P247864",47,"o i 44","usuh[tree]N","{ŋeš}u₃-suh₅(EŠ₂)",0,"usuh[tree]N"
"Q000039",511,"458","gag[nail]N nig[~plow]N apin[plow]N","{ŋeš}gag nig apin",0,"gag[nail]N_nig[~plow]N_apin[plow]N"
"P346714",19,"r i 23'","guza[chair]N margida[cart]N","{ŋeš}gu-za mar-gid₂-da",0,"guza[chair]N_margida[cart]N"
"P271911",611,"r v 9","šudum[reckoning]N","šudum",0,"šudum[reckoning]N"
"P253233",40,"r i 8'","šedug[tree]N","{ŋeš}še-dug₃",0,"šedug[tree]N"
"P128345",2,"o 1","garig[comb]N siki[hair]N","{ŋeš}ga-rig₂ siki",0,"garig[comb]N_siki[hair]N"
"P228105",25,"r ii 5","sumungi[tool]N","{ŋeš}ša₃-mu-un-gin₇",0,"sumungi[tool]N"
"P447996",141,"r i 23","{ŋeš}x[NA]NA ŋešnimbar[palm]N","{ŋeš}x ŋešnimbar",0,"{ŋeš}x[NA]NA_ŋešnimbar[palm]N"
"P459226",9,"o i 6'","ŋešgana[tree]N giggi[black]V/i","ŋeš-kin₂ giggi",0,"ŋešgana[tree]N_giggi[black]V/i"
"P273880",568,"c iii 54","ŋušur[beam]N","{ŋeš}ŋušur",0,"ŋušur[beam]N"
"P250364",112,"r i 12'","{ŋeš}x[NA]NA","{ŋeš}x",0,"{ŋeš}x[NA]NA"
"P273880",673,"d ii 8'","ŋeš[tree]N a[water]N la[hang]V/t","ŋeš a la₂-la₂",0,"ŋeš[tree]N_a[water]N_la[hang]V/t"
"P332934",128,"o ii 45","elammakum[tree]N","{ŋeš}e-lam-gi",0,"elammakum[tree]N"
"Q000039",693,"625","ganum[stand]N a[water]N","{ŋeš}ga-an-nu a",0,"ganum[stand]N_a[water]N"
"P459217",163,"r iii 20","guza[chair]N Magan[1]GN","{ŋeš}gu-za ma₂-gan-na",0,"guza[chair]N_Magan[1]GN"
"P273880",413,"c i 16","{ŋeš}x[NA]NA tukul[weapon]N","{ŋeš}x tukul",0,"{ŋeš}x[NA]NA_tukul[weapon]N"
"Q000001",207,"207","ab[cow]N peš[thick]V/i","ab₂ peš₇",0,"ab[cow]N_peš[thick]V/i"
"P235262",66,"d i 9'","madu[~boat]N","{ŋeš}ma₂-du₃",0,"madu[~boat]N"
"P332934",97,"o ii 14","manu[wood]N ŋeš[tree]N kalag[strong]V/i","{ŋeš}ma-nu ŋeš kalag",0,"manu[wood]N_ŋeš[tree]N_kalag[strong]V/i"
"P228196",17,"17","magur[barge]N","{ŋeš}ma₂-gur₈",0,"magur[barge]N"
"P332934",179,"o iii 15","ŋešnimbar[palm]N uhin[date]N","{ŋeš}ŋešnimbar u₄-hi-in",0,"ŋešnimbar[palm]N_uhin[date]N"
"P253863",6,"unknown","unknown","unknown",1,"unknown"
"P388265",98,"iv 15","tubala[harness]N ŋešnimbar[palm]N","{ŋeš}tubaₓ(TUG₂) ŋešnimbar",0,"tubala[harness]N_ŋešnimbar[palm]N"
"X100003",27,"r 11","peš[fig]N Mari[1]SN","{ŋeš}peš₃ ma₂-ri₂{ki}",0,"peš[fig]N_Mari[1]SN"
"P271320",30,"unknown","unknown","unknown",999,"unknown"
"P459218",30,"o ii 9'","{ŋeš}il₂-sik₂[NA]NA","{ŋeš}il₂-sik₂",0,"{ŋeš}il₂-sik₂[NA]NA"
"Q000039",690,"622","ebir[vessel-stand]N a[water]N","{ŋeš}ebir a",0,"ebir[vessel-stand]N_a[water]N"
"P437074",86,"b ii 10''","guza[chair]N sag[good]V/i","{ŋeš}gu-za sag₁₀",0,"guza[chair]N_sag[good]V/i"
"P229173",4,"o 3","mes[tree]N Kiʾengir[Sumer]GN","{ŋeš}mes ki-in-gi-ra",0,"mes[tree]N_Kiʾengir[Sumer]GN"
"Q000001",436,"435","uzu[flesh]N šag[heart]N","uzu šag₄",0,"uzu[flesh]N_šag[heart]N"
"P247864",355,"o vi 39","al[hoe]N","{ŋeš}al",0,"al[hoe]N"
"P332934",375,"r iv 9'","margida[cart]N Subir[1]GN","{ŋeš}mar-gid₂-da su-bir₄{ki}",0,"margida[cart]N_Subir[1]GN"
"P250364",85,"o v 6","sa[net]N gi[thicket]N","{ŋeš}sa {ŋeš}gi",0,"sa[net]N_gi[thicket]N"
"P273880",632,"d i 5'","gidim[device]N","{ŋeš}gidim₃",0,"gidim[device]N"
"Q000039",567,"510","dur[board]N ab[window]N","{ŋeš}dur₂ ab",0,"dur[board]N_ab[window]N"
"P332934",220,"o iii 58","pešmur[~palm]N ŋešnimbar[palm]N","{ŋeš}peš-mu-kun ŋešnimbar",0,"pešmur[~palm]N_ŋešnimbar[palm]N"
"P253866",47,"o ii 11'","guza[chair]N kaskal[way]N","{ŋeš}gu-za kaskal",0,"guza[chair]N_kaskal[way]N"
"P437074",48,"b i 9''","zarraštum[plant]N","{ŋeš}zar-uš-tum",0,"zarraštum[plant]N"
"Q000039",662,"596","dagsi[hook]N eban[pair]N","{ŋeš}dag-si e-ba-na",0,"dagsi[hook]N_eban[pair]N"
"P228196",9,"9","ganum[stand]N ki-sig[NA]NA","{ŋeš}gan-nu ki-sig",0,"ganum[stand]N_ki-sig[NA]NA"
"P271911",35,"o i 24'","suhub[bolt]N","suhub₄",0,"suhub[bolt]N"
"Q000039",655,"589","{ŋeš}ŠID[NA]NA mar[shovel]N","{ŋeš}ŠID mar",0,"{ŋeš}ŠID[NA]NA_mar[shovel]N"
"Q000039",524,"468","ŋušur[harrow]N","{ŋeš}gana₂-ur₃",0,"ŋušur[harrow]N"
"P247864",115,"o ii 52","{ŋeš}NIM[NA]NA bar[NA]NA x-ga[NA]NA","{ŋeš}NIM bar x-ga",0,"{ŋeš}NIM[NA]NA_bar[NA]NA_x-ga[NA]NA"
"P388265",185,"r ii 12","DUB.du₃[~vehicle]N šag[heart]N","{ŋeš}kišib₃-du₃ šag₄",0,"DUB.du₃[~vehicle]N_šag[heart]N"
"P247864",448,"r i 8","egir[back]N ŋešnud[bed]N","{ŋeš}egir nud",0,"egir[back]N_ŋešnud[bed]N"
"P437074",13,"a ii 6'","x-tum[NA]NA","x-tum",0,"x-tum[NA]NA"
"P272243",30,"r i 11","ŋešnimbar[palm]N šeŋ[cook]V/t","{ŋeš}ŋešnimbar šeŋ₆",0,"ŋešnimbar[palm]N_šeŋ[cook]V/t"
"P388265",66,"iii 16","suhur[tuft]N","{ŋeš}suhur",0,"suhur[tuft]N"
"P271911",516,"r iii 47","šag[heart]N ŋeš[tree]N","šag₄ ŋeš",0,"šag[heart]N_ŋeš[tree]N"
"P271911",342,"r i 29'","agasilig[ax]N","{+ga}aga₃-zalag₂",0,"agasilig[ax]N"
"P247864",410,"o vii 29'","{ŋeš}x-za-ab[NA]NA","{ŋeš}x-za-ab",0,"{ŋeš}x-za-ab[NA]NA"
"P272243",31,"r i 12","ŋešnimbar[palm]N sissig[green]V/i","{ŋeš}ŋešnimbar sig₇-sig₇",0,"ŋešnimbar[palm]N_sissig[green]V/i"
"P271911",616,"unknown","unknown","unknown",1,"unknown"
"P388265",212,"unknown","unknown","unknown",2,"unknown"
"P271301",369,"r iii 2","ma[ship]N nurum[light]N","{ŋeš}ma₂ nu-ri",0,"ma[ship]N_nurum[light]N"
"P459216",26,"i 24","šeše[tree]N","{ŋeš}še₃-še₃",0,"šeše[tree]N"
"P247864",429,"o vii 48'","guza[chair]N munus[woman]N","{ŋeš}gu-za munus",0,"guza[chair]N_munus[woman]N"
"P250364",158,"r iii 24'","argibil[structure]N","{ŋeš}ar-gibil₂",0,"argibil[structure]N"
"P273880",22,"a i 19'","{ŋeš}x[NA]NA","{ŋeš}x",0,"{ŋeš}x[NA]NA"
"P271301",464,"r iv 45","margida[cart]N Subir[1]GN","{ŋeš}mar-gid₂-da su-bir₄{ki}",0,"margida[cart]N_Subir[1]GN"
"P250736",99,"o iii 33","mansim[sieve]N innu[straw]N","{gi}ma-an-sim in-nu-da",0,"mansim[sieve]N_innu[straw]N"
"Q000039",516,"461","da[side-board]N apin[plow]N","{ŋeš}da apin",0,"da[side-board]N_apin[plow]N"
"P347814",86,"b i 11'","{ŋeš}ma-ah[NA]NA apin[plow]N","{ŋeš}ma-ah apin",0,"{ŋeš}ma-ah[NA]NA_apin[plow]N"
"P250736",232,"r ii 36","burzi[bowl]N utu[~cereal]N","{dug}bur-zi utu₂",0,"burzi[bowl]N_utu[~cereal]N"
"P273712",14,"r i 4","al[hoe]N ŋušur[beam]N","{ŋeš}al ŋeš-ur₂",0,"al[hoe]N_ŋušur[beam]N"
"P332934",373,"r iv 7'","margida[cart]N","{ŋeš}mar-gid₂-da",0,"margida[cart]N"
"Q000039",190,"157","ŋešnaruak[~stele]N","ŋeš-na-ru₂-a",0,"ŋešnaruak[~stele]N"
"P332934",171,"o iii 7","ŋešnimbar[palm]N kum[hot]V/i","{ŋeš}ŋešnimbar kum₂",0,"ŋešnimbar[palm]N_kum[hot]V/i"
"P273880",581,"c iv 14","dim[post]N x[NA]NA","{ŋeš}dim x",0,"dim[post]N_x[NA]NA"
"P370399",23,"o i 20'","x[NA]NA ŋešnimbar[palm]N","x ŋešnimbar",0,"x[NA]NA_ŋešnimbar[palm]N"
"P459222",2,"1","damga[~plow]N apin[plow]N","{ŋeš}da-an-ga apin",0,"damga[~plow]N_apin[plow]N"
"P388265",231,"r iii 10","guza[chair]N gar[knob]N zabar[bronze]N ŋar[place]V/t","{ŋeš}gu-za gar₃ zabar ŋar",0,"guza[chair]N_gar[knob]N_zabar[bronze]N_ŋar[place]V/t"
"Q000039",13,"11","ŋeštinguruma[~vine]N","{ŋeš}ŋeštin-gurum-ma",0,"ŋeštinguruma[~vine]N"
"P247864",391,"o vii 10'","šuʾa[stool]N tibira[sculptor]N","{ŋeš}šu₂-a tibira(|DUB.NAGAR|)",0,"šuʾa[stool]N_tibira[sculptor]N"
"P271301",324,"r ii 8","emerah[jug]N","{ŋeš}emerah",0,"emerah[jug]N"
"P271301",205,"o iv 39","kišighar[tree]N kur[mountain]N","{ŋeš}kišig-ah-ha kur",0,"kišighar[tree]N_kur[mountain]N"
"P429503",42,"o ii 11","ildag[poplar]N šitan[water-channel]N","{ŋeš}ildag₂ še-de₂-n·a",0,"ildag[poplar]N_šitan[water-channel]N"
"P388265",144,"r i 22","šudul[yoke]N apin[plow]N","{ŋeš}šu₂-dul₄ apin",0,"šudul[yoke]N_apin[plow]N"
"P250364",128,"r ii 13'","{ŋeš}niŋ₂-dim₂-dim₂-ma[NA]NA","{ŋeš}niŋ₂-dim₂-dim₂-ma",0,"{ŋeš}niŋ₂-dim₂-dim₂-ma[NA]NA"
"Q000039",99,"78a","ŋešnimbar[palm]N gaz[kill]V/t","{ŋeš}ŋešnimbar gaz",0,"ŋešnimbar[palm]N_gaz[kill]V/t"
"P271301",289,"r i 17","šuʾa[stool]N","{ŋeš}šuaₓ(|ŠU₂×(A.DIŠ)|)",0,"šuʾa[stool]N"
"Q000039",621,"555","pana[bow]N","{ŋeš}pana",0,"pana[bow]N"
"P271301",96,"o ii 44","tir[forest]N šen[pure]V/i","{ŋeš}tir šen-šen",0,"tir[forest]N_šen[pure]V/i"
"Q000039",599,"540","ellaŋdu[trap]N tur[small]V/i","{ŋeš}ellaŋ₂-du tur",0,"ellaŋdu[trap]N_tur[small]V/i"
"Q000039",683,"615","tigidlu[instrument]N sa[sinew]N eš[three]NU","{ŋeš}tigidla sa eš₅",0,"tigidlu[instrument]N_sa[sinew]N_eš[three]NU"
"P250736",236,"r ii 40","silim[vessel]N","{dug}{+silim}silim₂",0,"silim[vessel]N"
"P332934",70,"o i 14'","allanum[oak]N","{ŋeš}al-la-an",0,"allanum[oak]N"
"Q000001",447,"446","uzu[flesh]N mur[lung]N","uzu mur",0,"uzu[flesh]N_mur[lung]N"
"P459217",123,"r i 10'","gizulumma[nettle?]N","{ŋeš}gi-zu₂-lum-na",0,"gizulumma[nettle?]N"
"P253238",14,"o 11'","pa[branch]N usuh[tree]N","{ŋeš}pa u₃-suh₅",0,"pa[branch]N_usuh[tree]N"
"P388265",169,"r i 47","{ŋeš}BU[NA]NA","{ŋeš}BU",0,"{ŋeš}BU[NA]NA"
"P273880",171,"b i 14'","guza[chair]N hašhur[apple]N","{ŋeš}gu-za {ŋeš}hašhur",0,"guza[chair]N_hašhur[apple]N"
"P273880",54,"a ii 28'","šeršer[chain]N apin[plow]N","{ŋeš}šir₃-šir₃ apin",0,"šeršer[chain]N_apin[plow]N"
"P271911",25,"unknown","unknown","unknown",1,"unknown"
"P347814",34,"a ii 5'","saŋ[head]N balak[spindle]N","{ŋeš}saŋ balak",0,"saŋ[head]N_balak[spindle]N"
"Q000001",395,"394","ŋirtab[scorpion]N su[red]V/i","ŋir₂-tab su₄",0,"ŋirtab[scorpion]N_su[red]V/i"
"P229173",4,"o 3","mes[tree]N Kiʾengir[Sumer]GN","{ŋeš}mes ki-in-gi-ra",0,"mes[tree]N_Kiʾengir[Sumer]GN"
"P346714",137,"r iv 17'","sa[net]N ur[drag]V/t","{ŋeš}sa ur₃",0,"sa[net]N_ur[drag]V/t"
"P271911",565,"unknown","unknown","unknown",1,"unknown"
"P251686",4,"o 1","guza[chair]N","{ŋeš}gu-za",0,"guza[chair]N"
"Q000039",170,"144","dibdib[waterclock]N","{ŋeš}dib-dib",0,"dibdib[waterclock]N"
"P250364",70,"o iv 10","al[hoe]N saŋ[head]N ŋal[be]V/i","{ŋeš}al saŋ ŋal₂",0,"al[hoe]N_saŋ[head]N_ŋal[be]V/i"
"Q000039",213,"179","guza[chair]N Magan[1]GN","{ŋeš}gu-za ma₂-gan-na",0,"guza[chair]N_Magan[1]GN"
"P370399",182,"o v 36'","{ŋeš}x[NA]NA","{ŋeš}x",0,"{ŋeš}x[NA]NA"
"P332934",314,"r iii 17'","{ŋeš}PAD[NA]NA ma[ship]N","{ŋeš}PAD ma₂",0,"{ŋeš}PAD[NA]NA_ma[ship]N"
"P332930",8,"o 6","ma[ship]N peš[thick]V/i","{ŋeš}ma₂ peš-peš",0,"ma[ship]N_peš[thick]V/i"
"P247864",449,"r i 9","ŋešdi[rung]N ŋešnud[bed]N","ŋeš-di₅ nud",0,"ŋešdi[rung]N_ŋešnud[bed]N"
"P429503",110,"r i' 14'","buniŋ[trough]N x[NA]NA","{ŋeš}buniŋ x",0,"buniŋ[trough]N_x[NA]NA"
"P250736",52,"unknown","unknown","unknown",3,"unknown"
"P271771",72,"o v 2","gizulumma[nettle?]N","{ŋeš}gi-zu₂-lum-ma",0,"gizulumma[nettle?]N"
"P447996",111,"o v 36","ŋešnimbar[palm]N saŋ[head]N eš[three]NU","{ŋeš}ŋešnimbar saŋ eš₅",0,"ŋešnimbar[palm]N_saŋ[head]N_eš[three]NU"
"P388265",265,"r iv 5","{ŋeš}x-x[NA]NA","{ŋeš}x-x",0,"{ŋeš}x-x[NA]NA"
"P459217",11,"i 10'","hašhur[apple]N kur[mountain]N","{ŋeš}hašhur kur",0,"hašhur[apple]N_kur[mountain]N"
"P370399",13,"o i 10'","da[side-board]N ŋešnimbar[palm]N","{ŋeš}da ŋešnimbar",0,"da[side-board]N_ŋešnimbar[palm]N"
"Q000039",231,"196","guza[chair]N gar[knob]N kugbabbar[silver]N ŋar[place]V/t","{ŋeš}gu-za gar₃ kug-babbar ŋar",0,"guza[chair]N_gar[knob]N_kugbabbar[silver]N_ŋar[place]V/t"
"P271911",459,"r ii 59","gam[haft]N ŋiri[dagger]N ašgab[leatherworker]N","kin ŋiri₂ ašgab",0,"gam[haft]N_ŋiri[dagger]N_ašgab[leatherworker]N"
"P271301",339,"r ii 23","suku[pole]N kuŋ[stair]N","{ŋeš}suku₆ kun₄",0,"suku[pole]N_kuŋ[stair]N"
"P388265",175,"r ii 2","gag[nail]N umbin[wheel]N margida[cart]N","{ŋeš}gag umbin mar-gid₂-da",0,"gag[nail]N_umbin[wheel]N_margida[cart]N"
"P247864",314,"o v 62","ma[ship]N šu[hand]N du[suitable]V/i","{ŋeš}ma₂ šu du₇",0,"ma[ship]N_šu[hand]N_du[suitable]V/i"
"P459216",160,"r iii 27'","ma[ship]N niš[twenty]NU gur[unit]N","{ŋeš}ma₂ niš gur",0,"ma[ship]N_niš[twenty]NU_gur[unit]N"
"P347814",240,"c ii 46'","dimdim[instrument]N x[NA]NA","{ŋeš}dim₃-dim₃ x",0,"dimdim[instrument]N_x[NA]NA"
"P332930",19,"b.e. 3","ma[ship]N kud[cut]V/t","{ŋeš}ma₂ kud",0,"ma[ship]N_kud[cut]V/t"
"P332934",181,"o iii 17","ŋešnimbar[palm]N uhin[date]N ah[dry]V/i","{ŋeš}ŋešnimbar u₄-hi-in e₃",0,"ŋešnimbar[palm]N_uhin[date]N_ah[dry]V/i"
"P250736",294,"r iv 12","im[clay]N sissig[green]V/i","im sig₇",0,"im[clay]N_sissig[green]V/i"
"Q000001",457,"456","uzu[flesh]N ŋiripadra[bone]N gid[long]V/i","uzu ŋiri₃-pad-ra₂ gid₂",0,"uzu[flesh]N_ŋiripadra[bone]N_gid[long]V/i"
"Q000039",358,"316","{ŋeš}sig[NA]NA zigan[rudder]N","{ŋeš}sig zi-gan",0,"{ŋeš}sig[NA]NA_zigan[rudder]N"
"P346714",53,"r ii 21'","gag[nail]N niŋŋeštug[~plow]N apin[plow]N","{ŋeš}gag niŋ₂-ŋeštug apin",0,"gag[nail]N_niŋŋeštug[~plow]N_apin[plow]N"
"P273880",450,"c i 55","{ŋeš}a-x[NA]NA","{ŋeš}a-x",0,"{ŋeš}a-x[NA]NA"
"P253874",9,"o 6","gag[nail]N šudul[yoke]N gigir[chariot]N","{ŋeš}gag šudul₄ gigir",0,"gag[nail]N_šudul[yoke]N_gigir[chariot]N"
"P459216",33,"ii 1","ŋešaʾabak[tree]N","ŋeš-ab-ba",0,"ŋešaʾabak[tree]N"
"P253866",93,"o iii 26'","raba[clamp]N šu[hand]N","{ŋeš}raba šu",0,"raba[clamp]N_šu[hand]N"
"P370399",163,"o v 17'","madal[pole]N","{ŋeš}mudla(BU)",0,"madal[pole]N"
"P250736",199,"r ii 3","{dug}x-x[NA]NA","{dug}x-x",0,"{dug}x-x[NA]NA"
"P459217",165,"r iii 22","guza[chair]N gidim[ghost]N","{ŋeš}gu-za gidim",0,"guza[chair]N_gidim[ghost]N"
"P247864",23,"o i 20","x[NA]NA","x",0,"x[NA]NA"
"P273880",670,"d ii 5'","kiri[orchard]N dug[good]V/i","{ŋeš}kiri₆ dug₃",0,"kiri[orchard]N_dug[good]V/i"
"Q000039",480,"429","madal[pole]N","{ŋeš}mudla(BU)",0,"madal[pole]N"
"P273880",485,"c ii 29","ma[ship]N nimin[forty]NU gur[unit]N","{ŋeš}ma₂ nimin gur",0,"ma[ship]N_nimin[forty]NU_gur[unit]N"
"P459216",110,"r i 15'","{ŋeš}x[NA]NA","{ŋeš}x",0,"{ŋeš}x[NA]NA"
"Q000039",316,"278","ma[ship]N du[spread]V/t","{ŋeš}ma₂ du₈",0,"ma[ship]N_du[spread]V/t"
"P271301",325,"r ii 9","emerah[jug]N gal[big]V/i","{ŋeš}emerah gal",0,"emerah[jug]N_gal[big]V/i"
"P459216",28,"i 26","šinig[tamarisk]N x[NA]NA","{ŋeš}šinig x",0,"šinig[tamarisk]N_x[NA]NA"
"P349171",9,"o ii 4'","ŋešnud[bed]N umbin[nail]N x[NA]NA","ŋeš-nud umbin x",0,"ŋešnud[bed]N_umbin[nail]N_x[NA]NA"
"P253866",8,"o i 3'","tugtug[~loom]N","{ŋeš}tug₂-tug₂",0,"tugtug[~loom]N"
"P388265",134,"r i 12","šu[hand]N burud[perforate]V/t apin[plow]N","{ŋeš}šu bur₃-bur₃ apin",0,"šu[hand]N_burud[perforate]V/t_apin[plow]N"
"P459226",25,"o ii 5'","{ŋeš}x[NA]NA","{ŋeš}x",0,"{ŋeš}x[NA]NA"
"Q000039",715,"646","ŋisal[rudder]N šu[hand]N","{ŋeš}ŋisal šu",0,"ŋisal[rudder]N_šu[hand]N"
"P437074",7,"unknown","unknown","unknown",999,"unknown"
"P247864",137,"o iii 11","margida[cart]N","{ŋeš}mar-gid₂-da",0,"margida[cart]N"
"P388265",268,"r iv 8","šuʾa[stool]N kaskal[way]N","{ŋeš}šu₂-a kaskal",0,"šuʾa[stool]N_kaskal[way]N"
"P273880",128,"unknown","unknown","unknown",10,"unknown"
"P273880",635,"d i 8'","x-x[NA]NA","x-x",0,"x-x[NA]NA"
"P388265",244,"r iii 23","ŋešnud[bed]N šatuku[mattress]N siki[hair]N uzud[goat]N sig[put]V/t","ŋeš-nud šag₄-tuku₅ siki uzud sig₁₀",0,"ŋešnud[bed]N_šatuku[mattress]N_siki[hair]N_uzud[goat]N_sig[put]V/t"
"X100003",4,"o 3","ŋešnu[tree]N","ŋeš-BUR₂",0,"ŋešnu[tree]N"
"X100003",18,"r 2","ŋeštinkaʾa[grape]N","{ŋeš}ŋeštin-ka₅-a",0,"ŋeštinkaʾa[grape]N"
"P250364",148,"r iii 14'","{ŋeš}ra-x-x[NA]NA","{ŋeš}ra-x-x",0,"{ŋeš}ra-x-x[NA]NA"
"P253228",16,"o i 12","al[hoe]N zu[tooth]N min[two]NU","{ŋeš}al zu₂ min",0,"al[hoe]N_zu[tooth]N_min[two]NU"
"P347814",109,"b i 39'","x[NA]NA x-la₂[NA]NA","x x-la₂",0,"x[NA]NA_x-la₂[NA]NA"
"P388265",13,"i 15","zirdum[olive]N","{ŋeš}zi-ir-dum",0,"zirdum[olive]N"
"P459216",173,"r iv 5'","da[side-board]N umbin[wheel]N gigir[chariot]N","{ŋeš}da umbin gigir",0,"da[side-board]N_umbin[wheel]N_gigir[chariot]N"
"Q000001",132,"132","uzud[goat]N šag[heart]N sur[press]V/t","uzud šag₄ sur",0,"uzud[goat]N_šag[heart]N_sur[press]V/t"
"P271911",323,"r i 13'","illar[weapon]N","{+il-le-el}illar",0,"illar[weapon]N"
"P388265",388,"r vi 29","banšur[table]N saŋ[head]N","{ŋeš}banšurₓ(|URU×IGI|) saŋ",0,"banšur[table]N_saŋ[head]N"
"P429503",145,"r ii' 21'","gag[nail]N","{ŋeš}gag",0,"gag[nail]N"
"Q000039",139,"116","samazum[tree]N","{ŋeš}sa-ma-zum",0,"samazum[tree]N"
"P271911",564,"r iv 28","maš[~wheel]N umbin[wheel]N","maš₂ umbin",0,"maš[~wheel]N_umbin[wheel]N"
"P459218",44,"o ii 24'","ŋešellag[tool]N","ŋeš-ellag",0,"ŋešellag[tool]N"
"P271911",8,"unknown","unknown","unknown",1,"unknown"
"Q000039",236,"200","saŋ[head]N guza[chair]N","{ŋeš}saŋ gu-za",0,"saŋ[head]N_guza[chair]N"
"P459218",88,"o iv 6","{ŋeš}x[NA]NA","{ŋeš}x",0,"{ŋeš}x[NA]NA"
"P253866",106,"r i 9","ma[ship]N","{ŋeš}ma₂",0,"ma[ship]N"
"P429503",172,"r iii' 15'","manhara[vessel]N margida[cart]N","{ŋeš}nam-ha-ra mar-gid₂-da",0,"manhara[vessel]N_margida[cart]N"
"P388265",125,"r i 3","apin[plow]N","{ŋeš}apin",0,"apin[plow]N"
"P388265",153,"r i 31","anzam[vessel]N","{ŋeš}an-za-am",0,"anzam[vessel]N"
"P370399",52,"o ii 25'","ŋešnud[bed]N","ŋeš-nud",0,"ŋešnud[bed]N"
"P271911",592,"r iv 48","x[NA]NA","x",0,"x[NA]NA"
"P250736",247,"r iii 8","utul[tureen]N i[oil]N","{dug}utul₂ i₃",0,"utul[tureen]N_i[oil]N"
"P388265",258,"r iii 45","x[NA]NA gigir[chariot]N","x gigir",0,"x[NA]NA_gigir[chariot]N"
"P250363",6,"o 5'","ig[door]N i[oil]N","{ŋeš}ig i₃",0,"ig[door]N_i[oil]N"
"P370399",110,"o iv 7'","umbin[wheel]N gagsila[harness]N","{ŋeš}umbin gag-sal₄",0,"umbin[wheel]N_gagsila[harness]N"
"P459218",69,"o iii 20","gag[nail]N saŋ[head]N apin[plow]N","{ŋeš}gag saŋ apin",0,"gag[nail]N_saŋ[head]N_apin[plow]N"
"P273880",631,"d i 4'","gazinbu[pole]N","{ŋeš}gazinbu",0,"gazinbu[pole]N"
"P370399",121,"o iv 18'","umbin[wheel]N gigir[chariot]N","{ŋeš}umbin gigir",0,"umbin[wheel]N_gigir[chariot]N"
"P273880",9,"a i 5'","allanum[oak]N","{ŋeš}al-la-nu-um",0,"allanum[oak]N"
"P388265",274,"r iv 14","buniŋ[trough]N kag[mouth]N","{ŋeš}buniŋ ka",0,"buniŋ[trough]N_kag[mouth]N"
"P273880",122,"a iv 10'","e[house]N ur[root]N gu₂-x[NA]NA","{ŋeš}e₂ ur₂ gu₂-x",0,"e[house]N_ur[root]N_gu₂-x[NA]NA"
"P332934",206,"o iii 42","gag[nail]N zena[midrib]N ŋešnimbar[palm]N","{ŋeš}gag zi-na-na ŋešnimbar",0,"gag[nail]N_zena[midrib]N_ŋešnimbar[palm]N"
"P332930",28,"r 7","ma[ship]N ŋeš[sixty]NU gur[unit]N","{ŋeš}ma₂ ŋeš₂ gur",0,"ma[ship]N_ŋeš[sixty]NU_gur[unit]N"
"P247864",201,"o iv 12","{ŋeš}x[NA]NA","{ŋeš}x",0,"{ŋeš}x[NA]NA"
"P253238",12,"o 9'","usuh[tree]N tur[small]V/i","{ŋeš}u₃-suh₅ tur",0,"usuh[tree]N_tur[small]V/i"
"P271911",616,"unknown","unknown","unknown",1,"unknown"
"P332934",295,"r iii 22","ma[ship]N x-x[NA]NA","{ŋeš}ma₂ x-x",0,"ma[ship]N_x-x[NA]NA"
"P271301",200,"o iv 34","{ŋeš}NE[NA]NA asal[poplar]N","{ŋeš}NE asal₂",0,"{ŋeš}NE[NA]NA_asal[poplar]N"
"P271911",371,"r i 54'","endur[navel?]N mar[shovel]N","en₃-dur mar",0,"endur[navel?]N_mar[shovel]N"
"Q000039",116,"94","tubala[harness]N ŋešnimbar[palm]N","{ŋeš}tubaₓ(TUG₂) ŋešnimbar",0,"tubala[harness]N_ŋešnimbar[palm]N"
"P447996",57,"o iv 26","ŋeštin[vine]N nim[high]V/i","{ŋeš}ŋeštin nim",0,"ŋeštin[vine]N_nim[high]V/i"
"P297194",6,"o 5","pa[branch]N usuh[tree]N","{ŋeš}pa u₃-suh₅",0,"pa[branch]N_usuh[tree]N"
"Q000001",57,"57","udu[sheep]N zulumhi[sheep]N","udu zulumhi",0,"udu[sheep]N_zulumhi[sheep]N"
"P347814",279,"d ii 7'","alan[statue]N x[NA]NA","{ŋeš}alam x",0,"alan[statue]N_x[NA]NA"
"P346714",58,"r ii 26'","ŋušur[harrow]N","{ŋeš}gana₂-ur₃",0,"ŋušur[harrow]N"
"P250736",65,"o ii 39","muru[mat]N gid[long]V/i","{gi}muruₓ(|KID.MAH|) gid₂",0,"muru[mat]N_gid[long]V/i"
"P459216",38,"ii 6","manu[wood]N šu[hand]N ak[do]V/t","{ŋeš}ma-nu šu ak",0,"manu[wood]N_šu[hand]N_ak[do]V/t"
"P277271",5,"o 3'","x[NA]NA","x",0,"x[NA]NA"
"P271911",99,"o ii 24","garig[comb]N gal[big]V/i","ga-rig₂ gal",0,"garig[comb]N_gal[big]V/i"
"P271911",44,"o i 30'","mud[tube]N saŋkul[bolt]N","mud saŋ-kul",0,"mud[tube]N_saŋkul[bolt]N"
"P332934",359,"r iv 16","si[horn]N gigir[chariot]N","{ŋeš}si gigir",0,"si[horn]N_gigir[chariot]N"
"Q000039",768,"697","az[bear]N","{ŋeš}az",0,"az[bear]N"
"Q000001",416,"415","uzu[flesh]N akan[nipple]N","uzu akan",0,"uzu[flesh]N_akan[nipple]N"
"P253238",39,"r 16","KID.da[twig]N","{ŋeš}KID-da",0,"KID.da[twig]N"
"P247864",311,"o v 59","ma[ship]N gal[big]V/i","{ŋeš}ma₂ gu-la",0,"ma[ship]N_gal[big]V/i"
"Q000001",197,"197","gud[ox]N an[sky]N","gud an",0,"gud[ox]N_an[sky]N"
"P247864",286,"o v 34","{ŋeš}x-x-x[NA]NA","{ŋeš}x-x-x",0,"{ŋeš}x-x-x[NA]NA"
"Q000039",682,"614","tigidlu[instrument]N kaskal[way]N","{ŋeš}tigidla kaskal",0,"tigidlu[instrument]N_kaskal[way]N"
"P271771",125,"r ii 12'","emerah[jug]N tur[small]V/i","{ŋeš}emerahₓ(|UD.HUB₂|) tur",0,"emerah[jug]N_tur[small]V/i"
"Q000001",49,"49","udu[sheep]N namraʾak[booty]N","udu nam-ra-ak",0,"udu[sheep]N_namraʾak[booty]N"
"P388265",30,"unknown","unknown","unknown",7,"unknown"
"P247864",201,"o iv 12","{ŋeš}x[NA]NA","{ŋeš}x",0,"{ŋeš}x[NA]NA"
"Q000039",214,"180","guza[chair]N Meluhha[1]GN","{ŋeš}gu-za me-luh-ha",0,"guza[chair]N_Meluhha[1]GN"
"P332934",119,"o ii 36","mes[tree]N {ŋeš}|LAGAB×X|[NA]NA","{ŋeš}mes {ŋeš}|LAGAB×X|",0,"mes[tree]N_{ŋeš}|LAGAB×X|[NA]NA"
"P347814",34,"a ii 5'","saŋ[head]N balak[spindle]N","{ŋeš}saŋ balak",0,"saŋ[head]N_balak[spindle]N"
"P332930",22,"r 1","ma[ship]N sal[thin]V/i","{ŋeš}ma₂ sal",0,"ma[ship]N_sal[thin]V/i"
"P273880",568,"c iii 54","ŋušur[beam]N","{ŋeš}ŋušur",0,"ŋušur[beam]N"
"Q000039",607,"547","dala[thorn]N","{ŋeš}dala₂(|IGI.NI|)",0,"dala[thorn]N"
"Q000001",115,"115","u[ewe]N šag[heart]N sur[press]V/t","u₈ šag₄ sur",0,"u[ewe]N_šag[heart]N_sur[press]V/t"
"P271911",13,"o i 7'","ig[door]N usuh[tree]N","ig {ŋeš}u₃-suh₅",0,"ig[door]N_usuh[tree]N"
"P332934",312,"r iii 15'","ma[ship]N hedu[ornament]N","{ŋeš}ma₂ {d}he₂-du₇",0,"ma[ship]N_hedu[ornament]N"
"Q000001",383,"382","šah[pig]N namerim[oath]N","šah₂ nam-erim₂",0,"šah[pig]N_namerim[oath]N"
"P247864",265,"o v 13","niŋ[thing]N šanabi[two-thirds]N sila[unit]N","{ŋeš}niŋ₂ šanabi sila₃",0,"niŋ[thing]N_šanabi[two-thirds]N_sila[unit]N"
"P250736",6,"o i 2","gi[thicket]N gub[stand]V/i","{ŋeš}gi gub",0,"gi[thicket]N_gub[stand]V/i"
"P271911",240,"unknown","unknown","unknown",1,"unknown"
"P253866",45,"o ii 9'","guza[chair]N sirda[cnne]N","{ŋeš}gu-za sir₃-da",0,"guza[chair]N_sirda[cnne]N"
"P271301",436,"r iv 17","{ŋeš}kab-MU[NA]NA gigir[chariot]N","{ŋeš}kab-MU gigir",0,"{ŋeš}kab-MU[NA]NA_gigir[chariot]N"
"P271301",110,"o ii 58","mes[tree]N dubran[juniper]N","{ŋeš}mes dub-ra-an",0,"mes[tree]N_dubran[juniper]N"
"P346714",84,"r iii 06'","kur[wood]N","{ŋeš}kur",0,"kur[wood]N"
"P273880",615,"c iv 49","sugin[rot]N","{ŋeš}sugin",0,"sugin[rot]N"
"P253228",54,"r i 18","{ŋeš}gi-gid₂[NA]NA","{ŋeš}gi-gid₂",0,"{ŋeš}gi-gid₂[NA]NA"
"Q000039",769,"698","piriŋ[lion]N","{ŋeš}piriŋ",0,"piriŋ[lion]N"
"P273880",529,"c iii 14","ŋali[~palm]N ŋešnimbar[palm]N","{ŋeš}ŋa₂-li ŋešnimbar",0,"ŋali[~palm]N_ŋešnimbar[palm]N"
"P459218",69,"o iii 20","gag[nail]N saŋ[head]N apin[plow]N","{ŋeš}gag saŋ apin",0,"gag[nail]N_saŋ[head]N_apin[plow]N"
"P271301",186,"o iv 20","pešbandazi[offshoot]N ŋešnimbar[palm]N","{ŋeš}peš-banda₃-zi ŋešnimbar",0,"pešbandazi[offshoot]N_ŋešnimbar[palm]N"
"P459217",147,"r ii 16'","tun[container]N","{ŋeš}tun₃",0,"tun[container]N"
"P273880",498,"c ii 43","šita[weapon]N ma[ship]N","{ŋeš}šita₄ ma₂",0,"šita[weapon]N_ma[ship]N"
"P273880",406,"c i 9","tukul[weapon]N šu[hand]N","{ŋeš}tukul šu",0,"tukul[weapon]N_šu[hand]N"
"P273880",62,"unknown","unknown","unknown",9,"unknown"
"Q000039",469,"420","garig[comb]N saŋdu[head]N","{ŋeš}ga-rig₂ saŋ-du",0,"garig[comb]N_saŋdu[head]N"
"Q000001",155,"155","sila[lamb]N gaba[chest]N","sila₄ gaba",0,"sila[lamb]N_gaba[chest]N"
"P250736",247,"r iii 8","utul[tureen]N i[oil]N","{dug}utul₂ i₃",0,"utul[tureen]N_i[oil]N"
"P370399",202,"unknown","unknown","unknown",1,"unknown"
"P459217",140,"r ii 9'","{ŋeš}X-na[NA]NA","{ŋeš}X-na",0,"{ŋeš}X-na[NA]NA"
"P332934",26,"o i 22","ŋeštin[vine]N igi[eye]N gud[ox]N","{ŋeš}ŋeštin igi gud",0,"ŋeštin[vine]N_igi[eye]N_gud[ox]N"
"Q000039",762,"691","ŋešgu[stock]N","ŋeš-gu₂",0,"ŋešgu[stock]N"
"Q000001",61,"61","udu[sheep]N urri[~sheep]N","udu ur₂-ri-a",0,"udu[sheep]N_urri[~sheep]N"
"Q000039",671,"605","urzababitum[instrument]N","{ŋeš}ur-za-ba-bi₂-tum",0,"urzababitum[instrument]N"
"P253233",22,"o ii 5","baneš[container]N","{ŋeš}{+ba-an}baneš",0,"baneš[container]N"
"P437074",108,"b iii 12'","guza[chair]N kaskal[way]N","{ŋeš}gu-za kaskal",0,"guza[chair]N_kaskal[way]N"
"P332934",281,"r iii 8","ma[ship]N x[NA]NA","{ŋeš}ma₂ x",0,"ma[ship]N_x[NA]NA"
"P225062",5,"o i 2","zumdianum[tree]N","{ŋeš}zum-di-a-num₂",0,"zumdianum[tree]N"
"P235262",109,"d ii 14'","DUB.du₃[~vehicle]N ŋar[place]V/t","{ŋeš}šid-du₁₀ ŋar",0,"DUB.du₃[~vehicle]N_ŋar[place]V/t"
"P250363",6,"o 5'","ig[door]N i[oil]N","{ŋeš}ig i₃",0,"ig[door]N_i[oil]N"
"P429503",115,"r i' 19'","naŋa[mortar]N","{ŋeš}naŋa₃",0,"naŋa[mortar]N"
"P271320",41,"r i' 8'","gag[nail]N si[horn]N gigir[chariot]N","{ŋeš}gag si gigir",0,"gag[nail]N_si[horn]N_gigir[chariot]N"
"Q000001",374,"374","eme.ŠID[lizard]N","eme-ŠID",0,"eme.ŠID[lizard]N"
"P332939",57,"r ii' 1'","{ŋeš}x[NA]NA margida[cart]N","{ŋeš}x mar-gid₂-da",0,"{ŋeš}x[NA]NA_margida[cart]N"
"Q000001",417,"416","uzu[flesh]N te[cheek]N","uzu te",0,"uzu[flesh]N_te[cheek]N"
"P271911",230,"o iv 4","gag[nail]N šum[garlic]N x-x[NA]NA","gag šum₂ x-x",0,"gag[nail]N_šum[garlic]N_x-x[NA]NA"
"P271301",326,"r ii 10","emerah[jug]N tur[small]V/i","{ŋeš}emerah tur",0,"emerah[jug]N_tur[small]V/i"
"P250736",193,"r i 47","adagur[pot]N","{dug}a-da-gur₄",0,"adagur[pot]N"
"P332930",35,"unknown","unknown","unknown",1,"unknown"
"P250364",163,"unknown","unknown","unknown",999,"unknown"
"Q000039",399,"355","DUB.du₃[~vehicle]N bar[outside]V/t","{ŋeš}kišib₃-du₃ bar",0,"DUB.du₃[~vehicle]N_bar[outside]V/t"
"P253233",13,"o i 7","dilim[spoon]N","{ŋeš}dilim₂",0,"dilim[spoon]N"
"Q000039",638,"572","{ŋeš}KID[NA]NA aʾašŋar[ax]N","{ŋeš}KID a₂-ŋar",0,"{ŋeš}KID[NA]NA_aʾašŋar[ax]N"
"P409465",4,"4","ma[ship]N Idlurugu[1]DN","{ŋeš}ma₂ {d}id₂-lu₂-gu₂-ru",0,"ma[ship]N_Idlurugu[1]DN"
"P247864",436,"o vii 55'","guza[chair]N {ŋeš}x[NA]NA","{ŋeš}gu-za {ŋeš}x",0,"guza[chair]N_{ŋeš}x[NA]NA"
"Q000039",121,"99","kita[basket]N ŋešnimbar[palm]N","{ŋeš}ki-ta ŋešnimbar",0,"kita[basket]N_ŋešnimbar[palm]N"
"P346714",92,"r iii 14'","madal[pole]N","{ŋeš}mudla(BU)",0,"madal[pole]N"
"P388265",155,"r i 33","sugin[rot]N","{ŋeš}sugin",0,"sugin[rot]N"
"Q000039",608,"547a","dala[thorn]N","{ŋeš}dala₂(|IGI.NI|)",0,"dala[thorn]N"
"P271911",507,"r iii 40","x-|URU×GU|-ga[NA]NA","x-|URU×GU|-ga",0,"x-|URU×GU|-ga[NA]NA"
"P273880",86,"a iii 24'","u[planking]N ŋal[be]V/i gigir[chariot]N","{ŋeš}u₅ ŋal₂ gigir",0,"u[planking]N_ŋal[be]V/i_gigir[chariot]N"
"P370399",168,"o v 22'","naŋa[mortar]N še[barley]N","{ŋeš}naŋa₃ še",0,"naŋa[mortar]N_še[barley]N"
"P271792",19,"r 14'","x-x[NA]NA","x-x",0,"x-x[NA]NA"
"P459216",35,"ii 3","ŋipar[tree]N","{ŋeš}ŋi₆-par₄",0,"ŋipar[tree]N"
"P370399",189,"o vii 1'","ma[ship]N niš[twenty]NU gur[unit]N","{ŋeš}ma₂ niš gur",0,"ma[ship]N_niš[twenty]NU_gur[unit]N"
"P247864",159,"o iii 33","šudul[yoke]N margida[cart]N","{ŋeš}šu₂-dul₄ mar-gid₂-da",0,"šudul[yoke]N_margida[cart]N"
"P250364",74,"o iv 14","al[hoe]N zu[tooth]N min[two]NU","{ŋeš}al zu₂ min",0,"al[hoe]N_zu[tooth]N_min[two]NU"
"P271911",83,"o ii 11","minbulug[pin]N","niŋ₂-balak",0,"minbulug[pin]N"
"Q000039",233,"197","guza[chair]N gar[knob]N zabar[bronze]N ŋar[place]V/t","{ŋeš}gu-za gar₃ zabar ŋar",0,"guza[chair]N_gar[knob]N_zabar[bronze]N_ŋar[place]V/t"
"P432448",2,"unknown","unknown","unknown",999,"unknown"
"P429503",184,"r iii' 27'","igi[eye]N margida[cart]N","{ŋeš}igi mar-gid₂-da",0,"igi[eye]N_margida[cart]N"
"Q000001",484,"481","uzu[flesh]N niŋ₂-ŋidru[NA]NA","uzu niŋ₂-ŋidru",0,"uzu[flesh]N_niŋ₂-ŋidru[NA]NA"
"P247864",351,"o vi 35","mar[shovel]N x[NA]NA x[NA]NA","{ŋeš}mar x x",0,"mar[shovel]N_x[NA]NA_x[NA]NA"
"P271911",295,"o iv 56","gur[rim]N ellaŋdu[trap]N","gur₂ ellaŋ₂-du₃",0,"gur[rim]N_ellaŋdu[trap]N"
"P271911",568,"r iv 31","dih[weed]N","{+ti-hi}dih₃",0,"dih[weed]N"
"P271911",326,"r i 16'","illar[weapon]N zig[rise]V/t","illar zig₃",0,"illar[weapon]N_zig[rise]V/t"
"Q000001",116,"116","u[ewe]N sila[lamb]N utud[bear]V/t","u₈ sila₄ tud",0,"u[ewe]N_sila[lamb]N_utud[bear]V/t"
"P459218",81,"o iii 32","gag[nail]N sala[~plow]N apin[plow]N","{ŋeš}gag sal-la apin",0,"gag[nail]N_sala[~plow]N_apin[plow]N"
"P271911",287,"o iv 50","sa[net]N ŋeš[tree]N","sa ŋeš",0,"sa[net]N_ŋeš[tree]N"
"P273880",594,"c iv 28","gur[rim]N","{ŋeš}gur₂",0,"gur[rim]N"
"P247864",129,"o iii 3","kašu[~plow]N apin[plow]N","{ŋeš}ka-šu₂ apin",0,"kašu[~plow]N_apin[plow]N"
"P459225",11,"r i 6'","dimmaršu[instrument]N","{ŋeš}dim₃-mar-šu",0,"dimmaršu[instrument]N"
"P370399",64,"o iii 3'","guza[chair]N sirda[cnne]N","{ŋeš}gu-za sir₃-da",0,"guza[chair]N_sirda[cnne]N"
"P253238",32,"r 9","manu[wood]N gibil[firewood]N","{ŋeš}ma-nu gibil₂",0,"manu[wood]N_gibil[firewood]N"
"P429503",184,"r iii' 27'","igi[eye]N margida[cart]N","{ŋeš}igi mar-gid₂-da",0,"igi[eye]N_margida[cart]N"
"P459216",25,"i 23","šedug[tree]N","{ŋeš}še-dug₃",0,"šedug[tree]N"
"P459216",38,"ii 6","manu[wood]N šu[hand]N ak[do]V/t","{ŋeš}ma-nu šu ak",0,"manu[wood]N_šu[hand]N_ak[do]V/t"
"P332939",57,"r ii' 1'","{ŋeš}x[NA]NA margida[cart]N","{ŋeš}x mar-gid₂-da",0,"{ŋeš}x[NA]NA_margida[cart]N"
"P273880",135,"a iv 32'","guza[chair]N dus[bathroom]N","{ŋeš}gu-za du₁₀-us₂",0,"guza[chair]N_dus[bathroom]N"
"Q000039",661,"595","dagsi[hook]N","{ŋeš}dag-si",0,"dagsi[hook]N"
"P437074",35,"b i 3'","x[NA]NA ŋešnimbar[palm]N","x ŋešnimbar",0,"x[NA]NA_ŋešnimbar[palm]N"
"P247864",85,"o ii 22","{ŋeš}da-sur-x[NA]NA ŋešnimbar[palm]N","{ŋeš}da-sur-x ŋešnimbar",0,"{ŋeš}da-sur-x[NA]NA_ŋešnimbar[palm]N"
"P409466",5,"o 4","ma[ship]N Idlurugu[1]DN","{ŋeš}ma₂ {d}id₂-lu₂-gu₂-ru",0,"ma[ship]N_Idlurugu[1]DN"
"P388265",296,"r iv 36","dur[balk]N","{ŋeš}dur",0,"dur[balk]N"
"P346714",11,"r i 07'","{ŋeš}x[NA]NA","{ŋeš}x",0,"{ŋeš}x[NA]NA"
"P250364",144,"r iii 10'","x[NA]NA","x",0,"x[NA]NA"
"P247864",231,"o iv 42","ig[door]N azu[doctor]N","{ŋeš}ig a-zu",0,"ig[door]N_azu[doctor]N"
"P247864",94,"o ii 31","šinig[tamarisk]N","{ŋeš}šinig",0,"šinig[tamarisk]N"
"P250736",72,"o iii 6","kid[mat]N KA.izi[burning]N ana[upper]AJ","{gi}kid KA-izi an-na",0,"kid[mat]N_KA.izi[burning]N_ana[upper]AJ"
"Q000039",417,"372","manhara[vessel]N margida[cart]N","{ŋeš}nam-ha-ru-um mar-gid₂-da",0,"manhara[vessel]N_margida[cart]N"
"P250370",5,"5","samana[tree]N","{ŋeš}sa-ma-num₂",0,"samana[tree]N"
"P273880",133,"a iv 30'","guza[chair]N Magan[1]GN","{ŋeš}gu-za ma₂-gan-na",0,"guza[chair]N_Magan[1]GN"
"P388265",394,"r vi 35","ŋešla[key]N","{ŋeš}ŋeš-la₂",0,"ŋešla[key]N"
"P271911",307,"unknown","unknown","unknown",2,"unknown"
"P253233",79,"r iii 18'","ilianum[tree]N","{ŋeš}e-la-nu-um",0,"ilianum[tree]N"
"P247864",199,"o iv 10","gigir[chariot]N šu[hand]N du[suitable]V/i","{ŋeš}gigir šu du₇",0,"gigir[chariot]N_šu[hand]N_du[suitable]V/i"
"P370399",157,"o v 11'","sugin[rot]N","{ŋeš}sugin",0,"sugin[rot]N"
"P388265",306,"r iv 47","SAL.UŠ[sheath]N x[NA]NA","{ŋeš}|SAL.UŠ| x",0,"SAL.UŠ[sheath]N_x[NA]NA"
"Q000039",200,"166","guza[chair]N niŋba[gift]N","{ŋeš}gu-za niŋ₂-ba",0,"guza[chair]N_niŋba[gift]N"
"P271301",38,"o i 35","peš[fig]N Martu[1]GN","{ŋeš}peš₃ mar-tu{ki}",0,"peš[fig]N_Martu[1]GN"
"P271301",62,"o ii 10","lamgal[nut]N","{ŋeš}lam-gal",0,"lamgal[nut]N"
"P370399",166,"o v 20'","gazinbu[pole]N","{ŋeš}gazinbu(BU)",0,"gazinbu[pole]N"
"P459218",12,"o i 16'","suku[pole]N ig[door]N","{ŋeš}suku₅ ig",0,"suku[pole]N_ig[door]N"
"P228596",1,"1","ganum[stand]N gal[big]V/i","{ŋeš}gan-nu-um gu-la",0,"ganum[stand]N_gal[big]V/i"
"P388265",221,"r ii 49","guza[chair]N kaskal[way]N","{ŋeš}gu-za kaskal",0,"guza[chair]N_kaskal[way]N"
"P346714",20,"r i 24'","zara[pivot]N margida[cart]N","{ŋeš}za-ra mar-gid₂-da",0,"zara[pivot]N_margida[cart]N"
"P271301",313,"r i 41","{ŋeš}kab[NA]NA ŋešnud[bed]N","{ŋeš}kab nud",0,"{ŋeš}kab[NA]NA_ŋešnud[bed]N"
"P429503",92,"unknown","unknown","unknown",999,"unknown"
"P235262",18,"a i 14'","{ŋeš}še-x[NA]NA","{ŋeš}še-x",0,"{ŋeš}še-x[NA]NA"
"P254360",5,"o 3","saŋkul[bolt]N apin[plow]N","{ŋeš}saŋ-kul apin",0,"saŋkul[bolt]N_apin[plow]N"
"P332934",359,"r iv 16","si[horn]N gigir[chariot]N","{ŋeš}si gigir",0,"si[horn]N_gigir[chariot]N"
"Q000039",489,"437","ŋešrin[scales]N lub-lub-bi[NA]NA","ŋeš-rin₂ lub-lub-bi",0,"ŋešrin[scales]N_lub-lub-bi[NA]NA"
"P370399",52,"o ii 25'","ŋešnud[bed]N","ŋeš-nud",0,"ŋešnud[bed]N"
"P271301",223,"o iv 57","si[horn]N saŋ-KEŠ₂[NA]NA","{ŋeš}si saŋ-KEŠ₂",0,"si[horn]N_saŋ-KEŠ₂[NA]NA"
"Q000001",365,"365","pešgigua[rodent]N","peš₂-{ŋeš}gi-e-gu₇-a",0,"pešgigua[rodent]N"
"P388265",247,"r iii 26","{ŋeš}zag-ZI[NA]NA ŋešnud[bed]N","{ŋeš}zag-ZI nud",0,"{ŋeš}zag-ZI[NA]NA_ŋešnud[bed]N"
"P253228",97,"r iii 14'","{ŋeš}x-x-bar[NA]NA","{ŋeš}x-x-bar",0,"{ŋeš}x-x-bar[NA]NA"
"P271301",32,"o i 29","papal[bud]N ŋeštin[vine]N","{ŋeš}pa-pa-al ŋeštin",0,"papal[bud]N_ŋeštin[vine]N"
"Q000039",737,"666","esi[tree]N","{ŋeš}esi",0,"esi[tree]N"
"P332934",268,"unknown","unknown","unknown",999,"unknown"
"P271911",417,"r ii 26","sa[sinew]N eš[three]NU","sa uš",0,"sa[sinew]N_eš[three]NU"
"Q000001",68,"68","udu[sheep]N zuh[steal]V/t","udu zuh",0,"udu[sheep]N_zuh[steal]V/t"
"P273880",717,"d iii 8'","ŋeš[tree]N zu[tooth]N kešed[bind]V/t","ŋeš zu₂ keš₂",0,"ŋeš[tree]N_zu[tooth]N_kešed[bind]V/t"
"P225065",6,"o i 3","ig[door]N x[NA]NA","{ŋeš}ig x",0,"ig[door]N_x[NA]NA"
"P253866",108,"r i 11","ma[ship]N x[NA]NA","{ŋeš}ma₂ x",0,"ma[ship]N_x[NA]NA"
"Q000039",639,"573","{ŋeš}KID[NA]NA tukul[weapon]N mah[great]V/i","{ŋeš}KID tukul mah",0,"{ŋeš}KID[NA]NA_tukul[weapon]N_mah[great]V/i"
"P349893",11,"11","sahargid[roller]N","{ŋeš}sahar-gid₂",0,"sahargid[roller]N"
"Q000001",436,"435","uzu[flesh]N šag[heart]N","uzu šag₄",0,"uzu[flesh]N_šag[heart]N"
"Q000001",179,"179","gud[ox]N šugi[senior]N","gud šu-gi₄",0,"gud[ox]N_šugi[senior]N"
"Q000039",558,"501a","tukul[weapon]N mah[great]V/i","{ŋeš}tukul mah",0,"tukul[weapon]N_mah[great]V/i"
"P271301",53,"o ii 1","še[cone]N usuh[tree]N","{ŋeš}še u₃-suh₅",0,"še[cone]N_usuh[tree]N"
"P271301",94,"o ii 42","tir[forest]N eren[cedar]N","{ŋeš}tir {ŋeš}eren",0,"tir[forest]N_eren[cedar]N"
"P429503",7,"o i 4","halub[tree]N","{ŋeš}ha-lu-ub₂",0,"halub[tree]N"
"P447996",119,"r i 1","ŋešnimbar[palm]N izi[fire]N gu[eat]V/t","{ŋeš}ŋešnimbar izi gu₇",0,"ŋešnimbar[palm]N_izi[fire]N_gu[eat]V/t"
"P459228",2,"o 1","lamgal[nut]N","{ŋeš}lam-gal",0,"lamgal[nut]N"
"P273880",547,"c iii 32","ŋešnimbar[palm]N al-x[NA]NA","{ŋeš}ŋešnimbar al-x",0,"ŋešnimbar[palm]N_al-x[NA]NA"
"P247864",283,"o v 31","{ŋeš}x-na[NA]NA","{ŋeš}x-na",0,"{ŋeš}x-na[NA]NA"
"P250736",161,"r i 15","gihan[basket]N","gi-ha-an",0,"gihan[basket]N"
"P273880",361,"b iv 24","gur[rim]N harmušen[snare]N","{ŋeš}gur₂ har-mušen-na",0,"gur[rim]N_harmušen[snare]N"
"P253233",35,"r i 3'","mirišŋara[tree]N","{ŋeš}mi-ri₂-iš-ŋa₂-ra",0,"mirišŋara[tree]N"
"Q000039",654,"588","mar[shovel]N zabar[bronze]N","{ŋeš}mar zabar",0,"mar[shovel]N_zabar[bronze]N"
"P273880",643,"d i 23'","ŋešpaphalla[trap?]N","ŋeš-pap-hal-la",0,"ŋešpaphalla[trap?]N"
"P437074",119,"b iii 5''","{ŋeš}x[NA]NA","{ŋeš}x",0,"{ŋeš}x[NA]NA"
"P271771",110,"r i 16'","šuʾa[stool]N tibira[sculptor]N","{ŋeš}šuaₓ(|ŠU₂×(A.DIŠ)|) tibira(|URUDA.NAGAR|)",0,"šuʾa[stool]N_tibira[sculptor]N"
"P459218",40,"o ii 20'","mete[appropriate-thing]N balak[spindle]N","{ŋeš}me-te balak",0,"mete[appropriate-thing]N_balak[spindle]N"
"P459217",162,"r iii 19","guza[chair]N niŋniŋina[assembly]N","{ŋeš}gu-za niŋ₂-niŋin₂-na",0,"guza[chair]N_niŋniŋina[assembly]N"
"P271320",60,"r ii' 8'","gag[nail]N umbin[wheel]N margida[cart]N","{ŋeš}gag umbin mar-gid₂-da",0,"gag[nail]N_umbin[wheel]N_margida[cart]N"
"P429503",84,"o iii 23","ŋešnimbar[palm]N x[NA]NA","{ŋeš}ŋešnimbar x",0,"ŋešnimbar[palm]N_x[NA]NA"
"P370399",159,"o v 13'","sugin[rot]N","{ŋeš}sugin",0,"sugin[rot]N"
"P271301",363,"r ii 47","ma[ship]N x[NA]NA","{ŋeš}ma₂ x",0,"ma[ship]N_x[NA]NA"
"P437074",114,"unknown","unknown","unknown",999,"unknown"
"P253866",77,"o iii 10'","{ŋeš}a[NA]NA in-x-x[NA]NA","{ŋeš}a in-x-x",0,"{ŋeš}a[NA]NA_in-x-x[NA]NA"
"Q000039",771,"700","ur[dog]N","{ŋeš}ur",0,"ur[dog]N"
"P332939",11,"o i 8","ŋešgana[tree]N giggi[black]V/i","ŋeš-kin₂ giggi",0,"ŋešgana[tree]N_giggi[black]V/i"
"P346714",132,"r iv 12'","sa[net]N x[NA]NA","{ŋeš}sa x",0,"sa[net]N_x[NA]NA"
"P271301",392,"r iii 25","buru[harvest]N ma[ship]N","{ŋeš}gur₇ ma₂",0,"buru[harvest]N_ma[ship]N"
"P346866",2,"o 1","gilim[foliage]N ana[upper]AJ","{ŋeš}gilim an-na",0,"gilim[foliage]N_ana[upper]AJ"
"P271911",265,"o iv 31","ya[five]NU giŋ[unit]N","ia₂ giŋ₄",0,"ya[five]NU_giŋ[unit]N"
"P332939",58,"r ii' 2'","gag[nail]N x[NA]NA margida[cart]N","{ŋeš}gag x mar-gid₂-da",0,"gag[nail]N_x[NA]NA_margida[cart]N"
"P273880",266,"b ii 59","laharuhšu[quiver-(for-chariot)]N","{ŋeš}la-ha-ru-uh₂-šu",0,"laharuhšu[quiver-(for-chariot)]N"
"P247864",378,"o vi 62","harmušen[snare]N","{ŋeš}har-mušen",0,"harmušen[snare]N"
"P437074",127,"b iii 13''","{ŋeš}x-x[NA]NA","{ŋeš}x-x",0,"{ŋeš}x-x[NA]NA"
"P250736",299,"r iv 17","im[clay]N guʾena[silt]N","im gu₂-en-na",0,"im[clay]N_guʾena[silt]N"
"Q000039",535,"479","alšub[tool]N","{ŋeš}al-šub",0,"alšub[tool]N"
"P370399",172,"o v 26'","gal[big]V/i UD-HUB₂-x[NA]NA","{ŋeš}gal UD-HUB₂-x",0,"gal[big]V/i_UD-HUB₂-x[NA]NA"
"P272243",41,"unknown","unknown","unknown",1,"unknown"
"P273880",423,"c i 26","dur[board]N šeg[brick]N alura[baked]AJ","{ŋeš}dur₂ šeg₁₂ al-ur₃-ra",0,"dur[board]N_šeg[brick]N_alura[baked]AJ"
"P459226",34,"o ii 14'","manu[wood]N šu[hand]N ak[do]V/t","{ŋeš}ma-nu šu ak",0,"manu[wood]N_šu[hand]N_ak[do]V/t"
"P250363",16,"r 3","siŋar[bolt]N","{ŋeš}si-ŋar",0,"siŋar[bolt]N"
"P347814",118,"unknown","unknown","unknown",2,"unknown"
"P271911",180,"o iii 26'","šusaŋ[compressor]N apin[plow]N","su-saŋ-ŋa₂ apin",0,"šusaŋ[compressor]N_apin[plow]N"
"P346714",85,"r iii 07'","esi[tree]N","{ŋeš}esi",0,"esi[tree]N"
"P271911",248,"unknown","unknown","unknown",1,"unknown"
"P332934",319,"r iii 22'","igi[face]N ma[ship]N","{ŋeš}igi ma₂",0,"igi[face]N_ma[ship]N"
"P437074",40,"b i 1''","kišighar[tree]N x[NA]NA","{ŋeš}kišig₂-har x",0,"kišighar[tree]N_x[NA]NA"
"P247864",297,"o v 45","magur[barge]N","{ŋeš}ma₂-kar",0,"magur[barge]N"
"P273880",556,"c iii 41","ŋešnimbar[palm]N x-ni[NA]NA x[NA]NA","{ŋeš}ŋešnimbar x-ni x",0,"ŋešnimbar[palm]N_x-ni[NA]NA_x[NA]NA"
"P250364",69,"o iv 9","al[hoe]N saŋ[head]N ŋal[be]V/i","{ŋeš}al saŋ ŋal₂",0,"al[hoe]N_saŋ[head]N_ŋal[be]V/i"
"Q000039",613,"551a","luguda[object]N","{ŋeš}lugud₂-da",0,"luguda[object]N"
"P273880",545,"c iii 30","ŋešnimbar[palm]N izi[fire]N gu[eat]V/t","{ŋeš}ŋešnimbar izi gu₇",0,"ŋešnimbar[palm]N_izi[fire]N_gu[eat]V/t"
"P296528",14,"r v 1'","urnum[cedar]N","{ŋeš}ur-nu-um",0,"urnum[cedar]N"
"P388265",37,"ii 20","tir[forest]N eh[insect]N gu[eat]V/t","{ŋeš}tir eh gu₇",0,"tir[forest]N_eh[insect]N_gu[eat]V/t"
"Q000039",244,"208","šuʾa[stool]N tibira[sculptor]N","{ŋeš}šu₂-a tibira",0,"šuʾa[stool]N_tibira[sculptor]N"
"P388265",154,"r i 32","sugin[rot]N","{ŋeš}sugin",0,"sugin[rot]N"
"P459216",112,"r i 17'","šuʾa[stool]N x[NA]NA","{ŋeš}šu₂-a x",0,"šuʾa[stool]N_x[NA]NA"
"P271301",414,"r iii 47","eškiri[rope]N","{ŋeš}eškiri₂",0,"eškiri[rope]N"
"Q000039",369,"327","e[house]N gigir[chariot]N","{ŋeš}e₂ gigir",0,"e[house]N_gigir[chariot]N"
"P347814",130,"b ii 14'","{ŋeš}x[NA]NA","{ŋeš}x",0,"{ŋeš}x[NA]NA"
"P271301",87,"o ii 35","manu[wood]N x[NA]NA","{ŋeš}ma-nu x",0,"manu[wood]N_x[NA]NA"
"Q000039",663,"597","balaŋ[instrument]N","{ŋeš}balaŋ",0,"balaŋ[instrument]N"
"P388265",226,"r iii 5","guza[chair]N munus[woman]N","{ŋeš}gu-za munus",0,"guza[chair]N_munus[woman]N"
"P271911",400,"r ii 14","ŋešpu[rim]N harmušen[snare]N","ŋešpu₂ har-mušen",0,"ŋešpu[rim]N_harmušen[snare]N"
"P332934",274,"unknown","unknown","unknown",999,"unknown"
"P250364",152,"r iii 18'","{ŋeš}niŋ₂-x[NA]NA bur[bowl]N","{ŋeš}niŋ₂-x bur",0,"{ŋeš}niŋ₂-x[NA]NA_bur[bowl]N"
"P273880",118,"a iv 6'","saŋkul[bolt]N nim[high]V/i","{ŋeš}saŋ-kul nim",0,"saŋkul[bolt]N_nim[high]V/i"
"P370399",202,"unknown","unknown","unknown",1,"unknown"
"P389511",12,"o 11","kamisarru[pear-tree]N","{ŋeš}ka-ma-sar-ru-um",0,"kamisarru[pear-tree]N"
"P271911",489,"r iii 26","hal-meš[NA]NA","hal-meš",0,"hal-meš[NA]NA"
"P447996",198,"r ii 35","ma[ship]N Magan[1]GN","{ŋeš}ma₂ ma₂-gan-na",0,"ma[ship]N_Magan[1]GN"
"P235262",46,"c ii 22'","x[NA]NA kuŋ[stair]N","x kun₅",0,"x[NA]NA_kuŋ[stair]N"
"Q000001",72,"72","udu[sheep]N kurušda[fattener]N","udu kurušda",0,"udu[sheep]N_kurušda[fattener]N"
"Q000001",134,"134","mašgal[goat]N","maš₂-gal",0,"mašgal[goat]N"
"P459218",9,"o i 13'","ig[door]N miriza[plank]N","{ŋeš}ig mi-ri₂-za",0,"ig[door]N_miriza[plank]N"
"P271911",233,"unknown","unknown","unknown",1,"unknown"
"P347814",268,"unknown","unknown","unknown",9,"unknown"
"P347814",154,"c i 9'","ninda[vessel]N","{ŋeš}ninda₂",0,"ninda[vessel]N"
"P273880",119,"a iv 7'","eš[rope]N saŋkul[bolt]N","{ŋeš}eš₂ saŋ-kul",0,"eš[rope]N_saŋkul[bolt]N"
"P296528",5,"o 4","ŋešnimbar[palm]N suhuš[offshoot]N","{ŋeš}ŋešnimbar suhušₓ(TUR)",0,"ŋešnimbar[palm]N_suhuš[offshoot]N"
"P271519",5,"unknown","unknown","unknown",1,"unknown"
"P459216",17,"i 15","peš[fig]N Mari[1]SN","{ŋeš}peš₃ ma₂-ri₂",0,"peš[fig]N_Mari[1]SN"
"P389511",8,"o 7","šiqdum[almond]N","{ŋeš}ši-iq-du-um",0,"šiqdum[almond]N"
"P459216",190,"r iv 22'","ŋirigub[footstool]N margida[cart]N","{ŋeš}ŋiri₃-gub mar-gid₂-da",0,"ŋirigub[footstool]N_margida[cart]N"
"P273880",16,"a i 12'","ŋeštin[vine]N","{ŋeš}ŋeštin",0,"ŋeštin[vine]N"
"P253233",67,"r ii 17'","peš[fig]N kur[mountain]N","{ŋeš}peš₃ kur",0,"peš[fig]N_kur[mountain]N"
"Q000039",295,"259","tukul[weapon]N naŋasikaz[pestle]N","{ŋeš}tukul naŋa₃-si₃-gaz",0,"tukul[weapon]N_naŋasikaz[pestle]N"
"P346714",107,"r iii 29'","alšub[tool]N","{ŋeš}al-šub",0,"alšub[tool]N"
"P332934",98,"o ii 15","manu[wood]N šu[hand]N","{ŋeš}ma-nu šu",0,"manu[wood]N_šu[hand]N"
"P273880",663,"d i 47'","niŋ[thing]N šukara[tool]N","{ŋeš}niŋ₂ šu-kar₂",0,"niŋ[thing]N_šukara[tool]N"
"P349859",2,"02'","sa[net]N igi[eye]N gal[big]V/i","{ŋeš}sa igi gal-gal",0,"sa[net]N_igi[eye]N_gal[big]V/i"
"P273880",379,"b iv 46","gag[nail]N šum[garlic]N širdili[~garlic]N","{ŋeš}gag šum₂ šir-dili",0,"gag[nail]N_šum[garlic]N_širdili[~garlic]N"
"Q000001",478,"475","uzu[flesh]N birri[kidney]N","uzu bir-ri",0,"uzu[flesh]N_birri[kidney]N"
"P388265",301,"r iv 42","{ŋeš}x[NA]NA","{ŋeš}x",0,"{ŋeš}x[NA]NA"
"P247864",279,"o v 27","naŋa[mortar]N","{ŋeš}naŋa₃(|GUM×ŠE|)",0,"naŋa[mortar]N"
"Q000039",173,"145b","{ŋeš}kal-la-bi[NA]NA","{ŋeš}kal-la-bi",0,"{ŋeš}kal-la-bi[NA]NA"
"P347814",171,"c i 26'","ganum[stand]N kaš[beer]N","{ŋeš}ga-an-nu kaš",0,"ganum[stand]N_kaš[beer]N"
"P224994",6,"o i 3","{ŋeš}šu-x[NA]NA","{ŋeš}šu-x",0,"{ŋeš}šu-x[NA]NA"
"P459218",89,"o iv 7","{ŋeš}x[NA]NA","{ŋeš}x",0,"{ŋeš}x[NA]NA"
"P250736",172,"r i 26","gi[reed]N šu[hand]N ban[unit]N","gi šu ba-an",0,"gi[reed]N_šu[hand]N_ban[unit]N"
"P250364",124,"r ii 9'","{ŋeš}x[NA]NA","{ŋeš}x",0,"{ŋeš}x[NA]NA"
"P271911",564,"r iv 28","maš[~wheel]N umbin[wheel]N","maš₂ umbin",0,"maš[~wheel]N_umbin[wheel]N"
"P250364",92,"o v 13","sa[net]N harmušen[snare]N","{ŋeš}sa har-mušen-na",0,"sa[net]N_harmušen[snare]N"
"Q000039",522,"466","anzam[vessel]N apin[plow]N","{ŋeš}an-za-am apin",0,"anzam[vessel]N_apin[plow]N"
"P271911",354,"r i 38'","mar[shovel]N","mar",0,"mar[shovel]N"
"P247864",307,"o v 55","dim[post]N ma[ship]N","{ŋeš}dim ma₂",0,"dim[post]N_ma[ship]N"
"P271911",279,"o iv 43","sa[net]N tur[small]V/i","sa tur",0,"sa[net]N_tur[small]V/i"
"P271911",414,"r ii 24","tigidlu[instrument]N kaskal[way]N","tigidla kaskal",0,"tigidlu[instrument]N_kaskal[way]N"
"Q000039",639,"573","{ŋeš}KID[NA]NA tukul[weapon]N mah[great]V/i","{ŋeš}KID tukul mah",0,"{ŋeš}KID[NA]NA_tukul[weapon]N_mah[great]V/i"
"P273880",545,"c iii 30","ŋešnimbar[palm]N izi[fire]N gu[eat]V/t","{ŋeš}ŋešnimbar izi gu₇",0,"ŋešnimbar[palm]N_izi[fire]N_gu[eat]V/t"
"Q000039",283,"247","kuŋ[stair]N bad[wall]N","{ŋeš}kuŋ₄ bad₃",0,"kuŋ[stair]N_bad[wall]N"
"P271320",36,"unknown","unknown","unknown",1,"unknown"
"P247864",326,"o vi 10","{ŋeš}x[NA]NA","{ŋeš}x",0,"{ŋeš}x[NA]NA"
"P429503",42,"o ii 11","ildag[poplar]N šitan[water-channel]N","{ŋeš}ildag₂ še-de₂-n·a",0,"ildag[poplar]N_šitan[water-channel]N"
"Q000001",495,"491","uzu[flesh]N uš[membrane]N","uzu |E₂×SAL|",0,"uzu[flesh]N_uš[membrane]N"
"Q000039",335,"295","Magurnubzu[1]ON","{ŋeš}ma₂-gur₈-nu-ub-zu",0,"Magurnubzu[1]ON"
"P250736",22,"o i 18","giniŋsig[fence]N","gi-niŋ₂-sig-ga",0,"giniŋsig[fence]N"
"Q000039",237,"201","ŋešdi[rung]N guza[chair]N","ŋeš-di₅ gu-za",0,"ŋešdi[rung]N_guza[chair]N"
"P273880",325,"b iii 53","x[NA]NA","x",0,"x[NA]NA"
"P253245",19,"o 15","ŋirigub[footstool]N","{ŋeš}ŋiri₃-gub",0,"ŋirigub[footstool]N"
"P429504",24,"o iii' 5","{ŋeš}gurun-kiš[NA]NA","{ŋeš}gurun-kiš",0,"{ŋeš}gurun-kiš[NA]NA"
"P437074",32,"unknown","unknown","unknown",999,"unknown"
"Q000001",29,"29","udu[sheep]N gum[mange]N šub[fall]V/t","udu gan šub",0,"udu[sheep]N_gum[mange]N_šub[fall]V/t"
"P273880",159,"b i 2'","x[NA]NA lugal[king]N","x lugal",0,"x[NA]NA_lugal[king]N"
"P271301",78,"o ii 26","manu[wood]N ah[dry]V/i","{ŋeš}ma-nu e₃",0,"manu[wood]N_ah[dry]V/i"
"P250736",128,"o iv 21","dur[ax]N dili[single]V/i","{gi}dur₁₀ dili",0,"dur[ax]N_dili[single]V/i"
"P271301",90,"o ii 38","manu[wood]N ŋeš[tree]N kalag[strong]V/i","{ŋeš}ma-nu ŋeš kalag",0,"manu[wood]N_ŋeš[tree]N_kalag[strong]V/i"
"P388265",136,"r i 14","{ŋeš}x[NA]NA apin[plow]N","{ŋeš}x apin",0,"{ŋeš}x[NA]NA_apin[plow]N"
"Q000039",370,"328","e[house]N usan[whip]N gigir[chariot]N","{ŋeš}e₂ usan₃ gigir",0,"e[house]N_usan[whip]N_gigir[chariot]N"
"P277271",9,"o 7'","x[NA]NA","x",0,"x[NA]NA"
"P247864",285,"o v 33","{ŋeš}x-x[NA]NA","{ŋeš}x-x",0,"{ŋeš}x-x[NA]NA"
"P346714",83,"r iii 05'","ŋeškur[tree]N","ŋeš-kur",0,"ŋeškur[tree]N"
"P388265",4,"i 6","mes[tree]N giggi[black]V/i","{ŋeš}mes giggi",0,"mes[tree]N_giggi[black]V/i"
"P228105",22,"r ii 2","namulum[wooden-object]N","{ŋeš}na-mu-ul-lum",0,"namulum[wooden-object]N"
"P250369",4,"2","pešmur[~palm]N ŋešnimbar[palm]N","{ŋeš}peš-mur₇ ŋešnimbar",0,"pešmur[~palm]N_ŋešnimbar[palm]N"
"P273880",192,"b i 42'","ŋešnud[bed]N aški[rushes]N du[build]V/t","ŋeš-nud {+a}aški du₃",0,"ŋešnud[bed]N_aški[rushes]N_du[build]V/t"
"P250736",188,"r i 42","amamsab[jar]N","{gi}am-ma-am-sab",0,"amamsab[jar]N"
"P297195",2,"o 1","{ŋeš}ad-x[NA]NA","{ŋeš}ad-x",0,"{ŋeš}ad-x[NA]NA"
"P271911",134,"o ii 54","ŋešrin[scales]N zala[smashed]N","rin₂ zag-lal₂",0,"ŋešrin[scales]N_zala[smashed]N"
"P271301",202,"o iv 36","ad[bush]N","{ŋeš}ad₂",0,"ad[bush]N"
"P250736",57,"o ii 31","dur[bond]N sig[weak]V/i","{gi}dur sig",0,"dur[bond]N_sig[weak]V/i"
"P247864",218,"o iv 29","balak[spindle]N","{ŋeš}balak",0,"balak[spindle]N"
"P459218",123,"r i 9","tukul[weapon]N kun[tail]N","{ŋeš}tukul kun",0,"tukul[weapon]N_kun[tail]N"
"P250364",42,"o ii 17","apin[plow]N kešed[bind]V/t","{ŋeš}apin keš₂-r·a",0,"apin[plow]N_kešed[bind]V/t"
"P273880",321,"b iii 49","{ŋeš}LAGAB[NA]NA illar[weapon]N","{ŋeš}LAGAB illar",0,"{ŋeš}LAGAB[NA]NA_illar[weapon]N"
"P459216",67,"iii 6","pakud[~tree]N ŋešnimbar[palm]N","{ŋeš}pa-kud ŋešnimbar",0,"pakud[~tree]N_ŋešnimbar[palm]N"
"P271771",103,"r i 9'","na[box]N šu[hand]N","{ŋeš}na šu",0,"na[box]N_šu[hand]N"
"P347814",249,"d i 4'","šaŋanla[trader]N","{ŋeš}šaŋan-la₂",0,"šaŋanla[trader]N"
"P332934",14,"o i 10","{ŋeš}bar-ŋeš[NA]NA gunu[speckled]V/i","{ŋeš}bar-ŋeš gun₃",0,"{ŋeš}bar-ŋeš[NA]NA_gunu[speckled]V/i"
"P332934",349,"r iv 6","gigir[chariot]N gi[reed]N aʾabak[sea]N","{ŋeš}gigir gi a-ab-ba",0,"gigir[chariot]N_gi[reed]N_aʾabak[sea]N"
"P271792",6,"o 3'","x[NA]NA","x",0,"x[NA]NA"
"P225086",5,"o i 2","niŋ[thing]N x[NA]NA","{ŋeš}niŋ₂ x",0,"niŋ[thing]N_x[NA]NA"
"Q000039",308,"271","ma[ship]N šukud[fisherman]N","{ŋeš}ma₂ šu-HA@g",0,"ma[ship]N_šukud[fisherman]N"
"P429503",73,"o iii 12","ŋešnimbar[palm]N x[NA]NA","{ŋeš}ŋešnimbar x",0,"ŋešnimbar[palm]N_x[NA]NA"
"Q000001",54,"54","udu[sheep]N barsuga[~sheep]AJ","udu bar-sug₄",0,"udu[sheep]N_barsuga[~sheep]AJ"
"P247864",82,"o ii 19","{ŋeš}x[NA]NA ŋešnimbar[palm]N","{ŋeš}x ŋešnimbar",0,"{ŋeš}x[NA]NA_ŋešnimbar[palm]N"
"P429503",154,"r ii' 30'","eškiri[rope]N","{ŋeš}eškiri",0,"eškiri[rope]N"
"P128345",4,"o 3","garig[comb]N saŋdu[head]N","{ŋeš}ga-rig₂ saŋ-du",0,"garig[comb]N_saŋdu[head]N"
"Q000001",102,"102","udu[sheep]N giggi[black]V/i","udu giggi",0,"udu[sheep]N_giggi[black]V/i"
"P250736",238,"r ii 42","silim[vessel]N","{dug}{+silim}silim₂",0,"silim[vessel]N"
"P347814",196,"c ii 2'","ŋeš[tree]N 11[NA]NA x[NA]NA","ŋeš 11 x",0,"ŋeš[tree]N_11[NA]NA_x[NA]NA"
"P346714",23,"r i 27'","dub[knee]N bar[outside]V/t margida[cart]N","{ŋeš}dub₃ bar mar-gid₂-da",0,"dub[knee]N_bar[outside]V/t_margida[cart]N"
"P388265",186,"r ii 13","ŋušur[harrow]N","{ŋeš}gana₂-ur₃",0,"ŋušur[harrow]N"
"P388265",157,"r i 35","esi[tree]N","{ŋeš}esi",0,"esi[tree]N"
"P271911",571,"r iv 33","dih[weed]N kur[mountain]N","dih₃ kur",0,"dih[weed]N_kur[mountain]N"
"P235262",96,"d ii 1'","x[NA]NA KAK-x[NA]NA gigir[chariot]N","x KAK-x gigir",0,"x[NA]NA_KAK-x[NA]NA_gigir[chariot]N"
"P271911",391,"r ii 7","zabitum[lyre]N","še-bi-tum",0,"zabitum[lyre]N"
"P332934",89,"o ii 6","manu[wood]N ah[dry]V/i","{ŋeš}ma-nu e₃",0,"manu[wood]N_ah[dry]V/i"
"P447996",201,"r ii 38","ma[ship]N sil[split]V/i","{ŋeš}ma₂ zil",0,"ma[ship]N_sil[split]V/i"
"Q000001",429,"428","uzu[flesh]N gag[nail]N ti[rib]N","uzu gag ti",0,"uzu[flesh]N_gag[nail]N_ti[rib]N"
"P459217",44,"ii 20'","nurma[pomegranate]N","{ŋeš}nu-ur₂-ma",0,"nurma[pomegranate]N"
"P332934",136,"o ii 53","tiʾarum[tree]N","{ŋeš}ti-i-lum",0,"tiʾarum[tree]N"
"P250362",5,"5","šibir[staff]N šudu[equipped]AJ","{ŋeš}šibir šu-du₈",0,"šibir[staff]N_šudu[equipped]AJ"
"P249794",11,"r 4","mar[shovel]N x[NA]NA","{ŋeš}mar x",0,"mar[shovel]N_x[NA]NA"
"P250736",175,"r i 29","gakkul[mash-tub]N kaš[beer]N","{gi}gakkul₃ kaš",0,"gakkul[mash-tub]N_kaš[beer]N"
"P271911",520,"r iii 50","šag[heart]N ninda[bull]N","šag₄ ninda₂",0,"šag[heart]N_ninda[bull]N"
"Q000039",671,"605","urzababitum[instrument]N","{ŋeš}ur-za-ba-bi₂-tum",0,"urzababitum[instrument]N"
"P447996",103,"o v 28","ligima[shoot]N","{ŋeš}ligima(|IGI.TUR.TUR|)",0,"ligima[shoot]N"
"P347814",115,"b i 45'","x[NA]NA $KID[NA]NA","x $KID",0,"x[NA]NA_$KID[NA]NA"
"P459218",107,"o iv 28","{ŋeš}MA-dim[NA]NA","{ŋeš}MA-dim",0,"{ŋeš}MA-dim[NA]NA"
"P273880",61,"a ii 35'","apin[plow]N šudu[equipped]AJ","{ŋeš}apin šu-du₈-a",0,"apin[plow]N_šudu[equipped]AJ"
"P388265",435,"t.e. iii 7","{ŋeš}x[NA]NA","{ŋeš}x",0,"{ŋeš}x[NA]NA"
"P459217",96,"iv 18","he₂.BAD[trimmings]N ŋešnimbar[palm]N","{ŋeš}he₂-BAD ŋešnimbar",0,"he₂.BAD[trimmings]N_ŋešnimbar[palm]N"
"P347814",209,"c ii 15","niŋ[thing]N ya[five]NU giŋ[unit]N","{ŋeš}niŋ₂ ia₂ giŋ₄",0,"niŋ[thing]N_ya[five]NU_giŋ[unit]N"
"Q000001",506,"502","uzu[flesh]N inŋar[colon]N","uzu in-ŋar",0,"uzu[flesh]N_inŋar[colon]N"
"P271911",495,"unknown","unknown","unknown",1,"unknown"
"P247864",223,"o iv 34","zara[pivot]N x[NA]NA ig[door]N","{ŋeš}za-ra x ig",0,"zara[pivot]N_x[NA]NA_ig[door]N"
"P235262",25,"unknown","unknown","unknown",999,"unknown"
"P247864",353,"o vi 37","{ŋeš}x-x-ni[NA]NA","{ŋeš}x-x-ni",0,"{ŋeš}x-x-ni[NA]NA"
"P271301",58,"o ii 6","šimgig[tree]N","{ŋeš}šim-gig",0,"šimgig[tree]N"
"P271771",99,"r i 5'","umbin[base]N guza[chair]N","{ŋeš}niŋ₂-umbin gu-za",0,"umbin[base]N_guza[chair]N"
"P332934",46,"o i 42","hašhur[apple]N baza[dwarf]N","{ŋeš}hašhur ba-an-za",0,"hašhur[apple]N_baza[dwarf]N"
"P253866",61,"o ii 25'","guza[chair]N šah[pig]N šum[slaughter]V/t","{ŋeš}gu-za šah₂ šum",0,"guza[chair]N_šah[pig]N_šum[slaughter]V/t"
"P273880",44,"a ii 11'","damga[~plow]N apin[plow]N","{ŋeš}da-ga apin",0,"damga[~plow]N_apin[plow]N"
"Q000001",201,"201","gud[ox]N ki[place]N ŋar[place]V/t","gud ki ŋar",0,"gud[ox]N_ki[place]N_ŋar[place]V/t"
"P271911",29,"o i 20'","x[NA]NA","x",0,"x[NA]NA"
"P332934",45,"o i 41","hašhur[apple]N aʾabak[sea]N","{ŋeš}hašhur a-ab-ba",0,"hašhur[apple]N_aʾabak[sea]N"
"P273880",597,"c iv 31","gur[rim]N balaŋ[instrument]N","{ŋeš}gur₂ balaŋ",0,"gur[rim]N_balaŋ[instrument]N"
"P459216",12,"i 10","ŋeštin[vine]N","{ŋeš}ŋeštin",0,"ŋeštin[vine]N"
"P492330",41,"unknown","unknown","unknown",999,"unknown"
"P388265",179,"r ii 6","guza[chair]N margida[cart]N","{ŋeš}gu-za mar-gid₂-da",0,"guza[chair]N_margida[cart]N"
"P247864",82,"o ii 19","{ŋeš}x[NA]NA ŋešnimbar[palm]N","{ŋeš}x ŋešnimbar",0,"{ŋeš}x[NA]NA_ŋešnimbar[palm]N"
"P250364",147,"r iii 13'","{ŋeš}x[NA]NA","{ŋeš}x",0,"{ŋeš}x[NA]NA"
"Q000001",238,"238","anše[equid]N","anše",0,"anše[equid]N"
"P271301",269,"o v 42'","guza[chair]N taškarin[boxwood]N","{ŋeš}gu-za {ŋeš}taškarin",0,"guza[chair]N_taškarin[boxwood]N"
"P271301",53,"o ii 1","še[cone]N usuh[tree]N","{ŋeš}še u₃-suh₅",0,"še[cone]N_usuh[tree]N"
"P250364",128,"r ii 13'","{ŋeš}niŋ₂-dim₂-dim₂-ma[NA]NA","{ŋeš}niŋ₂-dim₂-dim₂-ma",0,"{ŋeš}niŋ₂-dim₂-dim₂-ma[NA]NA"
"P277271",9,"o 7'","x[NA]NA","x",0,"x[NA]NA"
"X100003",2,"o 1","taškarin[boxwood]N","{ŋeš}taškarin",0,"taškarin[boxwood]N"
"P271911",349,"r i 35'","mud[blood]N niŋgul[hatchet]N","mud niŋ₂-gul",0,"mud[blood]N_niŋgul[hatchet]N"
"P492330",18,"o ii 1","tukul[weapon]N ŋeš-UD-x[NA]NA","{ŋeš}tukul ŋeš-UD-x",0,"tukul[weapon]N_ŋeš-UD-x[NA]NA"
"Q000039",519,"463","leʾum[board]N apin[plow]N","{ŋeš}le apin",0,"leʾum[board]N_apin[plow]N"
"P447996",211,"r iii 12","x[NA]NA ma[ship]N","x ma₂",0,"x[NA]NA_ma[ship]N"
"Q000039",118,"96","uluh[sapling]N ŋešnimbar[palm]N","{ŋeš}u₃-luh ŋešnimbar",0,"uluh[sapling]N_ŋešnimbar[palm]N"
"P247864",143,"o iii 17","x[NA]NA margida[cart]N","x mar-gid₂-da",0,"x[NA]NA_margida[cart]N"
"P332930",5,"o 3","maʾu[barge]N","{ŋeš}ma₂-u₅",0,"maʾu[barge]N"
"P247864",4,"o i 1","eren[cedar]N","{ŋeš}eren",0,"eren[cedar]N"
"P347814",43,"a ii 14'","{ŋeš}x[NA]NA","{ŋeš}x",0,"{ŋeš}x[NA]NA"
"P247864",93,"o ii 30","{ŋeš}x[NA]NA babbar[white]V/i","{ŋeš}x babbar",0,"{ŋeš}x[NA]NA_babbar[white]V/i"
"P271771",18,"o ii 16","lamhal[nut]N","{ŋeš}lam-hal",0,"lamhal[nut]N"
"P346714",96,"r iii 18'","sahargid[roller]N","{ŋeš}sahar-gid₂",0,"sahargid[roller]N"
"P429503",54,"o ii 23","manu[wood]N gibil[firewood]N","{ŋeš}ma-nu {ŋeš}gibil₂",0,"manu[wood]N_gibil[firewood]N"
"Q000039",596,"537","ŋidru[scepter]N harmušen[snare]N","{ŋeš}ŋidru har-mušen-na",0,"ŋidru[scepter]N_harmušen[snare]N"
"P492330",24,"o ii 7","tukul[weapon]N mahdi[exalted]AJ","{ŋeš}tukul mah-di",0,"tukul[weapon]N_mahdi[exalted]AJ"
"Q000039",417,"372","manhara[vessel]N margida[cart]N","{ŋeš}nam-ha-ru-um mar-gid₂-da",0,"manhara[vessel]N_margida[cart]N"
"P253866",42,"o ii 6'","guza[chair]N","{ŋeš}gu-za",0,"guza[chair]N"
"P346714",133,"r iv 13'","sa[net]N x[NA]NA","{ŋeš}sa x",0,"sa[net]N_x[NA]NA"
"P250364",31,"o ii 6","{ŋeš}x-x[NA]NA margida[cart]N","{ŋeš}x-x mar-gid₂-da",0,"{ŋeš}x-x[NA]NA_margida[cart]N"
"Q000001",462,"460","uzu[flesh]N terzum[presentation]N","uzu te-er-zum",0,"uzu[flesh]N_terzum[presentation]N"
"Q000039",132,"109","numun[seed]N asal[poplar]N","{ŋeš}numun asal₂",0,"numun[seed]N_asal[poplar]N"
"P273880",574,"c iv 6","{ŋeš}gal-x[NA]NA","{ŋeš}gal-x",0,"{ŋeš}gal-x[NA]NA"
"P347814",155,"c i 10'","ninda[vessel]N","{ŋeš}ninda₂",0,"ninda[vessel]N"
"P271911",318,"r i 9'","masatum[lance?]N","mi-ši-zum",0,"masatum[lance?]N"
"P273880",316,"b iii 44","alŋar[instrument]N","{ŋeš}al-ŋar",0,"alŋar[instrument]N"
"P228196",23,"23","{ŋeš}{+da-ag}dag[NA]NA","{ŋeš}{+da-ag}dag",0,"{ŋeš}{+da-ag}dag[NA]NA"
"P459217",177,"r iv 11","guza[chair]N halub[tree]N","{ŋeš}gu-za {ŋeš}ha-lu-ub₂",0,"guza[chair]N_halub[tree]N"
"P447996",71,"o iv 40","peš[fig]N Mari[1]SN","{ŋeš}peš₃ ma₂-ri₂{ki}",0,"peš[fig]N_Mari[1]SN"
"P273880",590,"c iv 24","{ŋeš}x[NA]NA","{ŋeš}x",0,"{ŋeš}x[NA]NA"
"P235262",37,"c ii 10'","{ŋeš}x[NA]NA banšur[table]N","{ŋeš}x banšur",0,"{ŋeš}x[NA]NA_banšur[table]N"
"P273880",393,"b iv 61","eškiri[rope]N","{ŋeš}eškiri₂",0,"eškiri[rope]N"
"Q000039",637,"571","kušedim[tool]N","{ŋeš}kuš₃-e-dim₂",0,"kušedim[tool]N"
"P247864",278,"o v 26","{ŋeš}x[NA]NA","{ŋeš}x",0,"{ŋeš}x[NA]NA"
"P250736",127,"o iv 20","masab[basket]N dima[object]N","{gi}ma-sa₂-ab dim₃-ma",0,"masab[basket]N_dima[object]N"
"P459216",52,"ii 20","eren[cedar]N","{ŋeš}eren",0,"eren[cedar]N"
"P273880",403,"c i 6","kan[gate]N","{ŋeš}kan₄",0,"kan[gate]N"
"Q000039",127,"104","pešbandazi[offshoot]N ŋešnimbar[palm]N","{ŋeš}peš-banda₃-zi ŋešnimbar",0,"pešbandazi[offshoot]N_ŋešnimbar[palm]N"
"P253228",94,"r iii 11'","{ŋeš}x-KAL[NA]NA","{ŋeš}x-KAL",0,"{ŋeš}x-KAL[NA]NA"
"P271911",291,"o iv 53","saʾad[trap?]N","sa-ad",0,"saʾad[trap?]N"
"P347814",191,"c i 47'","dur[board]N gi-x[NA]NA","{ŋeš}dur₂ gi-x",0,"dur[board]N_gi-x[NA]NA"
"P388265",206,"r ii 33","niŋ[thing]N šušana[fraction]N sila[unit]N","{ŋeš}niŋ₂ šušana sila₃",0,"niŋ[thing]N_šušana[fraction]N_sila[unit]N"
"Q000001",83,"83","udu[sheep]N zilkum[~animal]N","udu zi-il-kum",0,"udu[sheep]N_zilkum[~animal]N"
"P459226",41,"o iii 5'","{ŋeš}x[NA]NA","{ŋeš}x",0,"{ŋeš}x[NA]NA"
"P332939",64,"r ii' 8'","umbin[wheel]N margida[cart]N","{ŋeš}umbin mar-gid₂-da",0,"umbin[wheel]N_margida[cart]N"
"P388265",284,"r iv 24","ig[door]N eren[cedar]N","{ŋeš}ig {ŋeš}eren",0,"ig[door]N_eren[cedar]N"
"P250736",178,"r i 32","gi[reed]N Magan[1]GN","gi ma₂-gan-na",0,"gi[reed]N_Magan[1]GN"
"Q000039",345,"305","egir[back]N ma[ship]N","{ŋeš}egir ma₂",0,"egir[back]N_ma[ship]N"
"P388265",47,"ii 30","ŋeštinkira[berry]N","ŋeštin-kur",0,"ŋeštinkira[berry]N"
"Q000039",105,"84","{ŋeš}KU[NA]NA kiri[orchard]N ŋešnimbar[palm]N","{ŋeš}KU {ŋeš}kiri₆ ŋešnimbar",0,"{ŋeš}KU[NA]NA_kiri[orchard]N_ŋešnimbar[palm]N"
"P332934",151,"o ii 67","ŋešnimbar[palm]N x[NA]NA","{ŋeš}ŋešnimbar x",0,"ŋešnimbar[palm]N_x[NA]NA"
"P250736",287,"r iv 5","x[NA]NA dah[NA]NA","x dah",0,"x[NA]NA_dah[NA]NA"
"Q000039",102,"81","šag[heart]N ŋešnimbar[palm]N","{ŋeš}šag₄ ŋešnimbar",0,"šag[heart]N_ŋešnimbar[palm]N"
"P332934",185,"o iii 21","ŋešnimbar[palm]N uhin[date]N ses[bitter]V/i","{ŋeš}ŋešnimbar u₄-hi-in ses",0,"ŋešnimbar[palm]N_uhin[date]N_ses[bitter]V/i"
"P250736",249,"r iii 10","epig[vessel]N x[NA]NA","{dug}epig x",0,"epig[vessel]N_x[NA]NA"
"P388265",368,"r vi 8","bandudu[basket]N","{ŋeš}ba-an-du₈-du₈",0,"bandudu[basket]N"
"P370399",128,"o iv 25'","{ŋeš}x[NA]NA mud[tube]N gigir[chariot]N","{ŋeš}x mud gigir",0,"{ŋeš}x[NA]NA_mud[tube]N_gigir[chariot]N"
"P332939",36,"unknown","unknown","unknown",999,"unknown"
"Q000001",404,"403","uzu[flesh]N saŋdu[head]N","uzu saŋ-du",0,"uzu[flesh]N_saŋdu[head]N"
"P224996",4,"o i 1","guza[chair]N","{ŋeš}gu-za",0,"guza[chair]N"
"Q000039",206,"172","guza[chair]N namlugal[kingship]N","{ŋeš}gu-za nam-lugal",0,"guza[chair]N_namlugal[kingship]N"
"P250736",181,"r i 35","pa[branch]N gi[reed]N","{gi}pa gi",0,"pa[branch]N_gi[reed]N"
"P247864",233,"o iv 44","ig[door]N i[oil]N šeš[anoint]V/t","{ŋeš}ig i₃ šeš₂",0,"ig[door]N_i[oil]N_šeš[anoint]V/t"
"P228105",4,"o i 2'","ašita[equipment]N","{ŋeš}a₂-šita₄",0,"ašita[equipment]N"
"P459218",115,"r i 1","dupsik[basket]N zala[smashed]N","{ŋeš}dupsik za₃-lal₂",0,"dupsik[basket]N_zala[smashed]N"
"P273880",589,"c iv 23","{ŋeš}x[NA]NA","{ŋeš}x",0,"{ŋeš}x[NA]NA"
"P388265",89,"iv 6","KID.da[twig]N sil[split]V/i","{ŋeš}KID-da za₃-l·a₂",0,"KID.da[twig]N_sil[split]V/i"
"P253228",72,"r ii 11'","ŋeštinguruma[~vine]N","{ŋeš}ŋeštin-GAM",0,"ŋeštinguruma[~vine]N"
"P247864",41,"o i 38","{ŋeš}mi-ir-tum[NA]NA","{ŋeš}mi-ir-tum",0,"{ŋeš}mi-ir-tum[NA]NA"
"P273880",692,"d ii 28'","SAL.UŠ[sheath]N šuʾi[barber]N","{ŋeš}|SAL.UŠ.DI| šu-i",0,"SAL.UŠ[sheath]N_šuʾi[barber]N"
"Q000001",467,"464a","uzu[flesh]N al-x-x[NA]NA","uzu al-x-x",0,"uzu[flesh]N_al-x-x[NA]NA"
"P459218",31,"o ii 10'","ilila[lever]N","{ŋeš}il₂-il₂",0,"ilila[lever]N"
"P273880",484,"c ii 28","ma[ship]N ninnu[fifty]NU gur[unit]N","{ŋeš}ma₂ ninnu gur",0,"ma[ship]N_ninnu[fifty]NU_gur[unit]N"
"P437074",107,"b iii 11'","guza[chair]N barag[sanctum]N","{ŋeš}gu-za barag",0,"guza[chair]N_barag[sanctum]N"
"P250364",86,"o v 7","sašušgal[net]N","{ŋeš}sa-šu₂-uš-gal",0,"sašušgal[net]N"
"P388330",2,"o 1","hašhur[apple]N","{ŋeš}hašhur",0,"hašhur[apple]N"
"P459216",145,"r iii 12'","si[horn]N ma[ship]N","{ŋeš}si ma₂",0,"si[horn]N_ma[ship]N"
"P271301",338,"r ii 22","u[planking]N kuŋ[stair]N","{ŋeš}u₅ kun₄",0,"u[planking]N_kuŋ[stair]N"
"P429504",42,"r i 5'","guza[chair]N ŋeš-x[NA]NA","{ŋeš}gu-za ŋeš-x",0,"guza[chair]N_ŋeš-x[NA]NA"
"P273880",613,"c iv 47","sugin[rot]N","{ŋeš}sugin",0,"sugin[rot]N"
"P332934",168,"o iii 4","ŋešnimbar[palm]N x[NA]NA","{ŋeš}ŋešnimbar x",0,"ŋešnimbar[palm]N_x[NA]NA"
"P332930",35,"unknown","unknown","unknown",1,"unknown"
"Q000039",621,"555","pana[bow]N","{ŋeš}pana",0,"pana[bow]N"
"P273880",454,"c i 59","zigan[rudder]N","{ŋeš}zi-kam₃",0,"zigan[rudder]N"
"P273880",514,"c ii 59","ŋešnimbar[palm]N kud[cut]V/t","{ŋeš}ŋešnimbar kud",0,"ŋešnimbar[palm]N_kud[cut]V/t"
"P235262",12,"a i 8'","hašhur[apple]N kur[mountain]N","{ŋeš}hašhur kur",0,"hašhur[apple]N_kur[mountain]N"
"P271301",449,"r iv 30","gag[nail]N umbin[nail]N gigir[chariot]N","{ŋeš}gag umbin gigir",0,"gag[nail]N_umbin[nail]N_gigir[chariot]N"
"P459218",80,"o iii 31","sala[~plow]N apin[plow]N","{ŋeš}sal-la apin",0,"sala[~plow]N_apin[plow]N"
"Q000001",452,"451","uzu[flesh]N ŋeš[tree]N gaba[chest]N","uzu ŋeš gaba",0,"uzu[flesh]N_ŋeš[tree]N_gaba[chest]N"
"P459217",38,"ii 14'","ŋipar[tree]N","{ŋeš}ŋi₆-par₄",0,"ŋipar[tree]N"
"Q000039",712,"643","ŋušur[beam]N limmu[four]NU","ŋeš-ur₂ limmu",0,"ŋušur[beam]N_limmu[four]NU"
"P235262",61,"d i 4'","anše[equid]N ma[ship]N","{ŋeš}anše ma₂",0,"anše[equid]N_ma[ship]N"
"Q000001",251,"251","anše[equid]N barag[sack]N la[hang]V/t","anše barag la₂",0,"anše[equid]N_barag[sack]N_la[hang]V/t"
"Q000001",391,"390","muldamul[animal]N","mul-da-mul",0,"muldamul[animal]N"
"P370399",53,"o ii 26'","ŋeš.nud.AŠ.nud[bed]N","ŋeš-nud-AŠ-nud",0,"ŋeš.nud.AŠ.nud[bed]N"
"P271301",60,"o ii 8","šennur[plum]N","{ŋeš}šennur",0,"šennur[plum]N"
"P273880",424,"unknown","unknown","unknown",3,"unknown"
"Q000001",410,"409","uzu[flesh]N aš₂-du[NA]NA","uzu aš₂-du",0,"uzu[flesh]N_aš₂-du[NA]NA"
"P271911",144,"o ii 62","x[NA]NA","x",0,"x[NA]NA"
"Q000039",208,"174","guza[chair]N namnin[ladyship]N","{ŋeš}gu-za nam-nin",0,"guza[chair]N_namnin[ladyship]N"
"Q000039",306,"269","maʾu[barge]N","{ŋeš}ma₂-u₅",0,"maʾu[barge]N"
"P459222",2,"1","damga[~plow]N apin[plow]N","{ŋeš}da-an-ga apin",0,"damga[~plow]N_apin[plow]N"
"Q000001",312,"312","šeŋbar[animal]N","šeŋ₉-bar",0,"šeŋbar[animal]N"
"X100003",23,"r 7","tila[grapevine]N ŋeštin[vine]N","{ŋeš}illat {ŋeš}ŋeštin",0,"tila[grapevine]N_ŋeštin[vine]N"
"Q000001",308,"308","udutil[sheep]N","udu-til",0,"udutil[sheep]N"
"X100003",15,"o 14","ŋeštinkira[berry]N","{ŋeš}ŋeštin-ŋir₂",0,"ŋeštinkira[berry]N"
"Q000039",460,"411","ilila[lever]N","{ŋeš}il₂-il₂",0,"ilila[lever]N"
"Q000039",294,"258","naŋa[mortar]N esir[bitumen]N ea[~bitumen]N","{ŋeš}naŋa₃ esir e₃-a",0,"naŋa[mortar]N_esir[bitumen]N_ea[~bitumen]N"
"P271771",29,"o iii 6","eren[cedar]N","{ŋeš}eren",0,"eren[cedar]N"
"Q000039",40,"33","allanum[oak]N","{ŋeš}al-la-nu-um",0,"allanum[oak]N"
"P347814",201,"c ii 7","ŋeš[tree]N ba-an-x[NA]NA","ŋeš ba-an-x",0,"ŋeš[tree]N_ba-an-x[NA]NA"
"Q000039",708,"639","zena[weapon]N","{ŋeš}ze₂-na",0,"zena[weapon]N"
"P429503",176,"r iii' 19'","gag[nail]N x-x[NA]NA","{ŋeš}gag x-x",0,"gag[nail]N_x-x[NA]NA"
"P459216",33,"ii 1","ŋešaʾabak[tree]N","ŋeš-ab-ba",0,"ŋešaʾabak[tree]N"
"P247864",17,"o i 14","ŋešgana[tree]N babbar[white]V/i","ŋeš-kin₂ babbar",0,"ŋešgana[tree]N_babbar[white]V/i"
"P388265",230,"r iii 9","guza[chair]N kadu[cover]N","{ŋeš}gu-za ka-du₃",0,"guza[chair]N_kadu[cover]N"
"P273880",47,"a ii 14'","{ŋeš}x[NA]NA","{ŋeš}x",0,"{ŋeš}x[NA]NA"
"P347814",29,"unknown","unknown","unknown",999,"unknown"
"P229426",38,"r ii 12","ma[ship]N durah[goat]N abzu[water]N","{ŋeš}ma₂ durah abzu",0,"ma[ship]N_durah[goat]N_abzu[water]N"
"P459218",43,"o ii 23'","ellag[ball]N","{ŋeš}ellag",0,"ellag[ball]N"
"P388265",88,"iv 5","KID.da[twig]N","{ŋeš}KID-da",0,"KID.da[twig]N"
"P370399",138,"o iv 35'","ig[door]N lul[false]V/i","{ŋeš}ig lul",0,"ig[door]N_lul[false]V/i"
"P271792",13,"r 10'","x-x[NA]NA","x-x",0,"x-x[NA]NA"
"P459217",167,"r iii 24","guza[chair]N šah-x-ma[NA]NA","{ŋeš}gu-za šah-x-ma",0,"guza[chair]N_šah-x-ma[NA]NA"
"P388265",324,"r v 9","naŋa[mortar]N šumgaz[vegetable]N","{ŋeš}naŋa₄ šum₂-gaz",0,"naŋa[mortar]N_šumgaz[vegetable]N"
"P271911",612,"r v 10","antibal[sign]N niŋin[encircle]V/t","an-ti-ib-la₂ niŋin",0,"antibal[sign]N_niŋin[encircle]V/t"
"P273880",467,"c ii 11","egir[back]N ma[ship]N","{ŋeš}egir₅ ma₂",0,"egir[back]N_ma[ship]N"
"Q000001",444,"443","uzu[flesh]N šag[heart]N dub[heap]V/t","uzu šag₄ dub",0,"uzu[flesh]N_šag[heart]N_dub[heap]V/t"
"P271911",326,"r i 16'","illar[weapon]N zig[rise]V/t","illar zig₃",0,"illar[weapon]N_zig[rise]V/t"
"P253245",23,"r 3","al[hoe]N","{ŋeš}al",0,"al[hoe]N"
"P273880",106,"a iii 45'","ig[door]N eren[cedar]N","{ŋeš}ig {ŋeš}eren",0,"ig[door]N_eren[cedar]N"
"P271771",35,"o iii 12","girim[flower]N","{ŋeš}gi-rim",0,"girim[flower]N"
"P332934",332,"r iii 35'","ŋirigub[footstool]N ašag[field]N","{ŋeš}ŋiri₃ a-šag₄",0,"ŋirigub[footstool]N_ašag[field]N"
"P228096",13,"o i 11","garig[comb]N","{ŋeš}ga-rig₂",0,"garig[comb]N"
"P273712",19,"r i 9","al[hoe]N gaz[kill]V/t","{ŋeš}al gaz",0,"al[hoe]N_gaz[kill]V/t"
"Q000039",242,"206","šuʾa[stool]N nagar[carpenter]N","{ŋeš}šu₂-a nagar",0,"šuʾa[stool]N_nagar[carpenter]N"
"P271320",39,"r i' 6'","kun[tail]N gigir[chariot]N","{ŋeš}kun gigir",0,"kun[tail]N_gigir[chariot]N"
"P271301",279,"r i 7","saŋ[head]N guza[chair]N","{ŋeš}saŋ gu-za",0,"saŋ[head]N_guza[chair]N"
"P437074",168,"c ii 1'","{ŋeš}x[NA]NA","{ŋeš}x",0,"{ŋeš}x[NA]NA"
"P247864",375,"o vi 59","bisaŋ[basket]N","{ŋeš}bisaŋ",0,"bisaŋ[basket]N"
"P369718",4,"o 3","DUB.du₃[~vehicle]N bar[outside]V/t","{ŋeš}kišib₃ bar",0,"DUB.du₃[~vehicle]N_bar[outside]V/t"
"P273880",481,"c ii 25","{ŋeš}ma₂-HU[NA]NA nu-ub-sa[NA]NA","{ŋeš}ma₂-HU nu-ub-sa",0,"{ŋeš}ma₂-HU[NA]NA_nu-ub-sa[NA]NA"
"P273880",481,"c ii 25","{ŋeš}ma₂-HU[NA]NA nu-ub-sa[NA]NA","{ŋeš}ma₂-HU nu-ub-sa",0,"{ŋeš}ma₂-HU[NA]NA_nu-ub-sa[NA]NA"
"Q000001",312,"312","šeŋbar[animal]N","šeŋ₉-bar",0,"šeŋbar[animal]N"
"Q000039",186,"155","ba[tool]N šab[cut]V/t","{ŋeš}ba šab",0,"ba[tool]N_šab[cut]V/t"
"P273880",85,"a iii 23'","x-x[NA]NA gigir[chariot]N","x-x gigir",0,"x-x[NA]NA_gigir[chariot]N"
"Q000001",308,"308","udutil[sheep]N","udu-til",0,"udutil[sheep]N"
"P273880",27,"a i 43'","šinig[tamarisk]N dili[single]V/i","{ŋeš}šinig dili",0,"šinig[tamarisk]N_dili[single]V/i"
"P459217",55,"iii 5","eren[cedar]N","{ŋeš}eren",0,"eren[cedar]N"
"P271911",177,"o iii 23'","anzam[vessel]N apin[plow]N","an-za-ma-tum apin",0,"anzam[vessel]N_apin[plow]N"
"P346714",138,"r iv 18'","sa[net]N zagla[unmng]N an[sky]N","{ŋeš}sa zag-la an",0,"sa[net]N_zagla[unmng]N_an[sky]N"
"P271911",500,"r iii 35","x-x[NA]NA","x-x",0,"x-x[NA]NA"
"Q000001",343,"343","uman[insect]N DUN[NA]NA","umanₓ(|HI×AŠ₂|) DUN",0,"uman[insect]N_DUN[NA]NA"
"P273880",89,"a iii 27'","šudul[yoke]N gigir[chariot]N","{ŋeš}šu₂-dul₄ gigir",0,"šudul[yoke]N_gigir[chariot]N"
"P271911",54,"o i 36'","mud[tube]N aškud[~door]N","mud aškudₓ(|A₂.ZA.AN.MUŠ₃|)",0,"mud[tube]N_aškud[~door]N"
"P271771",134,"r iii 4'","Magan[1]GN","{ŋeš}ma₂-gan-na",0,"Magan[1]GN"
"P332934",128,"o ii 45","elammakum[tree]N","{ŋeš}e-lam-gi",0,"elammakum[tree]N"
"P388265",221,"r ii 49","guza[chair]N kaskal[way]N","{ŋeš}gu-za kaskal",0,"guza[chair]N_kaskal[way]N"
"P253228",75,"r ii 14'","peš[fig]N kur[mountain]N","{ŋeš}peš₃ kur",0,"peš[fig]N_kur[mountain]N"
"Q000039",175,"145d","{ŋeš}GU₇[NA]NA","{ŋeš}GU₇",0,"{ŋeš}GU₇[NA]NA"
"P437074",105,"b iii 9'","guza[chair]N x[NA]NA x[NA]NA","{ŋeš}gu-za x x",0,"guza[chair]N_x[NA]NA_x[NA]NA"
"P332934",235,"o iv 6'","zaraštum[plant]N","{ŋeš}zar-aš₂-tum",0,"zaraštum[plant]N"
"P271301",144,"o iii 32","ŋešnimbar[palm]N šunim[spring]N","{ŋeš}ŋešnimbar šu-nim",0,"ŋešnimbar[palm]N_šunim[spring]N"
"Q000039",281,"245","murzanum[wooden-object]N","{ŋeš}muru₅-za-nu-um",0,"murzanum[wooden-object]N"
"Q000001",194,"194","gud[ox]N a₂-x-x[NA]NA","gud a₂-x-x",0,"gud[ox]N_a₂-x-x[NA]NA"
"P247864",274,"o v 22","{ŋeš}x-x[NA]NA","{ŋeš}x-x",0,"{ŋeš}x-x[NA]NA"
"P447996",53,"o iv 22","muran[tree]N","{ŋeš}mur-ra-an",0,"muran[tree]N"
"P250736",260,"r iii 21","zagšela[container]N","{dug}zag-še₃-la₂",0,"zagšela[container]N"
"P253866",104,"r i 7","pana[bow]N","{ŋeš}pana",0,"pana[bow]N"
"P271301",428,"r iv 9","{ŋeš}x[NA]NA x[NA]NA gigir[chariot]N","{ŋeš}x x gigir",0,"{ŋeš}x[NA]NA_x[NA]NA_gigir[chariot]N"
"Q000039",367,"325","gabar[herder]N","{ŋeš}kab-bar",0,"gabar[herder]N"
"P459217",64,"iii 14","{ŋeš}mi-ri₂-x-eš-x[NA]NA","{ŋeš}mi-ri₂-x-eš-x",0,"{ŋeš}mi-ri₂-x-eš-x[NA]NA"
"P273880",77,"a iii 8'","{ŋeš}lu₂-DU[NA]NA margida[cart]N","{ŋeš}lu₂-DU mar-gid₂-da",0,"{ŋeš}lu₂-DU[NA]NA_margida[cart]N"
"P273712",4,"o 3'","ŋešrin[scales]N manala[weighmaster]N","ŋeš-rin₂ ma-na-la₂",0,"ŋešrin[scales]N_manala[weighmaster]N"
"P253874",13,"unknown","unknown","unknown",2,"unknown"
"P273880",341,"b iv 4","dub[tablet]N zamin[lyre]N","{ŋeš}dub za₃-mi₂",0,"dub[tablet]N_zamin[lyre]N"
"P247864",416,"o vii 35'","{ŋeš}gal-HI-LUM-x-HI[NA]NA","{ŋeš}gal-HI-LUM-x-HI",0,"{ŋeš}gal-HI-LUM-x-HI[NA]NA"
"Q000001",511,"507","{d}nisaba[NA]NA zamin[lyre]N","{d}nisaba za₃-mi₂",0,"{d}nisaba[NA]NA_zamin[lyre]N"
"P437074",164,"unknown","unknown","unknown",999,"unknown"
"P388265",302,"r iv 43","SAL.UŠ[sheath]N","{ŋeš}|SAL.UŠ|",0,"SAL.UŠ[sheath]N"
"P273880",230,"b ii 19","maštakda[wooden-object]N","{ŋeš}maš-tak-da",0,"maštakda[wooden-object]N"
"P459217",167,"r iii 24","guza[chair]N šah-x-ma[NA]NA","{ŋeš}gu-za šah-x-ma",0,"guza[chair]N_šah-x-ma[NA]NA"
"P388265",284,"r iv 24","ig[door]N eren[cedar]N","{ŋeš}ig {ŋeš}eren",0,"ig[door]N_eren[cedar]N"
"Q000039",64,"51e","mes[tree]N giggi[black]V/i","{ŋeš}mes giggi",0,"mes[tree]N_giggi[black]V/i"
"P247864",443,"r i 3","ŋešnud[bed]N","ŋeš-nud",0,"ŋešnud[bed]N"
"P253230",6,"o i 2","apin[plow]N šudu[equipped]AJ","{ŋeš}apin šu-du₇",0,"apin[plow]N_šudu[equipped]AJ"
"P388265",391,"r vi 32","banšur[table]N","{ŋeš}banšurₓ(|URU×IGI|){zabar}",0,"banšur[table]N"
"P388265",148,"r i 26","al[hoe]N","{ŋeš}al",0,"al[hoe]N"
"P250363",5,"o 4'","ig[door]N eren[cedar]N","{ŋeš}ig {ŋeš}eren",0,"ig[door]N_eren[cedar]N"
"Q000039",325,"287","ma[ship]N tur[small]V/i","{ŋeš}ma₂ tur",0,"ma[ship]N_tur[small]V/i"
"P429504",24,"o iii' 5","{ŋeš}gurun-kiš[NA]NA","{ŋeš}gurun-kiš",0,"{ŋeš}gurun-kiš[NA]NA"
"Q000039",239,"203","umbin[base]N guza[chair]N","{ŋeš}umbin gu-za",0,"umbin[base]N_guza[chair]N"
"P388265",412,"r vi 56","gida[spear]N","{ŋeš}gid₂-da",0,"gida[spear]N"
"P271911",321,"r i 12'","lugud[short]V/i","lugud₂",0,"lugud[short]V/i"
"P349173",3,"o 2","ig[door]N gi[thicket]N guruš[cut]V/t","{ŋeš}ig gi guruš₃",0,"ig[door]N_gi[thicket]N_guruš[cut]V/t"
"P253866",94,"o iii 30'","raba[clamp]N šu-x[NA]NA","{ŋeš}raba šu-x",0,"raba[clamp]N_šu-x[NA]NA"
"P247864",67,"o ii 4","nurma[pomegranate]N","{ŋeš}nu-ur₂-ma",0,"nurma[pomegranate]N"
"P332934",38,"o i 34","hašhur[apple]N","{ŋeš}hašhur",0,"hašhur[apple]N"
"P271301",19,"o i 16","ŋešgana[tree]N giggi[black]V/i","ŋeš-kin₂ gi₈",0,"ŋešgana[tree]N_giggi[black]V/i"
"Q000001",377,"376","balgi[turtle]N","ba-al-gi₄",0,"balgi[turtle]N"
"Q000039",776,"705","argibil[structure]N","{ŋeš}ar-gibil₂",0,"argibil[structure]N"
"P271301",93,"o ii 41","tir[forest]N kug[pure]V/i","{ŋeš}tir kug",0,"tir[forest]N_kug[pure]V/i"
"P271911",69,"o i 47'","x[NA]NA","x",0,"x[NA]NA"
"P253233",9,"o i 4","bariga[unit]N","{ŋeš}ba-ri₂-ga",0,"bariga[unit]N"
"P332930",33,"r 12","ma[ship]N 15[NA]NA gur[unit]N","{ŋeš}ma₂ 15 gur",0,"ma[ship]N_15[NA]NA_gur[unit]N"
"Q000001",216,"216","ab[cow]N šag[heart]N sur[press]V/t","ab₂ šag₄ sur",0,"ab[cow]N_šag[heart]N_sur[press]V/t"
"P271911",102,"o ii 27","garig[comb]N saŋdu[head]N","ga-rig₂ saŋ-du",0,"garig[comb]N_saŋdu[head]N"
"P370399",102,"unknown","unknown","unknown",1,"unknown"
"P437074",157,"c i 22'","bad[leg]N ŋešnud[bed]N","{ŋeš}bad nud",0,"bad[leg]N_ŋešnud[bed]N"
"P388265",329,"r v 14","ŋešgu[stock]N","ŋeš-gu₂",0,"ŋešgu[stock]N"
"P437074",135,"unknown","unknown","unknown",999,"unknown"
"P271911",27,"o i 18'","x[NA]NA","x",0,"x[NA]NA"
"P370399",9,"o i 6'","x-x[NA]NA ŋešnimbar[palm]N","x-x ŋešnimbar",0,"x-x[NA]NA_ŋešnimbar[palm]N"
"P492330",10,"o i 8","ŋešed[key]N","ŋeš-e₃",0,"ŋešed[key]N"
"P370399",107,"o iv 4'","gagsila[harness]N","{ŋeš}gag-sila₃",0,"gagsila[harness]N"
"P271301",186,"o iv 20","pešbandazi[offshoot]N ŋešnimbar[palm]N","{ŋeš}peš-banda₃-zi ŋešnimbar",0,"pešbandazi[offshoot]N_ŋešnimbar[palm]N"
"P271911",149,"unknown","unknown","unknown",999,"unknown"
"P388265",117,"iv 34","pa[branch]N ŋešnimbar[palm]N","{ŋeš}pa-pa ŋešnimbar",0,"pa[branch]N_ŋešnimbar[palm]N"
"P247864",164,"o iii 38","mud[tube]N margida[cart]N","{ŋeš}mud(|HU.HI|) mar-gid₂-da",0,"mud[tube]N_margida[cart]N"
"P271301",289,"r i 17","šuʾa[stool]N","{ŋeš}šuaₓ(|ŠU₂×(A.DIŠ)|)",0,"šuʾa[stool]N"
"P250364",9,"o i 6","sahargi[dust-guard]N gigir[chariot]N","{ŋeš}sahar-gi gigir",0,"sahargi[dust-guard]N_gigir[chariot]N"
"P250364",82,"o v 3","sa[net]N","{ŋeš}sa",0,"sa[net]N"
"P253887",9,"r 1","ma[ship]N u[ten]NU gur[unit]N","ma₂ u gur",0,"ma[ship]N_u[ten]NU_gur[unit]N"
"P388265",390,"r vi 31","ŋešdi[rung]N banšur[table]N","ŋeš-di₅ banšurₓ(|URU×IGI|)",0,"ŋešdi[rung]N_banšur[table]N"
"P273880",94,"a iii 32'","sudin[~chariot]N gigir[chariot]N","{ŋeš}su-din gigir",0,"sudin[~chariot]N_gigir[chariot]N"
"P247864",418,"o vii 37'","guza[chair]N","{ŋeš}gu-za",0,"guza[chair]N"
"P347814",227,"c ii 33'","dupsik[basket]N","{ŋeš}dupsik",0,"dupsik[basket]N"
"P247864",66,"o ii 3","ilur[tree]N","{ŋeš}il-ur₂",0,"ilur[tree]N"
"P271301",19,"o i 16","ŋešgana[tree]N giggi[black]V/i","ŋeš-kin₂ gi₈",0,"ŋešgana[tree]N_giggi[black]V/i"
"Q000039",90,"72","ŋešnimbar[palm]N gun[load]N","{ŋeš}ŋešnimbar gun₂",0,"ŋešnimbar[palm]N_gun[load]N"
"P271301",21,"o i 18","ŋešgana[tree]N gunu[speckled]V/i","ŋeš-kin₂ gun₃",0,"ŋešgana[tree]N_gunu[speckled]V/i"
"P250736",213,"r ii 17","{dug}x-GIR₃[NA]NA","{dug}x-GIR₃",0,"{dug}x-GIR₃[NA]NA"
"P332934",170,"o iii 6","ŋešnimbar[palm]N x[NA]NA","{ŋeš}ŋešnimbar x",0,"ŋešnimbar[palm]N_x[NA]NA"
"P437074",7,"unknown","unknown","unknown",999,"unknown"
"P235262",73,"d i 16'","ma[ship]N niš[twenty]NU gur[unit]N","{ŋeš}ma₂ niš gur",0,"ma[ship]N_niš[twenty]NU_gur[unit]N"
"P437074",154,"c i 19'","gam[crook]N ŋešnud[bed]N","{ŋeš}kab nud",0,"gam[crook]N_ŋešnud[bed]N"
"P332934",55,"unknown","unknown","unknown",999,"unknown"
"P429504",4,"o i' 1","x-x[NA]NA","x-x",0,"x-x[NA]NA"
"P459218",96,"o iv 17","suhur[tool]N gud[ox]N","{ŋeš}suhur gud",0,"suhur[tool]N_gud[ox]N"
"Q000001",122,"122","u[ewe]N gangig[miscarriage]N dug[speak]V/t","u₈ gan₂-gig dug₄-dug₄",0,"u[ewe]N_gangig[miscarriage]N_dug[speak]V/t"
"P347814",83,"b i 8'","kašu[~plow]N apin[plow]N","{ŋeš}ka-šu₂ apin",0,"kašu[~plow]N_apin[plow]N"
"P272243",28,"r i 9","ŋešnimbar[palm]N ŋal[be]V/i","{ŋeš}ŋešnimbar ŋal₂",0,"ŋešnimbar[palm]N_ŋal[be]V/i"
"Q000039",330,"292","Makarnuntaʾea[1]ON","{ŋeš}ma₂-kar-nun-ta-e₃-a",0,"Makarnuntaʾea[1]ON"
"Q000039",723,"651a","gam[crook]N ŋiri[dagger]N muhaldim[cook]N","{ŋeš}kab ŋiri₂ muhaldim",0,"gam[crook]N_ŋiri[dagger]N_muhaldim[cook]N"
"Q000039",589,"530","saʾur[net]N","{ŋeš}sa-ur₃",0,"saʾur[net]N"
"P251649",10,"o 9","{ŋeš}šu-DU[NA]NA","{ŋeš}šu-DU",0,"{ŋeš}šu-DU[NA]NA"
"P459217",109,"iv 31","ŋešnimbar[palm]N SI-DU₃-X[NA]NA x[NA]NA","{ŋeš}ŋešnimbar SI-DU₃-X x",0,"ŋešnimbar[palm]N_SI-DU₃-X[NA]NA_x[NA]NA"
"P429503",30,"unknown","unknown","unknown",999,"unknown"
"P388265",390,"r vi 31","ŋešdi[rung]N banšur[table]N","ŋeš-di₅ banšurₓ(|URU×IGI|)",0,"ŋešdi[rung]N_banšur[table]N"
"P437074",126,"b iii 12''","{ŋeš}x-x[NA]NA","{ŋeš}x-x",0,"{ŋeš}x-x[NA]NA"
"P273880",488,"c ii 32","ma[ship]N 15[NA]NA gur[unit]N","{ŋeš}ma₂ 15 gur",0,"ma[ship]N_15[NA]NA_gur[unit]N"
"P271301",197,"o iv 31","asal[poplar]N","{ŋeš}asal₂",0,"asal[poplar]N"
"P388265",413,"r vi 57","kinud[bedroom]N","{ŋeš}ki-nu₂",0,"kinud[bedroom]N"
"P388265",102,"iv 19","peš[frond]N ŋešnimbar[palm]N","{ŋeš}peš ŋešnimbar",0,"peš[frond]N_ŋešnimbar[palm]N"
"P273880",564,"c iii 49","suhuš[offshoot]N ŋešnimbar[palm]N","{ŋeš}suhuš ŋešnimbar",0,"suhuš[offshoot]N_ŋešnimbar[palm]N"
"P332934",107,"o ii 24","tir[forest]N manu[wood]N","{ŋeš}tir {ŋeš}ma-nu",0,"tir[forest]N_manu[wood]N"
"P271301",433,"r iv 14","{ŋeš}x[NA]NA x[NA]NA gigir[chariot]N","{ŋeš}x x gigir",0,"{ŋeš}x[NA]NA_x[NA]NA_gigir[chariot]N"
"P347814",238,"c ii 44'","{ŋeš}dim₃-x[NA]NA","{ŋeš}dim₃-x",0,"{ŋeš}dim₃-x[NA]NA"
"P429503",65,"o iii 4","urzinum[tree]N","{ŋeš}ur₂-zi-nu-um",0,"urzinum[tree]N"
"P250736",49,"o ii 21","šu[handle]N PU₂[NA]NA","{gi}šu PU₂",0,"šu[handle]N_PU₂[NA]NA"
"Q000039",755,"684","šaŋanla[trader]N","{ŋeš}šaŋan-la₂",0,"šaŋanla[trader]N"
"P253866",60,"o ii 24'","guza[chair]N ŋarza[rites]N","{ŋeš}gu-za ŋarza₂",0,"guza[chair]N_ŋarza[rites]N"
"P273880",441,"c i 46","sahargid[roller]N","{ŋeš}gid₂-sahar",0,"sahargid[roller]N"
"P247864",445,"r i 5","saŋ[head]N ŋešnud[bed]N","{ŋeš}saŋ nud",0,"saŋ[head]N_ŋešnud[bed]N"
"P332934",93,"o ii 10","manu[wood]N sissig[green]V/i","{ŋeš}ma-nu sig₇-sig₇",0,"manu[wood]N_sissig[green]V/i"
"P271911",485,"r iii 23","lirum[strength]N","lirum",0,"lirum[strength]N"
"P332939",49,"r i' 8'","gabar[herder]N","{ŋeš}kab-bar",0,"gabar[herder]N"
"P250364",41,"o ii 16","apin[plow]N tugsaga[plow]N","{ŋeš}apin tug₂-saga₁₁",0,"apin[plow]N_tugsaga[plow]N"
"P459217",57,"iii 7","zabalum[juniper]N","{ŋeš}za-ba-lum",0,"zabalum[juniper]N"
"P459217",101,"iv 23","pešbandazi[offshoot]N ŋešnimbar[palm]N","{ŋeš}peš-banda₃-zi ŋešnimbar",0,"pešbandazi[offshoot]N_ŋešnimbar[palm]N"
"P273880",561,"c iii 46","ŋešnimbar[palm]N niŋlalarum[dessert]N","{ŋeš}ŋešnimbar niŋ₂-la-la-rum",0,"ŋešnimbar[palm]N_niŋlalarum[dessert]N"
"P429503",128,"r ii' 4'","ma[ship]N Šaghula[1]ON","{ŋeš}ma₂ {d}šag₄-hul₂-a",0,"ma[ship]N_Šaghula[1]ON"
"P347814",138,"b ii 22'","pana[bow]N","{ŋeš}pana",0,"pana[bow]N"
"P388265",67,"iii 17","{ŋeš}su-ra-ra[NA]NA","{ŋeš}su-ra-ra",0,"{ŋeš}su-ra-ra[NA]NA"
"P253866",19,"o i 14'","šerim[~loom]N","{ŋeš}|TAG.TUG₂|",0,"šerim[~loom]N"
"Q000039",374,"331a","{ŋeš}X[NA]NA kindu[earth]N gigir[chariot]N","{ŋeš}X ki-en-du gigir",0,"{ŋeš}X[NA]NA_kindu[earth]N_gigir[chariot]N"
"P235262",43,"c ii 19'","x[NA]NA sag[good]V/i","x sag₁₀",0,"x[NA]NA_sag[good]V/i"
"P271911",509,"r iii 41","x[NA]NA limmu[four]NU","x limmu₂",0,"x[NA]NA_limmu[four]NU"
"Q000001",425,"424","uzu[flesh]N si[horn]N masila[heel]N","uzu si ma-sila₃",0,"uzu[flesh]N_si[horn]N_masila[heel]N"
"P273880",391,"b iv 59","magšarum[battleaxe]N","{ŋeš}ma-ag-ša-ru-um",0,"magšarum[battleaxe]N"
"P388265",373,"r vi 14","emerah[jug]N x[NA]NA","{ŋeš}emerah x",0,"emerah[jug]N_x[NA]NA"
"Q000001",500,"496","uzu[flesh]N zingi[ankle-bone]N","uzu zi-in-gi₄",0,"uzu[flesh]N_zingi[ankle-bone]N"
"P346714",52,"r ii 20'","niŋŋeštug[~plow]N apin[plow]N","{ŋeš}niŋ₂-ŋeštug apin",0,"niŋŋeštug[~plow]N_apin[plow]N"
"Q000001",283,"283","muš[snake]N uŋiri[unmng]N mu[grow]V/t","muš u₂-ŋiri₃ mu₂",0,"muš[snake]N_uŋiri[unmng]N_mu[grow]V/t"
"Q000001",198,"198","gud[ox]N dumu[child]N {d}utu[NA]NA","gud dumu {d}utu",0,"gud[ox]N_dumu[child]N_{d}utu[NA]NA"
"P250364",81,"o v 2","{ŋeš}niŋ₂-x-x[NA]NA","{ŋeš}niŋ₂-x-x",0,"{ŋeš}niŋ₂-x-x[NA]NA"
"P271301",446,"r iv 27","šudul[yoke]N gigir[chariot]N","{ŋeš}šudul₃ gigir",0,"šudul[yoke]N_gigir[chariot]N"
"P429505",9,"7'","ŋešnimbar[palm]N uhin[date]N duru[wet]V/i","{ŋeš}ŋešnimbar u₄-hi-in duru₅",0,"ŋešnimbar[palm]N_uhin[date]N_duru[wet]V/i"
"P253238",33,"r 10","manu[wood]N šu[hand]N ak[do]V/t","{ŋeš}ma-nu šu ak",0,"manu[wood]N_šu[hand]N_ak[do]V/t"
"P332934",365,"unknown","unknown","unknown",999,"unknown"
"Q000039",7,"6a","ŋešgana[tree]N babbar[white]V/i","ŋeš-kin₂ babbar",0,"ŋešgana[tree]N_babbar[white]V/i"
"P312012",4,"4","girah[tool]N","{ŋeš}girah(|ŠU.DIM₂|)",0,"girah[tool]N"
"P271911",425,"unknown","unknown","unknown",1,"unknown"
"P459216",124,"r ii 9'","banšurzaggula[table]N","{ŋeš}banšur-zag-gu-la₂",0,"banšurzaggula[table]N"
"P347814",119,"b ii 3'","harmušen[snare]N","{ŋeš}har-mušen",0,"harmušen[snare]N"
"P247864",159,"o iii 33","šudul[yoke]N margida[cart]N","{ŋeš}šu₂-dul₄ mar-gid₂-da",0,"šudul[yoke]N_margida[cart]N"
"P247864",420,"o vii 39'","guza[chair]N gid[drag]V/t limmu[four]NU kuš[skin]N","{ŋeš}gu-za gid₂ limmu kuš",0,"guza[chair]N_gid[drag]V/t_limmu[four]NU_kuš[skin]N"
"P251867",2,"o 1","Madurahabzu[1]ON","{ŋeš}ma₂-durah-abzu",0,"Madurahabzu[1]ON"
"Q000039",699,"630","magaz[bench]N","{ŋeš}ma₂-gaz",0,"magaz[bench]N"
"P332939",67,"r ii' 11'","ŋirigub[footstool]N margida[cart]N","{ŋeš}ŋiri₃ mar-gid₂-da",0,"ŋirigub[footstool]N_margida[cart]N"
"P250364",35,"o ii 10","DUB.du₃[~vehicle]N ašag[field]N","{ŋeš}kišib₃-du₁₀ a-šag₄",0,"DUB.du₃[~vehicle]N_ašag[field]N"
"P346714",148,"r iv 31'","illar[weapon]N niŋin[encircle]V/t","{ŋeš}illar niŋin",0,"illar[weapon]N_niŋin[encircle]V/t"
"P332934",93,"o ii 10","manu[wood]N sissig[green]V/i","{ŋeš}ma-nu sig₇-sig₇",0,"manu[wood]N_sissig[green]V/i"
"P388265",23,"i 25","{ŋeš}nam[NA]NA","{ŋeš}nam",0,"{ŋeš}nam[NA]NA"
"Q000001",472,"469","uzu[flesh]N i[oil]N tab[double]V/t","uzu i₃ tab",0,"uzu[flesh]N_i[oil]N_tab[double]V/t"
"P271320",20,"o i 13'","guza[chair]N malah[sailor]N","{ŋeš}gu-za ma₂-lah₅",0,"guza[chair]N_malah[sailor]N"
"P250364",57,"o iii 7'","{ŋeš}x[NA]NA","{ŋeš}x",0,"{ŋeš}x[NA]NA"
"P447996",78,"o v 3","hašhur[apple]N armanu[tree]N","{ŋeš}hašhur ar-ma-nu",0,"hašhur[apple]N_armanu[tree]N"
"P388265",291,"r iv 31","miriza[plank]N","{ŋeš}mi-ri₂-za",0,"miriza[plank]N"
"Q000001",122,"122","u[ewe]N gangig[miscarriage]N dug[speak]V/t","u₈ gan₂-gig dug₄-dug₄",0,"u[ewe]N_gangig[miscarriage]N_dug[speak]V/t"
"P250363",18,"r 5","{ŋeš}x[NA]NA","{ŋeš}x",0,"{ŋeš}x[NA]NA"
"P253228",25,"o ii 6","al[hoe]N zu[tooth]N eš[three]NU","{ŋeš}al zu₂ eš₅",0,"al[hoe]N_zu[tooth]N_eš[three]NU"
"P247864",430,"o vii 49'","guza[chair]N saŋ[head]N munus[woman]N","{ŋeš}gu-za saŋ munus",0,"guza[chair]N_saŋ[head]N_munus[woman]N"
"P271911",451,"r ii 52","ŋisal[rudder]N šu[hand]N","ŋisal šu",0,"ŋisal[rudder]N_šu[hand]N"
"P332934",207,"o iii 43","mud[stump]N ŋešnimbar[palm]N","{ŋeš}mud ŋešnimbar",0,"mud[stump]N_ŋešnimbar[palm]N"
"P271301",295,"r i 23","šuʾa[stool]N niŋgula[greatness]N","{ŋeš}šuaₓ(|ŠU₂×(A.DIŠ)|) niŋ₂-gul-la",0,"šuʾa[stool]N_niŋgula[greatness]N"
"P228596",9,"9","matgan[stand]N","{ŋeš}ma-at-gan",0,"matgan[stand]N"
"P271771",17,"o ii 15","lamtur[nut]N","{ŋeš}lam-tur",0,"lamtur[nut]N"
"P253233",37,"r i 5'","ŋipar[tree]N duru[wet]V/i","{ŋeš}ŋi₆-par₄ duru₅",0,"ŋipar[tree]N_duru[wet]V/i"
"P273880",268,"b ii 61","banšur[table]N urud[copper]N","{ŋeš}banšurₓ(|URU×IGI.URUDA|) urud",0,"banšur[table]N_urud[copper]N"
"P235262",46,"c ii 22'","x[NA]NA kuŋ[stair]N","x kun₅",0,"x[NA]NA_kuŋ[stair]N"
"P273880",414,"c i 17","niŋgul[hatchet]N","{ŋeš}niŋ₂-gul",0,"niŋgul[hatchet]N"
"P253866",99,"r i 2","illar[weapon]N","{ŋeš}illar",0,"illar[weapon]N"
"P332934",287,"r iii 14","magizum[type-of-boat]N","{ŋeš}ma₂-gi-zum",0,"magizum[type-of-boat]N"
"P332934",229,"unknown","unknown","unknown",999,"unknown"
"P273880",676,"d ii 11'","ŋeš[tree]N duru[wet]V/i","ŋeš duru₅",0,"ŋeš[tree]N_duru[wet]V/i"
"P459217",32,"ii 8'","ildag[poplar]N kur[mountain]N","{ŋeš}ildag₂ kur",0,"ildag[poplar]N_kur[mountain]N"
"P332934",293,"r iii 20","ma[ship]N x[NA]NA","{ŋeš}ma₂ x",0,"ma[ship]N_x[NA]NA"
"P273880",63,"a ii 45'","zara[pivot]N gagsila[harness]N","{ŋeš}za-ra gag-sal₄",0,"zara[pivot]N_gagsila[harness]N"
"P370399",158,"o v 12'","sugin[rot]N","{ŋeš}sugin",0,"sugin[rot]N"
"P370399",141,"o iv 38'","ig[door]N sah[mat]N","{ŋeš}ig sah",0,"ig[door]N_sah[mat]N"
"Q000039",379,"336","saŋdur[seat]N gigir[chariot]N","{ŋeš}saŋ-dur₂ gigir",0,"saŋdur[seat]N_gigir[chariot]N"
"P447996",232,"unknown","unknown","unknown",999,"unknown"
"Q000001",266,"266","muš[snake]N ušumgal[dragon]N","muš ušumgal",0,"muš[snake]N_ušumgal[dragon]N"
"P332934",216,"o iii 54","lagab[block]N ŋešnimbar[palm]N","{ŋeš}lagab ŋešnimbar",0,"lagab[block]N_ŋešnimbar[palm]N"
"P271301",298,"r i 26","ŋirigub[footstool]N zu[tooth]N sumun[cow]N ŋar[place]V/t","{ŋeš}ŋiri₃-gub zu₂ sumun₂ ŋar",0,"ŋirigub[footstool]N_zu[tooth]N_sumun[cow]N_ŋar[place]V/t"
"Q000039",777,"706","ŋeš[tree]N šuniŋin[total]N","ŋeš šu-niŋin₂",0,"ŋeš[tree]N_šuniŋin[total]N"
"P271911",331,"unknown","unknown","unknown",1,"unknown"
"P271301",328,"r ii 12","emerah[jug]N tu[soup]N","{ŋeš}emerah tu₇",0,"emerah[jug]N_tu[soup]N"
"P273880",298,"b iii 22","mar[shovel]N še[barley]N","{ŋeš}mar še",0,"mar[shovel]N_še[barley]N"
"P271911",573,"r iv 34","raba[clamp]N","{+ra-ab}rab₃",0,"raba[clamp]N"
"P447996",192,"r ii 29","magurgur[large-boat]N","{ŋeš}ma₂-gur-gur",0,"magurgur[large-boat]N"
"P332934",60,"o i 4'","bir.GAM.la.e[tree]N","{ŋeš}BIR-GAM-ME-NE",0,"bir.GAM.la.e[tree]N"
"P388265",379,"r vi 20","{ŋeš}ŋiri₃-la₂[NA]NA","{ŋeš}ŋiri₃-la₂",0,"{ŋeš}ŋiri₃-la₂[NA]NA"
"P247864",327,"o vi 11","{ŋeš}x-x[NA]NA","{ŋeš}x-x",0,"{ŋeš}x-x[NA]NA"
"P346714",16,"r i 20'","margida[cart]N","{ŋeš}mar-gid₂-da",0,"margida[cart]N"
"P447996",24,"o iii 20","ildag[poplar]N kur[mountain]N","{ŋeš}ildag₂ kur",0,"ildag[poplar]N_kur[mountain]N"
"P347814",280,"d ii 8'","{ŋeš}x[NA]NA","{ŋeš}x",0,"{ŋeš}x[NA]NA"
"P273880",466,"c ii 10","murgu[shoulder]N ma[ship]N","{ŋeš}murgu ma₂",0,"murgu[shoulder]N_ma[ship]N"
"Q000039",474,"424","saŋ[head]N balak[spindle]N","{ŋeš}saŋ balak",0,"saŋ[head]N_balak[spindle]N"
"Q000001",503,"499","uzu[flesh]N šir[testicle]N","uzu šir",0,"uzu[flesh]N_šir[testicle]N"
"P247864",282,"o v 30","{ŋeš}x-x-x[NA]NA","{ŋeš}x-x-x",0,"{ŋeš}x-x-x[NA]NA"
"Q000001",75,"75","udu[sheep]N ŋešbun[meal]N","udu ŋešbun",0,"udu[sheep]N_ŋešbun[meal]N"
"P247864",157,"o iii 31","zara[pivot]N margida[cart]N","{ŋeš}za-ra mar-gid₂-da",0,"zara[pivot]N_margida[cart]N"
"P459216",5,"i 3","ŋešnu[tree]N","ŋeš-nu₁₁",0,"ŋešnu[tree]N"
"P273880",159,"b i 2'","x[NA]NA lugal[king]N","x lugal",0,"x[NA]NA_lugal[king]N"
"P273880",31,"a i 47'","{ŋeš}x-a-x-x[NA]NA","{ŋeš}x-a-x-x",0,"{ŋeš}x-a-x-x[NA]NA"
"P253233",39,"r i 7'","šenu[tree]N","{ŋeš}še-nu",0,"šenu[tree]N"
"P429503",166,"r iii' 9'","margida[cart]N Martu[1]GN","{ŋeš}mar-gid₂-da mar-tu{ki}",0,"margida[cart]N_Martu[1]GN"
"P459216",91,"iv 5'","{ŋeš}x[NA]NA","{ŋeš}x",0,"{ŋeš}x[NA]NA"
"Q000039",428,"381","ig[door]N maštab[twin]N","{ŋeš}ig maš-tab",0,"ig[door]N_maštab[twin]N"
"Q000001",56,"56","udu[sheep]N ŋirtab[scorpion]N","udu ŋir₂-tab",0,"udu[sheep]N_ŋirtab[scorpion]N"
"P253233",25,"o ii 8","dilim[spoon]N dug[speak]V/t","{ŋeš}dilim₂ dug₄",0,"dilim[spoon]N_dug[speak]V/t"
"P273880",299,"b iii 23","mar[shovel]N ninda[bread]N","{ŋeš}mar ninda",0,"mar[shovel]N_ninda[bread]N"
"P459218",91,"o iv 9","{ŋeš}x[NA]NA","{ŋeš}x",0,"{ŋeš}x[NA]NA"
"P437074",153,"c i 18'","zag[side]N gal[big]V/i ŋešnud[bed]N","{ŋeš}zag gu-la nud",0,"zag[side]N_gal[big]V/i_ŋešnud[bed]N"
"P271911",509,"r iii 41","x[NA]NA limmu[four]NU","x limmu₂",0,"x[NA]NA_limmu[four]NU"
"P447996",229,"unknown","unknown","unknown",2,"unknown"
"P271911",465,"r iii 3","gam[crook]N x[NA]NA","{ŋeš}kin x",0,"gam[crook]N_x[NA]NA"
"P247864",267,"o v 15","niŋ[thing]N ya[five]NU giŋ[unit]N","{ŋeš}niŋ₂ ia₂ giŋ₄",0,"niŋ[thing]N_ya[five]NU_giŋ[unit]N"
"P225006",4,"o i 1","ig[door]N","{ŋeš}ig",0,"ig[door]N"
"P273880",372,"b iv 39","u[planking]N kuŋ[stair]N","{ŋeš}u₃ kun₄",0,"u[planking]N_kuŋ[stair]N"
"P388265",84,"iv 1","asal[poplar]N","{ŋeš}asal₂",0,"asal[poplar]N"
"Q000039",126,"103","pešmur[~palm]N ŋešnimbar[palm]N","{ŋeš}peš-mur₇ ŋešnimbar",0,"pešmur[~palm]N_ŋešnimbar[palm]N"
"P250736",18,"o i 14","gi[reed]N tur[small]V/i","gi tur-tur",0,"gi[reed]N_tur[small]V/i"
"P459217",76,"iii 26","ŋešnimbar[palm]N Magan[1]GN","{ŋeš}ŋešnimbar ma₂-gan-na",0,"ŋešnimbar[palm]N_Magan[1]GN"
"P388265",86,"iv 3","numun[seed]N asal[poplar]N","{ŋeš}numun asal₂",0,"numun[seed]N_asal[poplar]N"
"P332934",396,"r iv 30'","x[NA]NA margida[cart]N","x mar-gid₂-da",0,"x[NA]NA_margida[cart]N"
"P347814",5,"a i 3'","ig[door]N x-PA-ra[NA]NA","{ŋeš}ig x-PA-ra",0,"ig[door]N_x-PA-ra[NA]NA"
"P273880",76,"a iii 7'","endur[navel?]N margida[cart]N","{ŋeš}en₃-dur mar-gid₂-da",0,"endur[navel?]N_margida[cart]N"
"P437074",63,"b ii 6'","aslum[rod]N","{ŋeš}aš₂-lum",0,"aslum[rod]N"
"P253233",64,"r ii 14'","ŋeštinguruma[~vine]N","{ŋeš}ŋeštin-GAM",0,"ŋeštinguruma[~vine]N"
"P253874",8,"o 5","šudul[yoke]N gigir[chariot]N","{ŋeš}šudul₄ gigir",0,"šudul[yoke]N_gigir[chariot]N"
"P459216",93,"unknown","unknown","unknown",999,"unknown"
"P459217",76,"iii 26","ŋešnimbar[palm]N Magan[1]GN","{ŋeš}ŋešnimbar ma₂-gan-na",0,"ŋešnimbar[palm]N_Magan[1]GN"
"P250736",261,"r iii 22","ugur[pot]N bala[turn]V/t","{dug}ugur₂ bala",0,"ugur[pot]N_bala[turn]V/t"
"Q000001",368,"368","pešniŋgilima[rodent]N","peš₂-niŋ₂-gilim-ma",0,"pešniŋgilima[rodent]N"
"Q000001",192,"192","gud[ox]N a₂.gur.X[~oxen]N","gud a₂-gur-X",0,"gud[ox]N_a₂.gur.X[~oxen]N"
"P388265",208,"r ii 35","niŋ[thing]N ya[five]NU giŋ[unit]N","{ŋeš}niŋ₂ ia₂ giŋ₄",0,"niŋ[thing]N_ya[five]NU_giŋ[unit]N"
"P250371",4,"o 2","gaba[chest]N gigir[chariot]N","{ŋeš}gaba gigir",0,"gaba[chest]N_gigir[chariot]N"
"P332934",75,"o i 19'","ildag[poplar]N eden[plain]N","{ŋeš}ildag₂ eden",0,"ildag[poplar]N_eden[plain]N"
"P271771",110,"r i 16'","šuʾa[stool]N tibira[sculptor]N","{ŋeš}šuaₓ(|ŠU₂×(A.DIŠ)|) tibira(|URUDA.NAGAR|)",0,"šuʾa[stool]N_tibira[sculptor]N"
"P271301",425,"r iv 6","e[house]N gigir[chariot]N","{ŋeš}e₂ gigir",0,"e[house]N_gigir[chariot]N"
"P347814",49,"a ii 20'","{ŋeš}x[NA]NA","{ŋeš}x",0,"{ŋeš}x[NA]NA"
"P271911",14,"o i 8'","ig[door]N asal[poplar]N","ig {ŋeš}asal₂",0,"ig[door]N_asal[poplar]N"
"Q000001",379,"378","šah[pig]N gi[thicket]N","šah₂ {ŋeš}gi",0,"šah[pig]N_gi[thicket]N"
"P332934",293,"r iii 20","ma[ship]N x[NA]NA","{ŋeš}ma₂ x",0,"ma[ship]N_x[NA]NA"
"P273880",259,"b ii 52","{ŋeš}SAL-am₃[NA]NA","{ŋeš}SAL-am₃",0,"{ŋeš}SAL-am₃[NA]NA"
"P247864",309,"o v 57","si[horn]N ma[ship]N","{ŋeš}si ma₂",0,"si[horn]N_ma[ship]N"
"P250736",32,"o ii 4","enbar[reed]N aški[rushes]N","{gi}en₃-bar {+a}aški",0,"enbar[reed]N_aški[rushes]N"
"Q000039",218,"184","guza[chair]N munus[woman]N","{ŋeš}gu-za munus",0,"guza[chair]N_munus[woman]N"
"P347814",4,"unknown","unknown","unknown",2,"unknown"
"P437074",19,"a iii 1'","ŋešnimbar[palm]N x[NA]NA","{ŋeš}ŋešnimbar x",0,"ŋešnimbar[palm]N_x[NA]NA"
"P346714",29,"r i 33'","usakar[moon]N margida[cart]N","{ŋeš}u₄-sakar mar-gid₂-da",0,"usakar[moon]N_margida[cart]N"
"P347814",131,"b ii 15'","{ŋeš}dim-x[NA]NA","{ŋeš}dim-x",0,"{ŋeš}dim-x[NA]NA"
"P332934",41,"o i 37","hašhur[apple]N kur[mountain]N","{ŋeš}hašhur kur",0,"hašhur[apple]N_kur[mountain]N"
"P388265",279,"r iv 19","ig[door]N miriza[plank]N","{ŋeš}ig mi-ri₂-za",0,"ig[door]N_miriza[plank]N"
"Q000039",157,"133","{ŋeš}saŋ-keš₂[NA]NA","{ŋeš}saŋ-keš₂",0,"{ŋeš}saŋ-keš₂[NA]NA"
"P250736",201,"r ii 5","{dug}x-x[NA]NA","{dug}x-x",0,"{dug}x-x[NA]NA"
"P271301",284,"r i 12","na[box]N","{ŋeš}na",0,"na[box]N"
"P273880",149,"a iv 46'","x-x-x[NA]NA","x-x-x",0,"x-x-x[NA]NA"
"P459217",53,"iii 3","mes[tree]N halub[tree]N harran[route]N","{ŋeš}mes ha-lu-ub₂ har-ra-an",0,"mes[tree]N_halub[tree]N_harran[route]N"
"P250736",260,"r iii 21","zagšela[container]N","{dug}zag-še₃-la₂",0,"zagšela[container]N"
"P273880",530,"c iii 15","{ŋeš}x[NA]NA ŋešnimbar[palm]N","{ŋeš}x ŋešnimbar",0,"{ŋeš}x[NA]NA_ŋešnimbar[palm]N"
"P459216",111,"r i 16'","šuʾa[stool]N x[NA]NA","{ŋeš}šu₂-a x",0,"šuʾa[stool]N_x[NA]NA"
"P273880",338,"b iv 1","dim[post]N","{ŋeš}dim₃",0,"dim[post]N"
"P271771",96,"r i 2'","x[NA]NA guza[chair]N","x gu-za",0,"x[NA]NA_guza[chair]N"
"P437074",167,"unknown","unknown","unknown",999,"unknown"
"P235262",105,"d ii 10'","kag[mouth]N umbin[wheel]N gagsila[harness]N","{ŋeš}ka umbin gag-sal₄",0,"kag[mouth]N_umbin[wheel]N_gagsila[harness]N"
"P271911",44,"o i 30'","mud[tube]N saŋkul[bolt]N","mud saŋ-kul",0,"mud[tube]N_saŋkul[bolt]N"
"P459218",31,"o ii 10'","ilila[lever]N","{ŋeš}il₂-il₂",0,"ilila[lever]N"
"P247864",124,"o ii 61","sala[~plow]N apin[plow]N","{ŋeš}sal-la apin",0,"sala[~plow]N_apin[plow]N"
"P272243",17,"o i' 13'","ŋešnimbar[palm]N ug[die]V/t","{ŋeš}ŋešnimbar al-ug₅-ga",0,"ŋešnimbar[palm]N_ug[die]V/t"
"Q000039",18,"16","šenu[tree]N","{ŋeš}še-nu",0,"šenu[tree]N"
"Q000001",280,"280","muš[snake]N si[horn]N gur[lift]V/t","muš si gur₃-ru",0,"muš[snake]N_si[horn]N_gur[lift]V/t"
"Q000001",270,"270","muš[snake]N gud[nest]N","muš gud₃",0,"muš[snake]N_gud[nest]N"
"P271911",405,"unknown","unknown","unknown",1,"unknown"
"P271301",229,"o v 2'","{ŋeš}x[NA]NA","{ŋeš}x",0,"{ŋeš}x[NA]NA"
"P346714",156,"r iv 39'","kakpana[arrow]N","{ŋeš}kak-pana",0,"kakpana[arrow]N"
"Q000001",117,"117","u[ewe]N sila[lamb]N du[go]V/t","u₈ sila₄ du",0,"u[ewe]N_sila[lamb]N_du[go]V/t"
"P271911",259,"o iv 26","eš[three]NU sila[unit]N","eš₅ sila₃",0,"eš[three]NU_sila[unit]N"
"P388265",43,"ii 26","eš[tree]N","{ŋeš}eš₂₂",0,"eš[tree]N"
"P429503",150,"r ii' 26'","gag[nail]N","{ŋeš}gag",0,"gag[nail]N"
"Q000039",43,"36","ildag[poplar]N bur[spread]V/t","{ŋeš}ildag₂ bur-ra",0,"ildag[poplar]N_bur[spread]V/t"
"P459218",123,"r i 9","tukul[weapon]N kun[tail]N","{ŋeš}tukul kun",0,"tukul[weapon]N_kun[tail]N"
"Q000039",78,"61","ilianum[tree]N","{ŋeš}ri₂-a-num₂",0,"ilianum[tree]N"
"P271911",614,"r v 11","alan[statue]N","alan",0,"alan[statue]N"
"P459216",8,"i 6","ŋešgana[tree]N giggi[black]V/i","ŋeš-kin₂ giggi",0,"ŋešgana[tree]N_giggi[black]V/i"
"P332934",210,"o iii 46","su[fibers]N barda[crossbar]N ŋešnimbar[palm]N","{ŋeš}su₁₁ bar-da-na ŋešnimbar",0,"su[fibers]N_barda[crossbar]N_ŋešnimbar[palm]N"
"P388265",307,"r iv 48","{ŋeš}x[NA]NA","{ŋeš}x",0,"{ŋeš}x[NA]NA"
"P459222",2,"1","damga[~plow]N apin[plow]N","{ŋeš}da-an-ga apin",0,"damga[~plow]N_apin[plow]N"
"P273880",551,"c iii 36","ŋešnimbar[palm]N nim[high]V/i","{ŋeš}ŋešnimbar nim",0,"ŋešnimbar[palm]N_nim[high]V/i"
"P346872",3,"o 2","na[box]N gal[big]V/i","{ŋeš}na₅ gal",0,"na[box]N_gal[big]V/i"
"P271301",30,"o i 27","tila[grapevine]N ŋeštin[vine]N","{ŋeš}til₃ ŋeštin",0,"tila[grapevine]N_ŋeštin[vine]N"
"P253238",43,"unknown","unknown","unknown",999,"unknown"
"Q000001",51,"51","udu[sheep]N Eana[1]TN","udu e₂-an-na",0,"udu[sheep]N_Eana[1]TN"
"P370399",132,"o iv 29'","ig[door]N KAK-ra[NA]NA","{ŋeš}ig KAK-ra",0,"ig[door]N_KAK-ra[NA]NA"
"P429503",134,"r ii' 10'","ki[place]N ma[ship]N","{ŋeš}ki ma₂",0,"ki[place]N_ma[ship]N"
"P225033",4,"o i 1","targul[pole]N","{ŋeš}dar-gul",0,"targul[pole]N"
"P429503",141,"r ii' 17'","anše[equid]N ma[ship]N","{ŋeš}anše ma₂",0,"anše[equid]N_ma[ship]N"
"P229426",28,"r ii 2","ma[ship]N niš[twenty]NU gur[unit]N","{ŋeš}ma₂ niš gur",0,"ma[ship]N_niš[twenty]NU_gur[unit]N"
"Q000039",481,"430","madal[pole]N","{ŋeš}madla(BU)",0,"madal[pole]N"
"P447996",122,"r i 4","ŋešnimbar[palm]N šab[cut]V/t","{ŋeš}ŋešnimbar šab",0,"ŋešnimbar[palm]N_šab[cut]V/t"
"P332934",259,"o iv 30'","aslum[rod]N","{ŋeš}a-za-lum",0,"aslum[rod]N"
"Q000039",251,"215","ŋeš.nud.AŠ.nud[bed]N","ŋeš-nud-AŠ-nud",0,"ŋeš.nud.AŠ.nud[bed]N"
"P459217",109,"iv 31","ŋešnimbar[palm]N SI-DU₃-X[NA]NA x[NA]NA","{ŋeš}ŋešnimbar SI-DU₃-X x",0,"ŋešnimbar[palm]N_SI-DU₃-X[NA]NA_x[NA]NA"
"P273880",306,"b iii 34","eme[tongue]N mar[shovel]N","{ŋeš}eme mar",0,"eme[tongue]N_mar[shovel]N"
"P250364",169,"unknown","unknown","unknown",999,"unknown"
"P346714",141,"r iv 21'","harmušen[snare]N","{ŋeš}har-mušen",0,"harmušen[snare]N"
"P247864",332,"o vi 16","gagsisa[arrow]N","{ŋeš}gag-si-sa₂",0,"gagsisa[arrow]N"
"P250361",4,"o 2'","{ŋeš}x[NA]NA zid[right]V/i ŋešnud[bed]N","{ŋeš}x zid nud",0,"{ŋeš}x[NA]NA_zid[right]V/i_ŋešnud[bed]N"
"P296528",3,"o 2","ligima[shoot]N","{ŋeš}ligima",0,"ligima[shoot]N"
"Q000039",75,"58","zirdum[olive]N","{ŋeš}zi-ir-dum",0,"zirdum[olive]N"
"P250736",319,"r iv 37","bad[wall]N","bad₃",0,"bad[wall]N"
"P346714",115,"r iii 37'","ušub[brick-mold]N","{ŋeš}u₃-šub",0,"ušub[brick-mold]N"
"Q000039",69,"52d","asal[poplar]N","{ŋeš}asalₓ(|A.TU.GABA.SIG.GAR|)",0,"asal[poplar]N"
"P312012",1,"1","naŋa[mortar]N ŋeši[sesame]N","{ŋeš}naŋa₃ {še}ŋeš-i₃",0,"naŋa[mortar]N_ŋeši[sesame]N"
"Q000039",332,"294","Manuri[1]ON","{ŋeš}ma₂-nu-ri",0,"Manuri[1]ON"
"P347814",84,"b i 9'","tugsaga[plow]N apin[plow]N","{ŋeš}tug₂-sig₁₈ apin",0,"tugsaga[plow]N_apin[plow]N"
"P271301",202,"o iv 36","ad[bush]N","{ŋeš}ad₂",0,"ad[bush]N"
"P437074",59,"b ii 2'","{ŋeš}ga-me-el-la₂[NA]NA","{ŋeš}ga-me-el-la₂",0,"{ŋeš}ga-me-el-la₂[NA]NA"
"P271911",154,"o iii 4'","apin[plow]N tugsaga[plow]N","apin šu-uš-saga₁₁",0,"apin[plow]N_tugsaga[plow]N"
"P253245",10,"o 6","aški[rushes]N","{ŋeš}{+a}aški",0,"aški[rushes]N"
"Q000039",776,"705","argibil[structure]N","{ŋeš}ar-gibil₂",0,"argibil[structure]N"
"P235262",71,"d i 14'","ma[ship]N nimin[forty]NU gur[unit]N","{ŋeš}ma₂ nimin gur",0,"ma[ship]N_nimin[forty]NU_gur[unit]N"
"P271301",466,"r iv 47","{ŋeš}BIR[NA]NA margida[cart]N","{ŋeš}BIR mar-gid₂-da",0,"{ŋeš}BIR[NA]NA_margida[cart]N"
"P250736",205,"r ii 9","sab[jar]N gal[big]V/i","{dug}sab gal",0,"sab[jar]N_gal[big]V/i"
"Q000039",409,"364","mud[stump]N margida[cart]N","{ŋeš}mud mar-gid₂-da",0,"mud[stump]N_margida[cart]N"
"P225006",5,"o i 2","suku[pole]N ig[door]N","{ŋeš}suku₅ ig",0,"suku[pole]N_ig[door]N"
"P247864",422,"o vii 41'","guza[chair]N gid[drag]V/t aš[six]NU kuš[skin]N","{ŋeš}gu-za gid₂ aš₃ kuš",0,"guza[chair]N_gid[drag]V/t_aš[six]NU_kuš[skin]N"
"Q000039",159,"135","arina[madder]N","{ŋeš}i-ri₉-na",0,"arina[madder]N"
"P459217",155,"r iii 12","guza[chair]N gid[long]V/i","{ŋeš}gu-za gid₂",0,"guza[chair]N_gid[long]V/i"
"Q000039",270,"234","banšur[table]N","{ŋeš}banšur",0,"banšur[table]N"
"P369718",4,"o 3","DUB.du₃[~vehicle]N bar[outside]V/t","{ŋeš}kišib₃ bar",0,"DUB.du₃[~vehicle]N_bar[outside]V/t"
"P253238",26,"r 3","ildag[poplar]N šitan[water-channel]N","{ŋeš}ildag₂ šita₃",0,"ildag[poplar]N_šitan[water-channel]N"
"P273880",437,"c i 42","emarru[quiver]N","{ŋeš}e₂-mar-ur₅",0,"emarru[quiver]N"
"P388265",35,"ii 18","tir[forest]N","{ŋeš}tir",0,"tir[forest]N"
"P250364",32,"o ii 7","endur[navel?]N margida[cart]N","{ŋeš}en₃-dur mar-gid₂-da",0,"endur[navel?]N_margida[cart]N"
"P235262",106,"d ii 11'","maš[~wheel]N umbin[wheel]N gagsila[harness]N","{ŋeš}maš₂ umbin gag-sal₄",0,"maš[~wheel]N_umbin[wheel]N_gagsila[harness]N"
"P273880",282,"b iii 6","masharum[~kitchen]N","{ŋeš}ma-as-ha-ru-um",0,"masharum[~kitchen]N"
"P273880",71,"a iii 2'","kigub[station]N margida[cart]N","{ŋeš}ki-gub mar-gid₂-da",0,"kigub[station]N_margida[cart]N"
"P271771",28,"o iii 5","mes[tree]N giggi[black]V/i","{ŋeš}mes giggi",0,"mes[tree]N_giggi[black]V/i"
"P271301",41,"o i 38","ama[mother]N peš[fig]N","{ŋeš}ama peš₃",0,"ama[mother]N_peš[fig]N"
"P273880",215,"b ii 4","{ŋeš}x[NA]NA balak[spindle]N","{ŋeš}x balak",0,"{ŋeš}x[NA]NA_balak[spindle]N"
"P247864",181,"o iii 55","kun[tail]N gigir[chariot]N","{ŋeš}kun gigir",0,"kun[tail]N_gigir[chariot]N"
"P370399",173,"o v 27'","ebir[vessel-stand]N gub[stand]V/i","{ŋeš}ebir gub",0,"ebir[vessel-stand]N_gub[stand]V/i"
"P253866",47,"o ii 11'","guza[chair]N kaskal[way]N","{ŋeš}gu-za kaskal",0,"guza[chair]N_kaskal[way]N"
"P271911",17,"o i 10'","ig[door]N kum-ma[NA]NA","ig kum-ma",0,"ig[door]N_kum-ma[NA]NA"
"P253866",100,"r i 3","illar[weapon]N šu[hand]N lugal[king]N","{ŋeš}illar šu lugal",0,"illar[weapon]N_šu[hand]N_lugal[king]N"
"P273880",353,"b iv 16","{ŋeš}niŋ₂-x[NA]NA","{ŋeš}niŋ₂-x",0,"{ŋeš}niŋ₂-x[NA]NA"
"P347814",155,"c i 10'","ninda[vessel]N","{ŋeš}ninda₂",0,"ninda[vessel]N"
"P271301",154,"o iii 42","ŋešnimbar[palm]N uhin[date]N UD-da[NA]NA","{ŋeš}ŋešnimbar u₄-hi-in UD-da",0,"ŋešnimbar[palm]N_uhin[date]N_UD-da[NA]NA"
"P253238",15,"o 12'","an[sky]N usuh[tree]N","{ŋeš}an u₃-suh₅",0,"an[sky]N_usuh[tree]N"
"P273880",642,"d i 22'","gag[nail]N papah[cella]N","{ŋeš}gag pa-pah",0,"gag[nail]N_papah[cella]N"
"Q000001",384,"383","šah[pig]N namuruna[~herd]N","šah₂ nam-urunₓ(EN)-ak",0,"šah[pig]N_namuruna[~herd]N"
"P273880",128,"unknown","unknown","unknown",10,"unknown"
"Q000039",506,"453","niŋkud[~plowshare]N apin[plow]N","{ŋeš}niŋ₂-kud apin",0,"niŋkud[~plowshare]N_apin[plow]N"
"P332934",17,"o i 13","ŋeš[tree]N su[red]V/i","ŋeš su₄",0,"ŋeš[tree]N_su[red]V/i"
"P273880",245,"b ii 38","ban[unit]N u[ten]NU sila[unit]N","{ŋeš}ba-an u sila₃",0,"ban[unit]N_u[ten]NU_sila[unit]N"
"P271320",9,"o i 4'","guza[chair]N nimala[~chair]N","{ŋeš}gu-za ni₂-ma-la₂",0,"guza[chair]N_nimala[~chair]N"
"P447996",210,"r iii 11","x-na[NA]NA","x-na",0,"x-na[NA]NA"
"P273880",559,"c iii 44","ŋešnimbar[palm]N Meluhha[1]GN","{ŋeš}ŋešnimbar me-luh-ha",0,"ŋešnimbar[palm]N_Meluhha[1]GN"
"P250370",5,"5","samana[tree]N","{ŋeš}sa-ma-num₂",0,"samana[tree]N"
"P271911",384,"unknown","unknown","unknown",1,"unknown"
"P492330",15,"o i 13","{ŋeš}x-la₂[NA]NA","{ŋeš}x-la₂",0,"{ŋeš}x-la₂[NA]NA"
"P250364",130,"r ii 15'","{ŋeš}nam-x[NA]NA","{ŋeš}nam-x",0,"{ŋeš}nam-x[NA]NA"
"P346714",59,"r ii 27'","ŋušur[harrow]N sar[garden]N","{ŋeš}gana₂-ur₃ sar",0,"ŋušur[harrow]N_sar[garden]N"
"P247864",216,"o iv 27","kirid[clasp]N","{ŋeš}kirid(EZEN)",0,"kirid[clasp]N"
"P271301",308,"r i 36","ŋešnud[bed]N šatuku[mattress]N","ŋeš-nud šag₄-tuku₅",0,"ŋešnud[bed]N_šatuku[mattress]N"
"P271911",483,"r iii 22","saŋ[head]N tukul[weapon]N saŋ[head]N","saŋ tukul saŋ",0,"saŋ[head]N_tukul[weapon]N_saŋ[head]N"
"P447996",169,"r ii 6","ma[ship]N","{ŋeš}ma₂",0,"ma[ship]N"
"P459217",125,"r i 12'","tulubum[tree]N","{ŋeš}dili-bu-ma",0,"tulubum[tree]N"
"P349893",2,"2","eš[rope]N ma[ship]N","{ŋeš}eš₂ ma₂",0,"eš[rope]N_ma[ship]N"
"P332934",397,"r iv 31'","x[NA]NA margida[cart]N","x mar-gid₂-da",0,"x[NA]NA_margida[cart]N"
"P271911",448,"r ii 50","mete[appropriate-thing]N gud.si.AŠ[ram]N","me-te gud-si-AŠ",0,"mete[appropriate-thing]N_gud.si.AŠ[ram]N"
"Q000001",372,"372","{d}nin-kilim[NA]NA mašmaš[sorcerer]N","{d}nin-kilim maš-maš",0,"{d}nin-kilim[NA]NA_mašmaš[sorcerer]N"
"P271301",28,"o i 25","ŋeštin[vine]N garan[bunch]N","{ŋeš}ŋeštin ga-ra-an",0,"ŋeštin[vine]N_garan[bunch]N"
"P250736",205,"r ii 9","sab[jar]N gal[big]V/i","{dug}sab gal",0,"sab[jar]N_gal[big]V/i"
"P447996",116,"o v 41","ŋešnimbar[palm]N šeŋ[cook]V/t","{ŋeš}ŋešnimbar šeŋ₆",0,"ŋešnimbar[palm]N_šeŋ[cook]V/t"
"P253233",6,"o i 1","dilim[spoon]N","{ŋeš}dilim₂",0,"dilim[spoon]N"
"P347814",42,"a ii 13'","{ŋeš}x[NA]NA","{ŋeš}x",0,"{ŋeš}x[NA]NA"
"P447996",212,"r iii 13","x[NA]NA ma[ship]N","x ma₂",0,"x[NA]NA_ma[ship]N"
"Q000039",25,"23","lam[tree]N","{ŋeš}lam",0,"lam[tree]N"
"P370399",49,"o ii 22'","{ŋeš}me-ta-DIM₂[NA]NA","{ŋeš}me-ta-DIM₂",0,"{ŋeš}me-ta-DIM₂[NA]NA"
"P273880",460,"c ii 4","dilim[spoon]N ŋisal[rudder]N","{ŋeš}dilim₂ ŋisal",0,"dilim[spoon]N_ŋisal[rudder]N"
"P253866",94,"o iii 30'","raba[clamp]N šu-x[NA]NA","{ŋeš}raba šu-x",0,"raba[clamp]N_šu-x[NA]NA"
"P388265",263,"r iv 3","{ŋeš}x-x[NA]NA","{ŋeš}x-x",0,"{ŋeš}x-x[NA]NA"
"P388265",27,"unknown","unknown","unknown",2,"unknown"
"P271911",339,"unknown","unknown","unknown",1,"unknown"
"P429504",29,"o iii' 10","peškal[tree]N","{ŋeš}peš-gal",0,"peškal[tree]N"
"P388265",320,"r v 5","magaz[bench]N burud[perforate]V/t","{ŋeš}ma₂-gaz bur₃-bur₃",0,"magaz[bench]N_burud[perforate]V/t"
"Q000039",328,"290","magur[barge]N Ninlil[1]DN","{ŋeš}ma₂-gur₈ {d}nin-lil₂",0,"magur[barge]N_Ninlil[1]DN"
"P459216",116,"r ii 1'","{ŋeš}KID-x-ŋa₂-x[NA]NA","{ŋeš}KID-x-ŋa₂-x",0,"{ŋeš}KID-x-ŋa₂-x[NA]NA"
"P235262",20,"a i 16'","šinig[tamarisk]N","{ŋeš}šinig",0,"šinig[tamarisk]N"
"P388265",4,"i 6","mes[tree]N giggi[black]V/i","{ŋeš}mes giggi",0,"mes[tree]N_giggi[black]V/i"
"P388265",36,"ii 19","tir[forest]N izi[fire]N gu[eat]V/t","{ŋeš}tir izi gu₇",0,"tir[forest]N_izi[fire]N_gu[eat]V/t"
"P271911",424,"r ii 31","x[NA]NA zabar(|UD.KA.BAR|)-gub[NA]NA","x zabar(|UD.KA.BAR|)-gub",0,"x[NA]NA_zabar(|UD.KA.BAR|)-gub[NA]NA"
"P273880",561,"c iii 46","ŋešnimbar[palm]N niŋlalarum[dessert]N","{ŋeš}ŋešnimbar niŋ₂-la-la-rum",0,"ŋešnimbar[palm]N_niŋlalarum[dessert]N"
"Q000039",570,"513","dur[board]N ešŋar[part-of-a-loom]N","{ŋeš}dur₂ eš-ŋar",0,"dur[board]N_ešŋar[part-of-a-loom]N"
"Q000039",81,"64","isimu[sprout]N","{ŋeš}isimu₃{+mu₂}",0,"isimu[sprout]N"
"P347815",3,"o 2","kuŋ[stair]N bad[wall]N","{ŋeš}kuŋ₅ bad₃",0,"kuŋ[stair]N_bad[wall]N"
"P253230",5,"o i 1","apin[plow]N šu[hand]N","{ŋeš}apin šu",0,"apin[plow]N_šu[hand]N"
"P271911",622,"r v 1'","šaʾuša[lance]N","{ŋeš}za-u₁₉-ša",0,"šaʾuša[lance]N"
"P347815",11,"unknown","unknown","unknown",999,"unknown"
"P332934",328,"r iii 31'","gag[nail]N ma[ship]N","{ŋeš}gag ma₂",0,"gag[nail]N_ma[ship]N"
"P437074",164,"unknown","unknown","unknown",999,"unknown"
"P251649",4,"o 3","sa[net]N gal[big]V/i","{ŋeš}sa gal",0,"sa[net]N_gal[big]V/i"
"P250736",266,"r iii 27","gurgur[vessel]N a[water]N","{dug}gur₄-gur₄ a",0,"gurgur[vessel]N_a[water]N"
"P271549",13,"8'","x[NA]NA","x",0,"x[NA]NA"
"Q000001",157,"157","sila[lamb]N igidu[gift]N","sila₄ igi-duh-a",0,"sila[lamb]N_igidu[gift]N"
"Q000039",10,"8","ŋeštin[vine]N","{ŋeš}ŋeštin",0,"ŋeštin[vine]N"
"P247864",322,"o vi 6","{ŋeš}sig-ga[NA]NA","{ŋeš}sig-ga",0,"{ŋeš}sig-ga[NA]NA"
"P332930",4,"o 2","magur[barge]N","{ŋeš}ma₂-gur",0,"magur[barge]N"
"Q000001",197,"197","gud[ox]N an[sky]N","gud an",0,"gud[ox]N_an[sky]N"
"P253228",69,"r ii 8'","šennur[plum]N","{ŋeš}šennur",0,"šennur[plum]N"
"P271911",346,"r i 32'","niŋgul[hatchet]N mud[tube]N","niŋ₂-gul mud",0,"niŋgul[hatchet]N_mud[tube]N"
"Q000001",313,"313","durah[goat]N","durah",0,"durah[goat]N"
"P332934",129,"o ii 46","girinum[plant]N","{ŋeš}gi-ri-num₂",0,"girinum[plant]N"
"P349893",9,"9","ŋeš[tree]N","ŋeš",0,"ŋeš[tree]N"
"P459226",40,"o iii 4'","{ŋeš}x[NA]NA","{ŋeš}x",0,"{ŋeš}x[NA]NA"
"P332934",326,"r iii 29'","mete[appropriate-thing]N ma[ship]N","{ŋeš}me-te-na ma₂",0,"mete[appropriate-thing]N_ma[ship]N"
"P332939",31,"o ii 9","ildag[poplar]N","{ŋeš}ildag₂",0,"ildag[poplar]N"
"P297185",4,"2","tiʾarum[tree]N","{ŋeš}ti-a-ru-um",0,"tiʾarum[tree]N"
"P273880",66,"a ii 48'","margida[cart]N šudu[equipped]AJ","{ŋeš}mar-gid₂-da šu-du₇",0,"margida[cart]N_šudu[equipped]AJ"
"Q000039",283,"247","kuŋ[stair]N bad[wall]N","{ŋeš}kuŋ₄ bad₃",0,"kuŋ[stair]N_bad[wall]N"
"P271301",354,"r ii 38","{ŋeš}e₂-bal[NA]NA","{ŋeš}e₂-bal",0,"{ŋeš}e₂-bal[NA]NA"
"P346714",110,"r iii 32'","al[hoe]N saŋ[head]N ŋal[be]V/i","{ŋeš}al saŋ ŋal₂",0,"al[hoe]N_saŋ[head]N_ŋal[be]V/i"
"P347814",159,"c i 14'","zigan[rudder]N","{ŋeš}zi-gan",0,"zigan[rudder]N"
"P228196",18,"18","ebir[vessel-stand]N gub[stand]V/i","{ŋeš}ebir gub",0,"ebir[vessel-stand]N_gub[stand]V/i"
"P271911",487,"r iii 25","lirum[strength]N","lirum",0,"lirum[strength]N"
"P247864",288,"o v 36","{ŋeš}x-x[NA]NA x[NA]NA","{ŋeš}x-x x",0,"{ŋeš}x-x[NA]NA_x[NA]NA"
"P332934",393,"r iv 27'","x[NA]NA margida[cart]N","x mar-gid₂-da",0,"x[NA]NA_margida[cart]N"
"P271771",7,"o ii 5","an[sky]N usuh[tree]N","{ŋeš}an u₃-suh₅",0,"an[sky]N_usuh[tree]N"
"P332930",28,"r 7","ma[ship]N ŋeš[sixty]NU gur[unit]N","{ŋeš}ma₂ ŋeš₂ gur",0,"ma[ship]N_ŋeš[sixty]NU_gur[unit]N"
"P250736",320,"r iv 38","bad[wall]N gal[big]V/i","bad₃ gu-la",0,"bad[wall]N_gal[big]V/i"
"P332934",5,"o i 1","taškarin[boxwood]N","{ŋeš}taškarin",0,"taškarin[boxwood]N"
"P271301",89,"o ii 37","manu[wood]N kalag[strong]V/i","{ŋeš}ma-nu kalag",0,"manu[wood]N_kalag[strong]V/i"
"P388265",104,"iv 21","šag[heart]N ŋešnimbar[palm]N","šag₄ ŋešnimbar",0,"šag[heart]N_ŋešnimbar[palm]N"
"Q000001",199,"199","gud[ox]N kun[tail]N","gud kun",0,"gud[ox]N_kun[tail]N"
"Q000001",212,"212","ab[cow]N utud[bear]V/t","ab₂ tud",0,"ab[cow]N_utud[bear]V/t"
"P271911",327,"r i 17'","illar[weapon]N niŋin[encircle]V/t","illar niŋin",0,"illar[weapon]N_niŋin[encircle]V/t"
"Q000039",218,"184","guza[chair]N munus[woman]N","{ŋeš}gu-za munus",0,"guza[chair]N_munus[woman]N"
"Q000039",740,"669","{ŋeš}URI[NA]NA","{ŋeš}URI",0,"{ŋeš}URI[NA]NA"
"P388265",228,"r iii 7","guza[chair]N unkin[assembly]N","{ŋeš}gu-za unkin",0,"guza[chair]N_unkin[assembly]N"
"P253238",41,"r 18","x[NA]NA","x",0,"x[NA]NA"
"P250736",251,"r iii 12","epig[vessel]N gud[ox]N","{dug}epig gud",0,"epig[vessel]N_gud[ox]N"
"P332934",90,"o ii 7","manu[wood]N šu[hand]N ak[do]V/t","{ŋeš}ma-nu šu ak",0,"manu[wood]N_šu[hand]N_ak[do]V/t"
"P271301",307,"r i 35","ŋešnud[bed]N umbin[nail]N aški[rushes]N","ŋeš-nud umbin {+a}aški",0,"ŋešnud[bed]N_umbin[nail]N_aški[rushes]N"
"P429503",119,"r i' 23'","naŋasikaz[pestle]N","{ŋeš}naŋa₃-si₃-gaz",0,"naŋasikaz[pestle]N"
"P273880",656,"d i 39'","{ŋeš}x[NA]NA tur[small]V/i","{ŋeš}x tur",0,"{ŋeš}x[NA]NA_tur[small]V/i"
"X100003",28,"r 12","peš[fig]N Subir[1]GN","{ŋeš}peš₃ su-bir{ki}",0,"peš[fig]N_Subir[1]GN"
"P459217",172,"r iv 6","x-IB[NA]NA","x-IB",0,"x-IB[NA]NA"
"P247864",399,"o vii 18'","{ŋeš}x-a[NA]NA","{ŋeš}x-a",0,"{ŋeš}x-a[NA]NA"
"P273880",334,"b iii 62","dagsi[hook]N","{ŋeš}dag-si",0,"dagsi[hook]N"
"P271301",442,"r iv 23","gag[nail]N zara[pivot]N gigir[chariot]N","{ŋeš}gag za-ra gigir",0,"gag[nail]N_zara[pivot]N_gigir[chariot]N"
"Q000039",693,"625","ganum[stand]N a[water]N","{ŋeš}ga-an-nu a",0,"ganum[stand]N_a[water]N"
"P273880",451,"c i 56","anzagar[tower]N","{ŋeš}an-za-gar₃",0,"anzagar[tower]N"
"Q000039",497,"445","apin[plow]N šudu[equipped]AJ","{ŋeš}apin šu-nu-du₇",0,"apin[plow]N_šudu[equipped]AJ"
"Q000039",407,"362","saŋdur[seat]N margida[cart]N","{ŋeš}saŋ-dur₂ mar-gid₂-da",0,"saŋdur[seat]N_margida[cart]N"
"P388265",162,"r i 40","ellag[ball]N","{ŋeš}ellag",0,"ellag[ball]N"
"P253230",36,"o ii 14","apin[plow]N tugsaga[plow]N","{ŋeš}apin dug₃-sig₁₈",0,"apin[plow]N_tugsaga[plow]N"
"P247864",176,"o iii 50","e[house]N gigir[chariot]N","{ŋeš}e₂ gigir",0,"e[house]N_gigir[chariot]N"
"P332934",399,"r iv 33'","x-x[NA]NA","x-x",0,"x-x[NA]NA"
"P459216",58,"ii 26","zirdum[olive]N","{ŋeš}zi₂-ir-dum",0,"zirdum[olive]N"
"P273880",24,"unknown","unknown","unknown",20,"unknown"
"P250736",146,"o iv 39","gi[reed]N HAR-x[NA]NA","gi HAR-x",0,"gi[reed]N_HAR-x[NA]NA"
"P347814",159,"c i 14'","zigan[rudder]N","{ŋeš}zi-gan",0,"zigan[rudder]N"
"Q000039",600,"541","šul[youth]V/i katar[praise]N","{ŋeš}šul ka-tar",0,"šul[youth]V/i_katar[praise]N"
"Q000039",563,"506","udug[weapon]N","{ŋeš}udug₂",0,"udug[weapon]N"
"Q000039",520,"464","ninda[seed-funnel]N apin[plow]N","{ŋeš}ninda₂ apin",0,"ninda[seed-funnel]N_apin[plow]N"
"P447996",204,"unknown","unknown","unknown",5,"unknown"
"P332934",305,"r iii 8'","ma[ship]N {d}gu₂-du₈[NA]NA","{ŋeš}ma₂ {d}gu₂-du₈",0,"ma[ship]N_{d}gu₂-du₈[NA]NA"
"Q000039",193,"160","guza[chair]N","{ŋeš}gu-za",0,"guza[chair]N"
"P247864",337,"o vi 21","pana[bow]N x-x[NA]NA tab[burn]V/t","{ŋeš}pana x-x tab",0,"pana[bow]N_x-x[NA]NA_tab[burn]V/t"
"P388265",112,"iv 29","su[fibers]N ŋešnimbar[palm]N","{ŋeš}su₁₁{+zu} ŋešnimbar",0,"su[fibers]N_ŋešnimbar[palm]N"
"P388265",32,"ii 15","adar[plant]N","{ŋeš}a-dar",0,"adar[plant]N"
"P273880",383,"b iv 50","kakpana[arrow]N","{ŋeš}kak-pana",0,"kakpana[arrow]N"
"P271519",10,"o ii' 2","šuʾa[stool]N dus[bathroom]N","{ŋeš}šu₂-a du₁₀-us₂",0,"šuʾa[stool]N_dus[bathroom]N"
"P271301",371,"r iii 4","magilum[boat]N","{ŋeš}ma₂-gi-lum",0,"magilum[boat]N"
"P388265",140,"r i 18","da[side-board]N apin[plow]N","{ŋeš}da apin",0,"da[side-board]N_apin[plow]N"
"P271301",435,"r iv 16","{ŋeš}x-zi[NA]NA gigir[chariot]N","{ŋeš}x-zi gigir",0,"{ŋeš}x-zi[NA]NA_gigir[chariot]N"
"P253228",64,"r ii 3'","{ŋeš}x[NA]NA","{ŋeš}x",0,"{ŋeš}x[NA]NA"
"P332934",394,"r iv 28'","x[NA]NA margida[cart]N","x mar-gid₂-da",0,"x[NA]NA_margida[cart]N"
"P273880",378,"b iv 45","gag[nail]N dud[mound]N bal[dig]V/t","{ŋeš}gag du₆ ba-l·a₂",0,"gag[nail]N_dud[mound]N_bal[dig]V/t"
"P273880",221,"b ii 10","emerah[jug]N iŋeš[oil]N","{ŋeš}emerahₓ(|U.U.HUB₂|) i₃-ŋeš",0,"emerah[jug]N_iŋeš[oil]N"
"P388265",339,"r v 24","ušub[brick-mold]N","{ŋeš}u₃-šub",0,"ušub[brick-mold]N"
"Q000039",254,"218","ŋešnud[bed]N umbin[nail]N","ŋeš-nud umbin",0,"ŋešnud[bed]N_umbin[nail]N"
"P250736",293,"r iv 11","im[clay]N kugsig[gold]N","im kug-sig₁₇",0,"im[clay]N_kugsig[gold]N"
"P346867",3,"3","{ŋeš}KAL[NA]NA","{ŋeš}KAL",0,"{ŋeš}KAL[NA]NA"
"P388265",358,"r v 48","negipum[tool]N","{ŋeš}ne-ki-pu-um",0,"negipum[tool]N"
"Q000039",466,"417","ašita[equipment]N tug[textile]N","{ŋeš}a₂-šu-du₇ tug₂",0,"ašita[equipment]N_tug[textile]N"
"Q000039",1,"1","taškarin[boxwood]N","{ŋeš}taškarin",0,"taškarin[boxwood]N"
"Q000039",753,"682","kunsig[bristle]N","{ŋeš}kun-sigₓ(UMBIN)",0,"kunsig[bristle]N"
"P235262",47,"c ii 23'","buniŋ[trough]N","{ŋeš}buniŋ",0,"buniŋ[trough]N"
"P253866",52,"o ii 16'","guza[chair]N munus[woman]N","{ŋeš}gu-za munus",0,"guza[chair]N_munus[woman]N"
"Q000039",138,"115","samana[tree]N","{ŋeš}sa-ma-na₂",0,"samana[tree]N"
"P235262",123,"d ii 28'","saŋkul[bolt]N margida[cart]N","{ŋeš}saŋ-kul mar-gid₂-da",0,"saŋkul[bolt]N_margida[cart]N"
"P447996",172,"r ii 9","Madurahabzu[1]ON","{ŋeš}ma₂-durah-abzu",0,"Madurahabzu[1]ON"
"P273880",19,"a i 16'","ŋeštin[vine]N nim[high]V/i","{ŋeš}ŋeštin nim",0,"ŋeštin[vine]N_nim[high]V/i"
"P250736",276,"r iii 37","gir[oven]N","gir₄",0,"gir[oven]N"
"P247864",343,"o vi 27","banšur[table]N ŋešhur[plan]N","{ŋeš}banšur ŋeš-hur",0,"banšur[table]N_ŋešhur[plan]N"
"P332939",28,"o ii 6","{ŋeš}x[NA]NA","{ŋeš}x",0,"{ŋeš}x[NA]NA"
"P459216",177,"r iv 9'","DUB.du₃[~vehicle]N bar[outside]V/t","{ŋeš}šid-du₁₀ bar",0,"DUB.du₃[~vehicle]N_bar[outside]V/t"
"X100003",31,"r 15","peš[fig]N šergu[string]N","{ŋeš}peš₃ še-er-kum",0,"peš[fig]N_šergu[string]N"
"P271911",601,"r iv 55","ganum[stand]N","ŋa₂-an-nu",0,"ganum[stand]N"
"Q000039",227,"192","guza[chair]N mes[tree]N","{ŋeš}gu-za {ŋeš}mes",0,"guza[chair]N_mes[tree]N"
"P253887",6,"o 3","ma[ship]N ŋeš[sixty]NU gur[unit]N","ma₂ ŋeš₂{+mi-iš?} gur",0,"ma[ship]N_ŋeš[sixty]NU_gur[unit]N"
"P459217",70,"iii 20","uluh[sapling]N kiri[orchard]N","{ŋeš}u₃-luh {ŋeš}kiri₆",0,"uluh[sapling]N_kiri[orchard]N"
"P370399",168,"o v 22'","naŋa[mortar]N še[barley]N","{ŋeš}naŋa₃ še",0,"naŋa[mortar]N_še[barley]N"
"P247864",156,"o iii 30","gag[nail]N umbin[wheel]N margida[cart]N","{ŋeš}gag umbin mar-gid₂-da",0,"gag[nail]N_umbin[wheel]N_margida[cart]N"
"P235262",49,"c ii 25'","buniŋ[trough]N gal[big]V/i","{ŋeš}buniŋ gu-la",0,"buniŋ[trough]N_gal[big]V/i"
"P332930",27,"r 6","ma[ship]N dirig[float]V/i","{ŋeš}ma₂ dirig",0,"ma[ship]N_dirig[float]V/i"
"P250736",267,"r iii 28","gurgur[vessel]N ŋeštin[vine]N","{dug}gur₄-gur₄ ŋeštin",0,"gurgur[vessel]N_ŋeštin[vine]N"
"P271301",209,"o iv 43","zutianum[tree]N","{ŋeš}zu₃-te-nu-um",0,"zutianum[tree]N"
"Q000039",749,"678","dih[weed]N","{ŋeš}dih₃",0,"dih[weed]N"
"P271301",235,"o v 8'","ba[tool]N šab[cut]V/t","{ŋeš}ba šab",0,"ba[tool]N_šab[cut]V/t"
"P459218",17,"o i 21'","nukušu[~door]N","{ŋeš}nu-kuš₂",0,"nukušu[~door]N"
"Q000039",317,"279","ma[ship]N ŋeš[sixty]NU gur[unit]N","{ŋeš}ma₂ ŋeš₂ gur",0,"ma[ship]N_ŋeš[sixty]NU_gur[unit]N"
"P437074",105,"b iii 9'","guza[chair]N x[NA]NA x[NA]NA","{ŋeš}gu-za x x",0,"guza[chair]N_x[NA]NA_x[NA]NA"
"Q000039",430,"383","ig[door]N ul[fruit]N","{ŋeš}ig ul",0,"ig[door]N_ul[fruit]N"
"P459217",152,"r ii 21'","tun[container]N x[NA]NA","{ŋeš}tun₃ x",0,"tun[container]N_x[NA]NA"
"P332934",235,"o iv 6'","zaraštum[plant]N","{ŋeš}zar-aš₂-tum",0,"zaraštum[plant]N"
"Q000039",97,"77a","ŋešnimbar[palm]N gighab[disease]N","{ŋeš}ŋešnimbar gig-hab₂",0,"ŋešnimbar[palm]N_gighab[disease]N"
"P273880",417,"c i 20","alal[tube]N","{ŋeš}alal",0,"alal[tube]N"
"P250736",146,"o iv 39","gi[reed]N HAR-x[NA]NA","gi HAR-x",0,"gi[reed]N_HAR-x[NA]NA"
"P346867",2,"2","{ŋeš}KAL[NA]NA","{ŋeš}KAL",0,"{ŋeš}KAL[NA]NA"
"P299509",3,"3","ŋešnud[bed]N kinud[bedroom]N","ŋeš-nud ki-nud",0,"ŋešnud[bed]N_kinud[bedroom]N"
"Q000001",77,"77","udu[sheep]N ki[place]N ŋar[place]V/t","udu ki ŋar",0,"udu[sheep]N_ki[place]N_ŋar[place]V/t"
"Q000001",40,"40","udu[sheep]N saʾadnim[disease]N","udu sa-ad-nim",0,"udu[sheep]N_saʾadnim[disease]N"
"P273880",53,"a ii 27'","nig[~plow]N apin[plow]N","{ŋeš}nig-ga apin",0,"nig[~plow]N_apin[plow]N"
"P332934",229,"unknown","unknown","unknown",999,"unknown"
"P459216",44,"ii 12","KID.da[twig]N","{ŋeš}E₂-da",0,"KID.da[twig]N"
"P271911",102,"o ii 27","garig[comb]N saŋdu[head]N","ga-rig₂ saŋ-du",0,"garig[comb]N_saŋdu[head]N"
"P271301",262,"o v 35'","guza[chair]N anše[equid]N","{ŋeš}gu-za anše",0,"guza[chair]N_anše[equid]N"
"P459217",10,"i 9'","hašhur[apple]N","{ŋeš}hašhur",0,"hašhur[apple]N"
"P253228",39,"r i 3","{ŋeš}mi-x[NA]NA","{ŋeš}mi-x",0,"{ŋeš}mi-x[NA]NA"
"P273880",624,"c iv 58","kur[wood]N","{ŋeš}kur",0,"kur[wood]N"
"P459217",41,"ii 17'","manu[wood]N šu[hand]N ak[do]V/t","{ŋeš}ma-nu šu ak",0,"manu[wood]N_šu[hand]N_ak[do]V/t"
"P447996",131,"r i 13","suhur[tuft]N ŋešnimbar[palm]N","{ŋeš}suhur ŋešnimbar",0,"suhur[tuft]N_ŋešnimbar[palm]N"
"Q000039",706,"637","murgu[shoulder]N gud.si.AŠ[ram]N","{ŋeš}murgu gud-si-AŠ",0,"murgu[shoulder]N_gud.si.AŠ[ram]N"
"P271301",46,"o i 43","hašhur[apple]N kurdilum[fruit-tree]N","{ŋeš}hašhur kur-di-lum",0,"hašhur[apple]N_kurdilum[fruit-tree]N"
"P332934",5,"o i 1","taškarin[boxwood]N","{ŋeš}taškarin",0,"taškarin[boxwood]N"
"P273880",652,"d i 35'","ŋeš[tree]N dar[split]V/t","ŋeš dar",0,"ŋeš[tree]N_dar[split]V/t"
"Q000039",183,"152a","ba[tool]N zu[stone]N","{ŋeš}ba zu₂",0,"ba[tool]N_zu[stone]N"
"Q000001",323,"323","immal[cow]N","immal₂",0,"immal[cow]N"
"P271301",10,"o i 7","esi[tree]N Meluhha[1]GN","{ŋeš}esi me-luh-ha{ki}",0,"esi[tree]N_Meluhha[1]GN"
"P271301",338,"r ii 22","u[planking]N kuŋ[stair]N","{ŋeš}u₅ kun₄",0,"u[planking]N_kuŋ[stair]N"
"Q000001",84,"84","udu[sheep]N terzum[presentation]N","udu te-er-zum",0,"udu[sheep]N_terzum[presentation]N"
"P271301",179,"o iv 13","su[fibers]N gal[big]V/i ŋešnimbar[palm]N","{ŋeš}su₁₁ gu-la ŋešnimbar",0,"su[fibers]N_gal[big]V/i_ŋešnimbar[palm]N"
"P247864",221,"o iv 32","ig[door]N","{ŋeš}ig",0,"ig[door]N"
"P388265",247,"r iii 26","{ŋeš}zag-ZI[NA]NA ŋešnud[bed]N","{ŋeš}zag-ZI nud",0,"{ŋeš}zag-ZI[NA]NA_ŋešnud[bed]N"
"P247864",195,"o iv 6","šudul[yoke]N gigir[chariot]N","{ŋeš}šu₂-dul₄ gigir",0,"šudul[yoke]N_gigir[chariot]N"
"P437074",5,"unknown","unknown","unknown",999,"unknown"
"Q000001",223,"223","amar[young]N ga[milk]N","amar ga",0,"amar[young]N_ga[milk]N"
"P388265",180,"r ii 7","kinud[bedroom]N margida[cart]N","{ŋeš}ki-nu₂ mar-gid₂-da",0,"kinud[bedroom]N_margida[cart]N"
"P429503",144,"r ii' 20'","ir[peg]N","{ŋeš}ir",0,"ir[peg]N"
"P447996",223,"r iii 24","bar[outside]V/t šag[heart]N ma[ship]N","{ŋeš}bar šag₄ ma₂",0,"bar[outside]V/t_šag[heart]N_ma[ship]N"
"Q000001",168,"168","sila[lamb]N gub[~sheep]V/t","sila₄ gub",0,"sila[lamb]N_gub[~sheep]V/t"
"P271301",364,"r ii 48","ma[ship]N x[NA]NA","{ŋeš}ma₂ x",0,"ma[ship]N_x[NA]NA"
"P250736",180,"r i 34","anzalub[pith]N","{gi}anzalub",0,"anzalub[pith]N"
"P370399",193,"o vii 5'","gimuš[pole]N","{ŋeš}gi-nu-uš",0,"gimuš[pole]N"
"P459784",4,"2'","šenu[tree]N","{ŋeš}še-nu",0,"šenu[tree]N"
"P447996",168,"r ii 5","{ŋeš}an-šag₄-bi[NA]NA ŋešnimbar[palm]N","{ŋeš}an-šag₄-bi ŋešnimbar",0,"{ŋeš}an-šag₄-bi[NA]NA_ŋešnimbar[palm]N"
"P459227",5,"o i 2'","x-lu₂[NA]NA","x-lu₂",0,"x-lu₂[NA]NA"
"P271911",101,"o ii 26","garig[comb]N siki[hair]N","ga-rig₂ siki",0,"garig[comb]N_siki[hair]N"
"P388265",3,"i 5","mes[tree]N babbar[white]V/i","{ŋeš}mes babbar",0,"mes[tree]N_babbar[white]V/i"
"Q000039",649,"583","mar[shovel]N ninda[bread]N sag[rare]V/i","{ŋeš}mar ninda sag₁₀",0,"mar[shovel]N_ninda[bread]N_sag[rare]V/i"
"P388265",63,"iii 13","maš[plant]N","{ŋeš}maš",0,"maš[plant]N"
"P273880",59,"a ii 33'","apin[plow]N zir[break]V/t","{ŋeš}apin zi",0,"apin[plow]N_zir[break]V/t"
"P250736",155,"r i 9","ig[door]N sal[thin]V/i","{gi}ig sal",0,"ig[door]N_sal[thin]V/i"
"Q000001",266,"266","muš[snake]N ušumgal[dragon]N","muš ušumgal",0,"muš[snake]N_ušumgal[dragon]N"
"P253230",12,"o i 7","apin[plow]N šudu[equipped]AJ","{ŋeš}apin šu-du₇",0,"apin[plow]N_šudu[equipped]AJ"
"P388265",247,"r iii 26","{ŋeš}zag-ZI[NA]NA ŋešnud[bed]N","{ŋeš}zag-ZI nud",0,"{ŋeš}zag-ZI[NA]NA_ŋešnud[bed]N"
"P332934",224,"o iii 62","ŋali[~palm]N ŋešnimbar[palm]N","{ŋeš}ŋa₂-ŋa₂-na ŋešnimbar",0,"ŋali[~palm]N_ŋešnimbar[palm]N"
"Q000039",311,"273a","ma[ship]N X-LAGAB[NA]NA","{ŋeš}ma₂ X-LAGAB",0,"ma[ship]N_X-LAGAB[NA]NA"
"P347814",54,"a ii 25'","{ŋeš}x[NA]NA","{ŋeš}x",0,"{ŋeš}x[NA]NA"
"P459226",14,"o i 11'","peš[fig]N šergu[string]N","{ŋeš}peš₃ še-er-gu",0,"peš[fig]N_šergu[string]N"
"P271771",25,"o iii 2","mesgam[tree]N","{ŋeš}mes-gam₃",0,"mesgam[tree]N"
"P273880",144,"a iv 41'","x-x[NA]NA","x-x",0,"x-x[NA]NA"
"P271301",386,"r iii 19","e[house]N ma[ship]N","{ŋeš}e₂ ma₂",0,"e[house]N_ma[ship]N"
"P228105",22,"r ii 2","namulum[wooden-object]N","{ŋeš}na-mu-ul-lum",0,"namulum[wooden-object]N"
"P273880",340,"b iv 3","zamin[lyre]N","{ŋeš}za₃-mi₂",0,"zamin[lyre]N"
"P271301",461,"r iv 42","{ŋeš}LIŠ[NA]NA usan[whip]N","{ŋeš}LIŠ usan₃",0,"{ŋeš}LIŠ[NA]NA_usan[whip]N"
"P459216",85,"iii 24","{ŋeš}x[NA]NA","{ŋeš}x",0,"{ŋeš}x[NA]NA"
"P117395",4,"o 3","raba[clamp]N","{ŋeš}raba",0,"raba[clamp]N"
"P388265",404,"r vi 48","sigsig[musical-instrument]N","{ŋeš}sig₃-sig₃",0,"sigsig[musical-instrument]N"
"P492330",23,"o ii 6","tukul[weapon]N Suen[1]DN","{ŋeš}tukul {d}suen",0,"tukul[weapon]N_Suen[1]DN"
"P271911",530,"unknown","unknown","unknown",1,"unknown"
"P247864",396,"o vii 15'","{ŋeš}x[NA]NA x-x[NA]NA","{ŋeš}x x-x",0,"{ŋeš}x[NA]NA_x-x[NA]NA"
"P271301",427,"r iv 8","{ŋeš}x[NA]NA x[NA]NA gigir[chariot]N","{ŋeš}x x gigir",0,"{ŋeš}x[NA]NA_x[NA]NA_gigir[chariot]N"
"P459218",92,"o iv 13","{ŋeš}x[NA]NA","{ŋeš}x",0,"{ŋeš}x[NA]NA"
"P247864",366,"o vi 50","dilim[spoon]N tur[small]V/i","{ŋeš}dilim₂ tur",0,"dilim[spoon]N_tur[small]V/i"
"P247864",216,"o iv 27","kirid[clasp]N","{ŋeš}kirid(EZEN)",0,"kirid[clasp]N"
"P273880",644,"d i 24'","ŋešgu[stock]N","ŋeš-gu₂",0,"ŋešgu[stock]N"
"P271301",234,"o v 7'","ba[tool]N pa-x[NA]NA","{ŋeš}ba pa-x",0,"ba[tool]N_pa-x[NA]NA"
"P459218",95,"o iv 16","{ŋeš}x[NA]NA","{ŋeš}x",0,"{ŋeš}x[NA]NA"
"P332934",253,"o iv 24'","gilim[foliage]N abzu[water]N","{ŋeš}niŋ₂-gu₂-gilim abzu",0,"gilim[foliage]N_abzu[water]N"
"P271911",189,"o iii 34'","gag[nail]N sudin[bat]N apin[plow]N","gag su-din apin",0,"gag[nail]N_sudin[bat]N_apin[plow]N"
"Q000001",13,"13","udu[sheep]N gukkal[sheep]N niga[fattened]V/i","udu gukkal niga",0,"udu[sheep]N_gukkal[sheep]N_niga[fattened]V/i"
"P388265",69,"iii 19","ilianum[tree]N","{ŋeš}e-li-a-num",0,"ilianum[tree]N"
"P253238",27,"r 4","kur[wood]N","{ŋeš}kur",0,"kur[wood]N"
"X100003",22,"r 6","ŋeštin[vine]N igi[eye]N gud[ox]N","{ŋeš}ŋeštin igi gud",0,"ŋeštin[vine]N_igi[eye]N_gud[ox]N"
"P447996",166,"r ii 3","{ŋeš}x-bu-ga[NA]NA ŋešnimbar[palm]N","{ŋeš}x-bu-ga ŋešnimbar",0,"{ŋeš}x-bu-ga[NA]NA_ŋešnimbar[palm]N"
"P346714",90,"r iii 12'","{ŋeš}URI[NA]NA","{ŋeš}URI",0,"{ŋeš}URI[NA]NA"
"P247864",64,"o ii 1","asal[poplar]N","{ŋeš}asal₂",0,"asal[poplar]N"
"P247864",155,"o iii 29","umbin[wheel]N margida[cart]N","{ŋeš}umbin mar-gid₂-da",0,"umbin[wheel]N_margida[cart]N"
"P271301",216,"o iv 50","buzunuma[plant]N","{ŋeš}bu-zu₂-nu-ma",0,"buzunuma[plant]N"
"P388265",335,"r v 20","murgu[shoulder]N gud.si.AŠ[ram]N","{ŋeš}murgu₂ gud-si-AŠ",0,"murgu[shoulder]N_gud.si.AŠ[ram]N"
"P247864",37,"o i 34","dih[weed]N","{ŋeš}dih₃(NIM)",0,"dih[weed]N"
"P271301",211,"o iv 45","zarsi[plant]N","{ŋeš}zar",0,"zarsi[plant]N"
"Q000039",26,"24","eš[tree]N","{ŋeš}eš₂₂",0,"eš[tree]N"
"P388265",234,"r iii 13","guza[chair]N lugal[king]N","{ŋeš}gu-za lugal",0,"guza[chair]N_lugal[king]N"
"Q000039",184,"153","ba[tool]N amar[young]N","{ŋeš}ba amar",0,"ba[tool]N_amar[young]N"
"P347814",217,"c ii 23'","mar[shovel]N x[NA]NA","{ŋeš}mar x",0,"mar[shovel]N_x[NA]NA"
"P429503",176,"r iii' 19'","gag[nail]N x-x[NA]NA","{ŋeš}gag x-x",0,"gag[nail]N_x-x[NA]NA"
"Q000039",283,"247","kuŋ[stair]N bad[wall]N","{ŋeš}kuŋ₄ bad₃",0,"kuŋ[stair]N_bad[wall]N"
"P273712",21,"r i 11","ušub[brick-mold]N ab[window]N","{ŋeš}u₃-šub ab",0,"ušub[brick-mold]N_ab[window]N"
"P429503",172,"r iii' 15'","manhara[vessel]N margida[cart]N","{ŋeš}nam-ha-ra mar-gid₂-da",0,"manhara[vessel]N_margida[cart]N"
"P347814",241,"c ii 47'","dimlumagurak[instrument]N","{ŋeš}dim₃-{lu₂}ma₂-gur₈",0,"dimlumagurak[instrument]N"
"P437074",43,"b i 4''","peškal[tree]N","{ŋeš}peš₇-kal",0,"peškal[tree]N"
"P271301",438,"r iv 19","ŋirigub[footstool]N gigir[chariot]N","{ŋeš}ŋiri₃-gub gigir",0,"ŋirigub[footstool]N_gigir[chariot]N"
"P228683",4,"r 1","hašhur[apple]N damšelum[plant]N","{ŋeš}hašhur dam-ši-lum",0,"hašhur[apple]N_damšelum[plant]N"
"P250736",175,"r i 29","gakkul[mash-tub]N kaš[beer]N","{gi}gakkul₃ kaš",0,"gakkul[mash-tub]N_kaš[beer]N"
"P271911",354,"r i 38'","mar[shovel]N","mar",0,"mar[shovel]N"
"P273880",601,"c iv 35","tulubum[tree]N","{ŋeš}dili-bu",0,"tulubum[tree]N"
"P388265",396,"r vi 37","{ŋeš}ma-du-um[NA]NA","{ŋeš}ma-du-um",0,"{ŋeš}ma-du-um[NA]NA"
"P247864",340,"o vi 24","ŋeš-hur-ra[NA]NA nagar[carpenter]N","ŋeš-hur-ra nagar",0,"ŋeš-hur-ra[NA]NA_nagar[carpenter]N"
"Q000039",475,"424a","{ŋeš}BAR[NA]NA balak[spindle]N","{ŋeš}BAR balak",0,"{ŋeš}BAR[NA]NA_balak[spindle]N"
"P273880",508,"c ii 53","aga[ax]N","{ŋeš}aga",0,"aga[ax]N"
"P250363",5,"o 4'","ig[door]N eren[cedar]N","{ŋeš}ig {ŋeš}eren",0,"ig[door]N_eren[cedar]N"
"P250736",300,"r iv 18","šeg[brick]N","šeg₁₂",0,"šeg[brick]N"
"P447996",143,"r i 25","dala[thorn]N tur[small]V/i ŋešnimbar[palm]N","{ŋeš}dala₂ tur ŋešnimbar",0,"dala[thorn]N_tur[small]V/i_ŋešnimbar[palm]N"
"Q000039",229,"194","guza[chair]N mes[tree]N Meluhha[1]GN","{ŋeš}gu-za {ŋeš}mes me-luh-ha{ki}",0,"guza[chair]N_mes[tree]N_Meluhha[1]GN"
"P332934",23,"o i 19","ŋeštin[vine]N garan[bunch]N","{ŋeš}ŋeštin ga-ra-an",0,"ŋeštin[vine]N_garan[bunch]N"
"P273880",381,"b iv 48","kakaku[profession]N mu[grow]V/t","{ŋeš}kak-a-ku mu₂",0,"kakaku[profession]N_mu[grow]V/t"
"Q000001",421,"420","uzu[flesh]N gubalŋešdua[hump]N","uzu gu₂-bal-ŋeš-du₃-a",0,"uzu[flesh]N_gubalŋešdua[hump]N"
"P332934",322,"r iii 25'","ti[rib]N ma[ship]N","{ŋeš}ti ma₂",0,"ti[rib]N_ma[ship]N"
"P346714",102,"r iii 24'","ŋešrin[scales]N BU-bi[NA]NA","ŋeš-rin₂ BU-bi",0,"ŋešrin[scales]N_BU-bi[NA]NA"
"P347814",270,"d i 33'","{ŋeš}KUD[NA]NA","{ŋeš}KUD",0,"{ŋeš}KUD[NA]NA"
"P250364",84,"o v 5","sa[net]N NI[~net]N","{ŋeš}sa NI",0,"sa[net]N_NI[~net]N"
"P271320",57,"r ii' 6'","gag[nail]N sudin[bat]N margida[cart]N","{ŋeš}gag su-din mar-gid₂-da",0,"gag[nail]N_sudin[bat]N_margida[cart]N"
"P250736",33,"o ii 5","enbar[reed]N adagur[pot]N","{gi}en₃-bar a-da-gur",0,"enbar[reed]N_adagur[pot]N"
"P347814",32,"a ii 3'","balak[spindle]N x-x[NA]NA","{ŋeš}balak x-x",0,"balak[spindle]N_x-x[NA]NA"
"P447996",38,"o iv 7","šinig[tamarisk]N tur[small]V/i","{ŋeš}šinig tur",0,"šinig[tamarisk]N_tur[small]V/i"
"P388265",15,"i 17","damšelum[plant]N","{ŋeš}dam-ši-lum",0,"damšelum[plant]N"
"P250370",3,"3","kišighar[accacia]N","{ŋeš}kišig-{+ha}har",0,"kišighar[accacia]N"
"P272532",5,"o 3","guza[chair]N mes[tree]N","{ŋeš}gu-za {ŋeš}mes",0,"guza[chair]N_mes[tree]N"
"Q000039",508,"455","sala[~plow]N apin[plow]N","{ŋeš}sal-la apin",0,"sala[~plow]N_apin[plow]N"
"P273712",12,"r i 2","al[hoe]N saŋ[head]N ŋal[be]V/i","{ŋeš}al saŋ ŋal₂",0,"al[hoe]N_saŋ[head]N_ŋal[be]V/i"
"P273880",230,"b ii 19","maštakda[wooden-object]N","{ŋeš}maš-tak-da",0,"maštakda[wooden-object]N"
"P332934",235,"o iv 6'","zaraštum[plant]N","{ŋeš}zar-aš₂-tum",0,"zaraštum[plant]N"
"P429504",27,"o iii' 8","samazum[tree]N","{ŋeš}sa-mu-zum",0,"samazum[tree]N"
"P250361",10,"o 8'","guza[chair]N kaskal[way]N","{ŋeš}gu-za kaskal",0,"guza[chair]N_kaskal[way]N"
"P271771",53,"o iv 9","pa[branch]N kud[cut]V/t ŋešnimbar[palm]N","{ŋeš}pa kud ŋešnimbar",0,"pa[branch]N_kud[cut]V/t_ŋešnimbar[palm]N"
"P271911",536,"r iv 6","{x}KAL[NA]NA","{x}KAL",0,"{x}KAL[NA]NA"
"P225006",5,"o i 2","suku[pole]N ig[door]N","{ŋeš}suku₅ ig",0,"suku[pole]N_ig[door]N"
"P388265",67,"iii 17","{ŋeš}su-ra-ra[NA]NA","{ŋeš}su-ra-ra",0,"{ŋeš}su-ra-ra[NA]NA"
"P429505",4,"2'","ŋešnimbar[palm]N dar[split]V/t","{ŋeš}ŋešnimbar dar",0,"ŋešnimbar[palm]N_dar[split]V/t"
"P128345",4,"o 3","garig[comb]N saŋdu[head]N","{ŋeš}ga-rig₂ saŋ-du",0,"garig[comb]N_saŋdu[head]N"
"P271911",17,"o i 10'","ig[door]N kum-ma[NA]NA","ig kum-ma",0,"ig[door]N_kum-ma[NA]NA"
"Q000001",127,"127","uzud[goat]N utud[bear]V/t","uzud u₃-tud",0,"uzud[goat]N_utud[bear]V/t"
"P273880",139,"a iv 36'","guza[chair]N gurum[bend]V/t","{ŋeš}gu-za gurum",0,"guza[chair]N_gurum[bend]V/t"
"P271301",63,"o ii 11","lamtur[nut]N","{ŋeš}lam-tur",0,"lamtur[nut]N"
"P235262",80,"d i 23'","gag[nail]N eškiri[rope]N","{ŋeš}gag eškiri₂",0,"gag[nail]N_eškiri[rope]N"
"P271911",329,"r i 19'","illar[weapon]N eban[pair]N","illar e₂-pa-na",0,"illar[weapon]N_eban[pair]N"
"P332934",70,"o i 14'","allanum[oak]N","{ŋeš}al-la-an",0,"allanum[oak]N"
"P447996",195,"r ii 32","magid[boat]N","{ŋeš}ma₂-gid₂",0,"magid[boat]N"
"P459217",52,"iii 2","mes[tree]N Kiengir[1]GN","{ŋeš}mes ki-en-gi",0,"mes[tree]N_Kiengir[1]GN"
"P312012",7,"7","{ŋeš}LAGAB-x[NA]NA","{ŋeš}LAGAB-x",0,"{ŋeš}LAGAB-x[NA]NA"
"P332934",39,"o i 35","hašhur[apple]N x[NA]NA","{ŋeš}hašhur x",0,"hašhur[apple]N_x[NA]NA"
"P247864",246,"o iv 57","{ŋeš}PA[NA]NA","{ŋeš}PA",0,"{ŋeš}PA[NA]NA"
"P250363",3,"o 2'","ig[door]N šu-ur₂-tum[NA]NA","{ŋeš}ig šu-ur₂-tum",0,"ig[door]N_šu-ur₂-tum[NA]NA"
"P459216",159,"r iii 26'","ma[ship]N x[NA]NA gur[unit]N","{ŋeš}ma₂ x gur",0,"ma[ship]N_x[NA]NA_gur[unit]N"
"P271911",153,"unknown","unknown","unknown",1,"unknown"
"Q000039",311,"273a","ma[ship]N X-LAGAB[NA]NA","{ŋeš}ma₂ X-LAGAB",0,"ma[ship]N_X-LAGAB[NA]NA"
"P432448",10,"o 4'","halub[tree]N","{ŋeš}ha-lu-ub₂",0,"halub[tree]N"
"P459216",33,"ii 1","ŋešaʾabak[tree]N","ŋeš-ab-ba",0,"ŋešaʾabak[tree]N"
"P459216",45,"ii 13","mes[tree]N","{ŋeš}mes",0,"mes[tree]N"
"P250736",181,"r i 35","pa[branch]N gi[reed]N","{gi}pa gi",0,"pa[branch]N_gi[reed]N"
"P253228",8,"o i 5","al[hoe]N zu[tooth]N min[two]NU","{ŋeš}al zu₂ min",0,"al[hoe]N_zu[tooth]N_min[two]NU"
"P273880",408,"c i 11","tukul[weapon]N mitum[weapon]N","{ŋeš}tukul mi-tum",0,"tukul[weapon]N_mitum[weapon]N"
"P346897",4,"o 3","e[house]N usan[whip]N gigir[chariot]N","{ŋeš}e₂ usan₃ gigir",0,"e[house]N_usan[whip]N_gigir[chariot]N"
"P250371",5,"o 3","gabaŋal[guard]N gigir[chariot]N","{ŋeš}gaba-ŋal₂ gigir",0,"gabaŋal[guard]N_gigir[chariot]N"
"P235262",35,"c ii 8'","maltum[bowl]N","{ŋeš}ma-al-tum",0,"maltum[bowl]N"
"P271301",309,"r i 37","ŋešnud[bed]N šatuku[mattress]N siki[hair]N garig[comb]N","ŋeš-nud šag₄-tuku₅ siki ga-rig₂",0,"ŋešnud[bed]N_šatuku[mattress]N_siki[hair]N_garig[comb]N"
"P229426",11,"o 10","par[canal]N pa-a[NA]NA |PAP.E|[NA]NA","pa₅ pa-a |PAP.E|",0,"par[canal]N_pa-a[NA]NA_|PAP.E|[NA]NA"
"P388330",2,"o 1","hašhur[apple]N","{ŋeš}hašhur",0,"hašhur[apple]N"
"P273880",91,"a iii 29'","kadu[cover]N gigir[chariot]N","{ŋeš}ka-du₃ gigir",0,"kadu[cover]N_gigir[chariot]N"
"P370399",189,"o vii 1'","ma[ship]N niš[twenty]NU gur[unit]N","{ŋeš}ma₂ niš gur",0,"ma[ship]N_niš[twenty]NU_gur[unit]N"
"P459216",146,"r iii 13'","{ŋeš}gu₂-AB[NA]NA ma[ship]N","{ŋeš}gu₂-AB ma₂",0,"{ŋeš}gu₂-AB[NA]NA_ma[ship]N"
"P332934",328,"r iii 31'","gag[nail]N ma[ship]N","{ŋeš}gag ma₂",0,"gag[nail]N_ma[ship]N"
"P273880",199,"b i 49'","bulug[needle]N","{ŋeš}bulug",0,"bulug[needle]N"
"P253866",33,"o i 28'","gag[nail]N","{ŋeš}gag",0,"gag[nail]N"
"P273880",15,"a i 11'","x-x[NA]NA","x-x",0,"x-x[NA]NA"
"P388265",290,"r iv 30","{ŋeš}šu-mi-x[NA]NA","{ŋeš}šu-mi-x",0,"{ŋeš}šu-mi-x[NA]NA"
"P370399",174,"o v 28'","ebir[vessel-stand]N gub[stand]V/i a[water]N","{ŋeš}ebir gub a",0,"ebir[vessel-stand]N_gub[stand]V/i_a[water]N"
"P447996",74,"o iv 43","peš[fig]N babbar[white]V/i","{ŋeš}peš₃ babbar",0,"peš[fig]N_babbar[white]V/i"
"P388265",164,"r i 42","ŋeškur[tree]N","ŋeš-kur",0,"ŋeškur[tree]N"
"P271301",215,"o iv 49","gizulumma[nettle?]N","{ŋeš}gi-zu₂-lum-ma",0,"gizulumma[nettle?]N"
"Q000001",105,"105","udu[sheep]N gunu[speckled]V/i","udu gun₃",0,"udu[sheep]N_gunu[speckled]V/i"
"P347814",187,"c i 43'","dur[board]N","{ŋeš}dur₂",0,"dur[board]N"
"Q000039",587,"528","sa[net]N gal[big]V/i","{ŋeš}sa gal",0,"sa[net]N_gal[big]V/i"
"P459216",127,"r ii 12'","banšur[table]N zu[tooth]N amsi[elephant]N sig[put]V/t","{ŋeš}banšur zu₂ am-si sig₉",0,"banšur[table]N_zu[tooth]N_amsi[elephant]N_sig[put]V/t"
"P229426",14,"o 13","šita[priest]N ši-ta-an[NA]NA ŠITA[NA]NA","šita ši-ta-an ŠITA",0,"šita[priest]N_ši-ta-an[NA]NA_ŠITA[NA]NA"
"P273880",542,"c iii 27","ŋešnimbar[palm]N lipiš[innards]N bur[tear]V/t","{ŋeš}ŋešnimbar lipišₓ(|AB₂.ŠA₃|) bur₁₂",0,"ŋešnimbar[palm]N_lipiš[innards]N_bur[tear]V/t"
"Q000001",372,"372","{d}nin-kilim[NA]NA mašmaš[sorcerer]N","{d}nin-kilim maš-maš",0,"{d}nin-kilim[NA]NA_mašmaš[sorcerer]N"
"P253866",85,"o iii 18'","ba[tool]N gur[unit]N","{ŋeš}ba gur",0,"ba[tool]N_gur[unit]N"
"P273880",462,"c ii 6","e[house]N ma[ship]N","{ŋeš}e₂ ma₂",0,"e[house]N_ma[ship]N"
"P273880",212,"b ii 1","x[NA]NA balak[spindle]N","x balak",0,"x[NA]NA_balak[spindle]N"
"P429504",25,"o iii' 6","{ŋeš}gurun-gi[NA]NA","{ŋeš}gurun-gi",0,"{ŋeš}gurun-gi[NA]NA"
"P271771",30,"o iii 7","eren[cedar]N babbar[white]V/i","{ŋeš}eren babbar",0,"eren[cedar]N_babbar[white]V/i"
"P273880",35,"a ii 2'","gag[nail]N dub[knee]N bar[outside]V/t apin[plow]N","{ŋeš}gag dub₃ bar apin",0,"gag[nail]N_dub[knee]N_bar[outside]V/t_apin[plow]N"
"P447996",140,"r i 22","pa[branch]N kud[cut]V/t ŋešnimbar[palm]N","{ŋeš}pa kud ŋešnimbar",0,"pa[branch]N_kud[cut]V/t_ŋešnimbar[palm]N"
"P271301",251,"o v 24'","guza[chair]N gigir[chariot]N","{ŋeš}gu-za {ŋeš}gigir",0,"guza[chair]N_gigir[chariot]N"
"P253228",84,"r iii 1'","ŋešnimbar[palm]N x-x[NA]NA","{ŋeš}ŋešnimbar x-x",0,"ŋešnimbar[palm]N_x-x[NA]NA"
"P459226",7,"o i 4'","ŋešgana[tree]N","ŋeš-kin₂",0,"ŋešgana[tree]N"
"P459218",66,"o iii 17","apin[plow]N saŋ[head]N tuku[acquire]V/t","{ŋeš}apin saŋ tuku",0,"apin[plow]N_saŋ[head]N_tuku[acquire]V/t"
"P271911",493,"r iii 29","gu[neck]N zirigum[irrigation-device]N","gu₂ zi-ri-kum",0,"gu[neck]N_zirigum[irrigation-device]N"
"P251495",1,"1","al[hoe]N zu[tooth]N limmu[four]NU","{ŋeš}al zu₂ limmu₅",0,"al[hoe]N_zu[tooth]N_limmu[four]NU"
"P271301",372,"r iii 5","magid[boat]N","{ŋeš}ma₂-gid₂-da",0,"magid[boat]N"
"P271771",9,"o ii 7","pa[branch]N usuh[tree]N","{ŋeš}pa u₃-suh₅",0,"pa[branch]N_usuh[tree]N"
"P388265",37,"ii 20","tir[forest]N eh[insect]N gu[eat]V/t","{ŋeš}tir eh gu₇",0,"tir[forest]N_eh[insect]N_gu[eat]V/t"
"P273880",106,"a iii 45'","ig[door]N eren[cedar]N","{ŋeš}ig {ŋeš}eren",0,"ig[door]N_eren[cedar]N"
"Q000039",137,"114","kišighar[tree]N kur[mountain]N","{ŋeš}kišig-har kur",0,"kišighar[tree]N_kur[mountain]N"
"P459216",34,"ii 2","ŋešaʾabak[tree]N Meluhha[1]GN","ŋeš-ab-ba me-luh-ha",0,"ŋešaʾabak[tree]N_Meluhha[1]GN"
"P250736",110,"o iv 3","bisaŋ[basket]N x-x-x[NA]NA","{gi}bisaŋ x-x-x",0,"bisaŋ[basket]N_x-x-x[NA]NA"
"Q000039",77,"60","tiʾarum[tree]N","{ŋeš}ti-a-ru-um",0,"tiʾarum[tree]N"
"P273880",395,"b iv 63","šibir[staff]N","{ŋeš}šibirₓ(|EN×GAN₂|)",0,"šibir[staff]N"
"P235262",109,"d ii 14'","DUB.du₃[~vehicle]N ŋar[place]V/t","{ŋeš}šid-du₁₀ ŋar",0,"DUB.du₃[~vehicle]N_ŋar[place]V/t"
"P271792",22,"r 17'","x-x[NA]NA","x-x",0,"x-x[NA]NA"
"P332934",328,"r iii 31'","gag[nail]N ma[ship]N","{ŋeš}gag ma₂",0,"gag[nail]N_ma[ship]N"
"P272243",24,"r i 5","ŋešnimbar[palm]N nita[male]N","{ŋeš}ŋešnimbar nita₂",0,"ŋešnimbar[palm]N_nita[male]N"
"P247864",229,"o iv 40","ig[door]N barda[crossbar]N","{ŋeš}ig bar-da₃",0,"ig[door]N_barda[crossbar]N"
"P253230",26,"o ii 4","apin[plow]N tugsaga[plow]N","{ŋeš}apin dug₃-sig₁₈",0,"apin[plow]N_tugsaga[plow]N"
"P459216",145,"r iii 12'","si[horn]N ma[ship]N","{ŋeš}si ma₂",0,"si[horn]N_ma[ship]N"
"P429505",10,"8'","ŋešnimbar[palm]N uhin[date]N duru[wet]V/i ah[dry]V/i","{ŋeš}ŋešnimbar u₄-hi-in duru₅ e₃",0,"ŋešnimbar[palm]N_uhin[date]N_duru[wet]V/i_ah[dry]V/i"
"Q000039",705,"636","eme[tongue]N gud.si.AŠ[ram]N","{ŋeš}eme gud-si-AŠ",0,"eme[tongue]N_gud.si.AŠ[ram]N"
"Q000001",199,"199","gud[ox]N kun[tail]N","gud kun",0,"gud[ox]N_kun[tail]N"
"P347814",204,"c ii 10","niŋ[thing]N min[two]NU sila[unit]N","{ŋeš}niŋ₂ min sila₃",0,"niŋ[thing]N_min[two]NU_sila[unit]N"
"P388265",189,"r ii 16","nukirik[gardener]N ŋušur[harrow]N","{ŋeš}nu-kiri₆ gana₂-ur₃",0,"nukirik[gardener]N_ŋušur[harrow]N"
"P273880",135,"a iv 32'","guza[chair]N dus[bathroom]N","{ŋeš}gu-za du₁₀-us₂",0,"guza[chair]N_dus[bathroom]N"
"P271301",285,"r i 13","na[box]N gal[big]V/i","{ŋeš}na gal",0,"na[box]N_gal[big]V/i"
"P271301",277,"r i 5","guza[chair]N UR-x-x[NA]NA","{ŋeš}gu-za UR-x-x",0,"guza[chair]N_UR-x-x[NA]NA"
"Q000001",260,"260","eme[donkey]N ŋeš[penis]N zu[know]V/t","eme₅ ŋeš₃ zu",0,"eme[donkey]N_ŋeš[penis]N_zu[know]V/t"
"Q000039",754,"683","nisiki[comb]N","{ŋeš}niŋ₂-sigₓ(UMBIN)",0,"nisiki[comb]N"
"P273880",239,"b ii 32","ba[tool]N","{ŋeš}ba",0,"ba[tool]N"
"P273880",63,"a ii 45'","zara[pivot]N gagsila[harness]N","{ŋeš}za-ra gag-sal₄",0,"zara[pivot]N_gagsila[harness]N"
"P347814",99,"b i 24'","{ŋeš}x[NA]NA apin[plow]N","{ŋeš}x apin",0,"{ŋeš}x[NA]NA_apin[plow]N"
"P250736",320,"r iv 38","bad[wall]N gal[big]V/i","bad₃ gu-la",0,"bad[wall]N_gal[big]V/i"
"P492330",34,"r i 4'","dibdib[waterclock]N","{ŋeš}dib-dib",0,"dibdib[waterclock]N"
"P346714",170,"r v 06'","mar[shovel]N še[barley]N da[NA]NA","{ŋeš}mar še da",0,"mar[shovel]N_še[barley]N_da[NA]NA"
"P370399",33,"unknown","unknown","unknown",2,"unknown"
"Q000001",244,"244","dur[donkey]N","dur₃{ur₃}",0,"dur[donkey]N"
"P409465",3,"3","Madurahabzu[1]ON","{ŋeš}ma₂-durah{+ra}-ab-zu",0,"Madurahabzu[1]ON"
"P388265",415,"r vi 59","e[house]N bulug[needle]N","{ŋeš}e₂ bulug",0,"e[house]N_bulug[needle]N"
"P332939",20,"o i 17","ŋeštin[vine]N x[NA]NA","{ŋeš}ŋeštin x",0,"ŋeštin[vine]N_x[NA]NA"
"Q000001",136,"136","maš[goat]N zu[tooth]N","maš₂ zu₂",0,"maš[goat]N_zu[tooth]N"
"Q000001",175,"175","gud[ox]N a[arm]N ur[harness]N","gud a₂ ur₃",0,"gud[ox]N_a[arm]N_ur[harness]N"
"P332934",309,"r iii 12'","ma[ship]N Idlurugu[1]DN","{ŋeš}ma₂ {d}id₂-lu₂-ru-gu₂",0,"ma[ship]N_Idlurugu[1]DN"
"P273880",460,"c ii 4","dilim[spoon]N ŋisal[rudder]N","{ŋeš}dilim₂ ŋisal",0,"dilim[spoon]N_ŋisal[rudder]N"
"P429503",147,"r ii' 23'","{ŋeš}us₂[NA]NA madu[~boat]N","{ŋeš}us₂ ma₂-du-uš",0,"{ŋeš}us₂[NA]NA_madu[~boat]N"
"Q000039",261,"225","bad[leg]N ŋešnud[bed]N","{ŋeš}bad nud",0,"bad[leg]N_ŋešnud[bed]N"
"Q000001",354,"354","nim[fly]N bi₂-bi₂-a[NA]NA šagtur[womb]N","nim bi₂-bi₂-a IGI@g-EN-IGI@g-EN",0,"nim[fly]N_bi₂-bi₂-a[NA]NA_šagtur[womb]N"
"P370399",52,"o ii 25'","ŋešnud[bed]N","ŋeš-nud",0,"ŋešnud[bed]N"
"P273880",344,"b iv 7","ŋeštug[ear]N zamin[lyre]N","{ŋeš}ŋeštug za₃-mi₂",0,"ŋeštug[ear]N_zamin[lyre]N"
"P388265",182,"r ii 9","mud[tube]N margida[cart]N","{ŋeš}mud mar-gid₂-da",0,"mud[tube]N_margida[cart]N"
"P253866",14,"o i 9'","{ŋeš}x[NA]NA nura[~loom]N","{ŋeš}x nir-ra",0,"{ŋeš}x[NA]NA_nura[~loom]N"
"P332934",26,"o i 22","ŋeštin[vine]N igi[eye]N gud[ox]N","{ŋeš}ŋeštin igi gud",0,"ŋeštin[vine]N_igi[eye]N_gud[ox]N"
"P235262",34,"c ii 7'","dilim[spoon]N tur[small]V/i","{ŋeš}dilim₂ tur",0,"dilim[spoon]N_tur[small]V/i"
"P273880",85,"a iii 23'","x-x[NA]NA gigir[chariot]N","x-x gigir",0,"x-x[NA]NA_gigir[chariot]N"
"P388265",126,"r i 4","apin[plow]N šu[hand]N","{ŋeš}apin šu",0,"apin[plow]N_šu[hand]N"
"P332934",391,"r iv 25'","x[NA]NA margida[cart]N","x mar-gid₂-da",0,"x[NA]NA_margida[cart]N"
"P273880",149,"a iv 46'","x-x-x[NA]NA","x-x-x",0,"x-x-x[NA]NA"
"P271911",332,"r i 21'","pana[bow]N","pana",0,"pana[bow]N"
"P332934",373,"r iv 7'","margida[cart]N","{ŋeš}mar-gid₂-da",0,"margida[cart]N"
"P332934",216,"o iii 54","lagab[block]N ŋešnimbar[palm]N","{ŋeš}lagab ŋešnimbar",0,"lagab[block]N_ŋešnimbar[palm]N"
"Q000039",16,"14","hašhur[apple]N kur[mountain]N","{ŋeš}hašhur kur",0,"hašhur[apple]N_kur[mountain]N"
"P388265",40,"ii 23","šeše[tree]N","{ŋeš}še-še",0,"šeše[tree]N"
"P437074",177,"c ii 10'","{ŋeš}x[NA]NA x[NA]NA","{ŋeš}x x",0,"{ŋeš}x[NA]NA_x[NA]NA"
"Q000001",404,"403","uzu[flesh]N saŋdu[head]N","uzu saŋ-du",0,"uzu[flesh]N_saŋdu[head]N"
"P253233",19,"o ii 2","dilim[spoon]N dug[speak]V/t","{ŋeš}dilim₂ dug₄",0,"dilim[spoon]N_dug[speak]V/t"
"P273880",107,"a iii 46'","ig[door]N papah[cella]N","{ŋeš}ig pa-pah",0,"ig[door]N_papah[cella]N"
"P271301",386,"r iii 19","e[house]N ma[ship]N","{ŋeš}e₂ ma₂",0,"e[house]N_ma[ship]N"
"P271911",568,"r iv 31","dih[weed]N","{+ti-hi}dih₃",0,"dih[weed]N"
"P492330",38,"r i 8'","{ŋeš}a-x[NA]NA","{ŋeš}a-x",0,"{ŋeš}a-x[NA]NA"
"P273880",447,"c i 52","{ŋeš}x[NA]NA gu[eat]V/t","{ŋeš}x gu₇",0,"{ŋeš}x[NA]NA_gu[eat]V/t"
"P253866",101,"r i 4","illar[weapon]N šub[fall]V/t","{ŋeš}illar šub",0,"illar[weapon]N_šub[fall]V/t"
"P273880",256,"b ii 49","ŋeš[tree]N 1/2[NA]NA giŋ[unit]N","ŋeš 1/2 giŋ₄",0,"ŋeš[tree]N_1/2[NA]NA_giŋ[unit]N"
"P247864",162,"o iii 36","gag[nail]N ti[rib]N margida[cart]N","{ŋeš}gag ti mar-gid₂-da",0,"gag[nail]N_ti[rib]N_margida[cart]N"
"P247864",143,"o iii 17","x[NA]NA margida[cart]N","x mar-gid₂-da",0,"x[NA]NA_margida[cart]N"
"P271911",597,"r iv 52","x[NA]NA","x",0,"x[NA]NA"
"P429503",88,"o iii 27","ŋešnimbar[palm]N x[NA]NA","{ŋeš}ŋešnimbar x",0,"ŋešnimbar[palm]N_x[NA]NA"
"P271911",611,"r v 9","šudum[reckoning]N","šudum",0,"šudum[reckoning]N"
"P250363",22,"r 9","mud[tube]N x[NA]NA","{ŋeš}mud x",0,"mud[tube]N_x[NA]NA"
"P459217",54,"iii 4","šennur[plum]N","{ŋeš}šennur",0,"šennur[plum]N"
"P250363",24,"r 11","{ŋeš}x-nam-ba-x[NA]NA","{ŋeš}x-nam-ba-x",0,"{ŋeš}x-nam-ba-x[NA]NA"
"Q000039",307,"270","madala[bundle]N","{ŋeš}ma₂-da-la₂",0,"madala[bundle]N"
"P388265",66,"iii 16","suhur[tuft]N","{ŋeš}suhur",0,"suhur[tuft]N"
"P273880",402,"c i 5","gag[nail]N usakar[moon]N","{ŋeš}gag u₄-sakar",0,"gag[nail]N_usakar[moon]N"
"P347814",99,"b i 24'","{ŋeš}x[NA]NA apin[plow]N","{ŋeš}x apin",0,"{ŋeš}x[NA]NA_apin[plow]N"
"P250736",104,"o iii 38","bisaŋ[basket]N šu[hand]N","{gi}bisaŋ šu",0,"bisaŋ[basket]N_šu[hand]N"
"P347814",60,"a ii 31'","{ŋeš}sahar-BU[NA]NA","{ŋeš}sahar-BU",0,"{ŋeš}sahar-BU[NA]NA"
"P459218",45,"o ii 25'","ellag[ball]N","{ŋeš}ellag",0,"ellag[ball]N"
"P250736",197,"r ii 1","{dug}x-x[NA]NA","{dug}x-x",0,"{dug}x-x[NA]NA"
"P271301",356,"r ii 40","miriza[plank]N zag[side]N gi[turn]V/i","{ŋeš}mi-ri₂-za zag gi",0,"miriza[plank]N_zag[side]N_gi[turn]V/i"
"P271771",98,"r i 4'","izzi[wall]N guza[chair]N","{ŋeš}i-zi gu-za",0,"izzi[wall]N_guza[chair]N"
"P271911",105,"o ii 30","garig[comb]N eban[pair]N","ga-rig₂ e₂-pa-na",0,"garig[comb]N_eban[pair]N"
"P271911",67,"o i 46'","nura[~loom]N","nir-ra",0,"nura[~loom]N"
"P271911",25,"unknown","unknown","unknown",1,"unknown"
"P347814",209,"c ii 15","niŋ[thing]N ya[five]NU giŋ[unit]N","{ŋeš}niŋ₂ ia₂ giŋ₄",0,"niŋ[thing]N_ya[five]NU_giŋ[unit]N"
"P271911",387,"r ii 5","alŋarsura[drumstick]N","a₂-la₂-gan₂-ur₃",0,"alŋarsura[drumstick]N"
"P332934",382,"r iv 16'","usakar[moon]N margida[cart]N","{ŋeš}u₄-sakar mar-gid₂-da",0,"usakar[moon]N_margida[cart]N"
"P250362",3,"3","{ŋeš}hub₂[NA]NA","{ŋeš}hub₂",0,"{ŋeš}hub₂[NA]NA"
"P271911",439,"r ii 41","gud.si.AŠ[ram]N","gud-si-AŠ",0,"gud.si.AŠ[ram]N"
"Q000039",79,"62","urzinum[tree]N","{ŋeš}ur-zi-num₂",0,"urzinum[tree]N"
"P247864",80,"o ii 17","{ŋeš}x[NA]NA","{ŋeš}x",0,"{ŋeš}x[NA]NA"
"P349893",1,"1","ma[ship]N","{ŋeš}ma₂",0,"ma[ship]N"
"P273880",351,"b iv 14","balaŋ[instrument]N x[NA]NA Išbi-Erra[1]PN","{ŋeš}balaŋ x {d}iš-bi-ir₃-ra",0,"balaŋ[instrument]N_x[NA]NA_Išbi-Erra[1]PN"
"P347814",9,"a i 7'","ig[door]N x-x[NA]NA","{ŋeš}ig x-x",0,"ig[door]N_x-x[NA]NA"
"P429503",155,"r ii' 31'","gag[nail]N eškiri[rope]N","{ŋeš}gag eškiri",0,"gag[nail]N_eškiri[rope]N"
"P271911",567,"r iv 30","{+ne₂-eš-še}NIM[NA]NA","{+ne₂-eš-še}NIM",0,"{+ne₂-eš-še}NIM[NA]NA"
"P271911",624,"r v 3'","ŋeš[tree]N šuniŋin[total]N","ŋeš šu-niŋ₂-niŋin₂",0,"ŋeš[tree]N_šuniŋin[total]N"
"P332934",205,"o iii 41","zena[midrib]N ŋešnimbar[palm]N","{ŋeš}zi-na-na ŋešnimbar",0,"zena[midrib]N_ŋešnimbar[palm]N"
"P271911",600,"unknown","unknown","unknown",1,"unknown"
"Q000039",392,"349","eme[tongue]N usan[whip]N","{ŋeš}eme usan₃",0,"eme[tongue]N_usan[whip]N"
"Q000001",143,"143","maš[goat]N sala[bug-ridden]AJ","maš₂ za-la₂",0,"maš[goat]N_sala[bug-ridden]AJ"
"P250736",130,"o iv 23","gi[reed]N gal[big]V/i","gi gal-gal",0,"gi[reed]N_gal[big]V/i"
"P388265",388,"r vi 29","banšur[table]N saŋ[head]N","{ŋeš}banšurₓ(|URU×IGI|) saŋ",0,"banšur[table]N_saŋ[head]N"
"P273880",651,"d i 34'","ŋeš[tree]N dud[mound]N kug[pure]V/i","ŋeš du₆ kug",0,"ŋeš[tree]N_dud[mound]N_kug[pure]V/i"
"P247864",34,"o i 31","x[NA]NA x-x[NA]NA","x x-x",0,"x[NA]NA_x-x[NA]NA"
"P429503",172,"r iii' 15'","manhara[vessel]N margida[cart]N","{ŋeš}nam-ha-ra mar-gid₂-da",0,"manhara[vessel]N_margida[cart]N"
"P388265",150,"r i 28","al[hoe]N zu[tooth]N min[two]NU","{ŋeš}al zu₂ min",0,"al[hoe]N_zu[tooth]N_min[two]NU"
"P332930",29,"r 8","ma[ship]N ninnu[fifty]NU gur[unit]N","{ŋeš}ma₂ ninnu gur",0,"ma[ship]N_ninnu[fifty]NU_gur[unit]N"
"Q000039",39,"32","lamtur[nut]N","{ŋeš}lam-tur",0,"lamtur[nut]N"
"Q000039",275,"239","kaŋeškarak[table]N","{ŋeš}ka-kara₄(KAD₄)",0,"kaŋeškarak[table]N"
"P253866",73,"o iii 6'","ŋešŋiri[fetters]N","ŋeš-ŋiri₃",0,"ŋešŋiri[fetters]N"
"P346867",2,"2","{ŋeš}KAL[NA]NA","{ŋeš}KAL",0,"{ŋeš}KAL[NA]NA"
"Q000039",466,"417","ašita[equipment]N tug[textile]N","{ŋeš}a₂-šu-du₇ tug₂",0,"ašita[equipment]N_tug[textile]N"
"Q000001",155,"155","sila[lamb]N gaba[chest]N","sila₄ gaba",0,"sila[lamb]N_gaba[chest]N"
"P271301",209,"o iv 43","zutianum[tree]N","{ŋeš}zu₃-te-nu-um",0,"zutianum[tree]N"
"P253866",74,"o iii 7'","ŋešpaphalla[trap?]N","ŋeš-pap-hal-la",0,"ŋešpaphalla[trap?]N"
"P235262",104,"d ii 9'","umbin[wheel]N gagsila[harness]N","{ŋeš}umbin gag-sal₄",0,"umbin[wheel]N_gagsila[harness]N"
"P271911",193,"o iii 37'","a[arm]N apin[plow]N","a₂ apin",0,"a[arm]N_apin[plow]N"
"P247864",150,"o iii 24","{ŋeš}x-x[NA]NA margida[cart]N","{ŋeš}x-x mar-gid₂-da",0,"{ŋeš}x-x[NA]NA_margida[cart]N"
"Q000001",204,"204","gud[ox]N ab[cow]N hi[mix]V/t","gud ab₂ hi",0,"gud[ox]N_ab[cow]N_hi[mix]V/t"
"P271792",7,"o 4'","x[NA]NA","x",0,"x[NA]NA"
"Q000039",356,"314","zigan[rudder]N","{ŋeš}zi-gan",0,"zigan[rudder]N"
"P271911",523,"r iii 52","uninda[flower]N","u₅-ninda₂",0,"uninda[flower]N"
"P253233",46,"r i 14'","ildag[poplar]N","{ŋeš}ildag₂",0,"ildag[poplar]N"
"P388265",142,"r i 20","anzam[vessel]N apin[plow]N","{ŋeš}an-za-am apin",0,"anzam[vessel]N_apin[plow]N"
"P271911",50,"o i 33'","aškud[~door]N","aškudₓ(|A₂.ZA.AN.MUŠ₃|)",0,"aškud[~door]N"
"Q000039",609,"548","šukur[lance]N","{ŋeš}šukur",0,"šukur[lance]N"
"P388265",415,"r vi 59","e[house]N bulug[needle]N","{ŋeš}e₂ bulug",0,"e[house]N_bulug[needle]N"
"P273880",262,"b ii 55","epig[drinking-vessel]N x[NA]NA","{ŋeš}epig x",0,"epig[drinking-vessel]N_x[NA]NA"
"P271301",205,"o iv 39","kišighar[tree]N kur[mountain]N","{ŋeš}kišig-ah-ha kur",0,"kišighar[tree]N_kur[mountain]N"
"P271911",330,"r i 20'","LAGAB[NA]NA illar[weapon]N","LAGAB illar",0,"LAGAB[NA]NA_illar[weapon]N"
"P332934",98,"o ii 15","manu[wood]N šu[hand]N","{ŋeš}ma-nu šu",0,"manu[wood]N_šu[hand]N"
"P247864",224,"o iv 35","{ŋeš}ba-ša₃[NA]NA ig[door]N","{ŋeš}ba-ša₃ ig",0,"{ŋeš}ba-ša₃[NA]NA_ig[door]N"
"P271911",102,"o ii 27","garig[comb]N saŋdu[head]N","ga-rig₂ saŋ-du",0,"garig[comb]N_saŋdu[head]N"
"P271911",249,"o iv 19","lidga[vessel]N","{+du-uṭ-ṭu}DIŠ",0,"lidga[vessel]N"
"P253866",12,"o i 7'","{ŋeš}x[NA]NA |SAG×X|[NA]NA","{ŋeš}x |SAG×X|",0,"{ŋeš}x[NA]NA_|SAG×X|[NA]NA"
"P459218",70,"o iii 21","kašu[~plow]N apin[plow]N","{ŋeš}ka-šu₂ apin",0,"kašu[~plow]N_apin[plow]N"
"P447996",186,"r ii 23","ma[ship]N si[horn]N limmu[four]NU","{ŋeš}ma₂ si limmu₂",0,"ma[ship]N_si[horn]N_limmu[four]NU"
"P459216",13,"i 11","ŋeštinkira[berry]N","{ŋeš}ŋeštin-kir₄",0,"ŋeštinkira[berry]N"
"P273880",180,"b i 30'","x[NA]NA x-KA[NA]NA ŋešnud[bed]N","x x-KA nud",0,"x[NA]NA_x-KA[NA]NA_ŋešnud[bed]N"
"Q000039",578,"521","ŋeš[tree]N 1/2(diš)[NA]NA sila[unit]N","ŋeš 1/2(diš) sila₃",0,"ŋeš[tree]N_1/2(diš)[NA]NA_sila[unit]N"
"P229426",4,"o 3","ukur[poor]V/i u₂-kur[NA]NA |LAL₂.DU|[NA]NA","ukur₃ u₂-kur |LAL₂.DU|",0,"ukur[poor]V/i_u₂-kur[NA]NA_|LAL₂.DU|[NA]NA"
"P459216",99,"r i 4'","guza[chair]N x[NA]NA","{ŋeš}gu-za x",0,"guza[chair]N_x[NA]NA"
"P332934",319,"r iii 22'","igi[face]N ma[ship]N","{ŋeš}igi ma₂",0,"igi[face]N_ma[ship]N"
"P235262",77,"d i 20'","gag[nail]N ma[ship]N","{ŋeš}gag ma₂",0,"gag[nail]N_ma[ship]N"
"Q000001",346,"346","nim[fly]N urmah[lion]N","nim ur-mah",0,"nim[fly]N_urmah[lion]N"
"Q000001",65,"65","udu[sheep]N sig[pluck]V/t","udu si-si-ga",0,"udu[sheep]N_sig[pluck]V/t"
"Q000039",647,"581","maršu[spade]N","{ŋeš}mar-šu",0,"maršu[spade]N"
"Q000039",515,"460b","gag[nail]N muš[snake]N apin[plow]N","{ŋeš}gag muš apin",0,"gag[nail]N_muš[snake]N_apin[plow]N"
"P459218",66,"o iii 17","apin[plow]N saŋ[head]N tuku[acquire]V/t","{ŋeš}apin saŋ tuku",0,"apin[plow]N_saŋ[head]N_tuku[acquire]V/t"
"P271911",526,"unknown","unknown","unknown",1,"unknown"
"P459218",12,"o i 16'","suku[pole]N ig[door]N","{ŋeš}suku₅ ig",0,"suku[pole]N_ig[door]N"
"P235262",44,"c ii 20'","x-X[NA]NA","x-X",0,"x-X[NA]NA"
"P273880",286,"b iii 10","kaŋeškarak[table]N urud[copper]N","{ŋeš}ka-kara₄ urud",0,"kaŋeškarak[table]N_urud[copper]N"
"P273880",649,"d i 32'","{ŋeš}x[NA]NA","{ŋeš}x",0,"{ŋeš}x[NA]NA"
"P388265",364,"unknown","unknown","unknown",4,"unknown"
"Q000039",516,"461","da[side-board]N apin[plow]N","{ŋeš}da apin",0,"da[side-board]N_apin[plow]N"
"P459216",153,"r iii 20'","{ŋeš}x[NA]NA madu[~boat]N","{ŋeš}x ma₂-du₃",0,"{ŋeš}x[NA]NA_madu[~boat]N"
"P225062",6,"o i 3","tiʾarum[tree]N","{ŋeš}ti-ia-lum",0,"tiʾarum[tree]N"
"P271911",523,"r iii 52","uninda[flower]N","u₅-ninda₂",0,"uninda[flower]N"
"Q000039",96,"77","ŋešnimbar[palm]N eh[insect]N gu[eat]V/t","{ŋeš}ŋešnimbar eh gu₇",0,"ŋešnimbar[palm]N_eh[insect]N_gu[eat]V/t"
"P429503",144,"r ii' 20'","ir[peg]N","{ŋeš}ir",0,"ir[peg]N"
"P250736",161,"r i 15","gihan[basket]N","gi-ha-an",0,"gihan[basket]N"
"P271301",163,"o iii 51","ŋešnimbar[palm]N munus[woman]N","{ŋeš}ŋešnimbar munus",0,"ŋešnimbar[palm]N_munus[woman]N"
"P247864",307,"o v 55","dim[post]N ma[ship]N","{ŋeš}dim ma₂",0,"dim[post]N_ma[ship]N"
"Q000001",125,"125","uzud[goat]N šag[heart]N","uzud šag₄",0,"uzud[goat]N_šag[heart]N"
"P247864",164,"o iii 38","mud[tube]N margida[cart]N","{ŋeš}mud(|HU.HI|) mar-gid₂-da",0,"mud[tube]N_margida[cart]N"
