"id_text","id_line","label","lemma","base","skip","entry"
"P271911",92,"o ii 18","balak[spindle]N gal[big]V/i","balak gal",0,"balak[spindle]N_gal[big]V/i"
"P247864",235,"o iv 46","ig[door]N miriza[plank]N","{ŋeš}ig mi-ri₂-za",0,"ig[door]N_miriza[plank]N"
"Q000001",170,"170","sila[lamb]N dili[single]V/i ur[pluck]V/t","sila₄ dili ur₄",0,"sila[lamb]N_dili[single]V/i_ur[pluck]V/t"
"P388265",68,"iii 18","{ŋeš}su-ra-ra-bi[NA]NA","{ŋeš}su-ra-ra-bi",0,"{ŋeš}su-ra-ra-bi[NA]NA"
"P388265",265,"r iv 5","{ŋeš}x-x[NA]NA","{ŋeš}x-x",0,"{ŋeš}x-x[NA]NA"
"Q000039",136,"113","kišighar[tree]N","{ŋeš}kišig-har",0,"kišighar[tree]N"
"P429503",82,"o iii 21","ŋešnimbar[palm]N x[NA]NA","{ŋeš}ŋešnimbar x",0,"ŋešnimbar[palm]N_x[NA]NA"
"P247864",413,"o vii 32'","{ŋeš}x-za-ab[NA]NA HI[cvne]N LUM-x[NA]NA","{ŋeš}x-za-ab HI LUM-x",0,"{ŋeš}x-za-ab[NA]NA_HI[cvne]N_LUM-x[NA]NA"
"P253866",95,"o iii 31'","{ŋeš}x[NA]NA x[NA]NA","{ŋeš}x x",0,"{ŋeš}x[NA]NA_x[NA]NA"
"Q000001",308,"308","udutil[sheep]N","udu-til",0,"udutil[sheep]N"
"P447996",76,"o v 1","hašhur[apple]N","{ŋeš}hašhur",0,"hašhur[apple]N"
"P388265",119,"iv 36","suhur[tuft]N ŋešnimbar[palm]N","{ŋeš}suhur ŋešnimbar",0,"suhur[tuft]N_ŋešnimbar[palm]N"
"P228196",4,"4","ganum[stand]N a[water]N","{ŋeš}gan-nu a",0,"ganum[stand]N_a[water]N"
"Q000039",52,"44a","manu[wood]N kal[rare]V/i","{ŋeš}ma-nu kal",0,"manu[wood]N_kal[rare]V/i"
"P447996",103,"o v 28","ligima[shoot]N","{ŋeš}ligima(|IGI.TUR.TUR|)",0,"ligima[shoot]N"
"P271549",3,"1'","x-x[NA]NA","x-x",0,"x-x[NA]NA"
"Q000001",95,"95","udu[sheep]N niŋdea[gift]N","udu niŋ₂-de₂-a",0,"udu[sheep]N_niŋdea[gift]N"
"P271911",575,"unknown","unknown","unknown",1,"unknown"
"P370399",91,"o iii 30'","maštakda[wooden-object]N","{ŋeš}maš-tak-da",0,"maštakda[wooden-object]N"
"P250736",311,"r iv 29","sahar[dust]N","sahar",0,"sahar[dust]N"
"P332934",21,"o i 17","ŋeštinzug[grape]N","{ŋeš}ŋeštin-zug₂",0,"ŋeštinzug[grape]N"
"P459216",167,"r iii 34'","{ŋeš}|EN×KAR₂|[NA]NA","{ŋeš}|EN×KAR₂|",0,"{ŋeš}|EN×KAR₂|[NA]NA"
"P459217",105,"iv 27","{ŋeš}x-x-x-x[NA]NA","{ŋeš}x-x-x-x",0,"{ŋeš}x-x-x-x[NA]NA"
"P349893",7,"7","gazinbu[pole]N","{ŋeš}gazinbu{+ga-zi-im-bi}",0,"gazinbu[pole]N"
"P459217",125,"r i 12'","tulubum[tree]N","{ŋeš}dili-bu-ma",0,"tulubum[tree]N"
"P253233",47,"r i 15'","ildag[poplar]N kur[mountain]N","{ŋeš}ildag₂ kur",0,"ildag[poplar]N_kur[mountain]N"
"P273880",372,"b iv 39","u[planking]N kuŋ[stair]N","{ŋeš}u₃ kun₄",0,"u[planking]N_kuŋ[stair]N"
"P332934",198,"o iii 34","andul[shade]N gilim-la₂[NA]NA ŋešnimbar[palm]N","{ŋeš}an-dul gilim-la₂ ŋešnimbar",0,"andul[shade]N_gilim-la₂[NA]NA_ŋešnimbar[palm]N"
"P437074",155,"c i 20'","saŋ[head]N ŋešnud[bed]N","{ŋeš}saŋ nud",0,"saŋ[head]N_ŋešnud[bed]N"
"P271301",169,"unknown","unknown","unknown",3,"unknown"
"P247864",345,"o vi 29","x[NA]NA","x",0,"x[NA]NA"
"P447996",227,"r iii 28","{ŋeš}A[NA]NA malah[sailor]N","{ŋeš}A ma₂-lah₄",0,"{ŋeš}A[NA]NA_malah[sailor]N"
"P247864",337,"o vi 21","pana[bow]N x-x[NA]NA tab[burn]V/t","{ŋeš}pana x-x tab",0,"pana[bow]N_x-x[NA]NA_tab[burn]V/t"
"P250364",68,"o iv 8","al[hoe]N saŋ[head]N","{ŋeš}al saŋ",0,"al[hoe]N_saŋ[head]N"
"P332934",284,"r iii 11","ma[ship]N Uri[Akkad]GN","{ŋeš}ma₂ uri-a{ki}",0,"ma[ship]N_Uri[Akkad]GN"
"P271911",483,"r iii 22","saŋ[head]N tukul[weapon]N saŋ[head]N","saŋ tukul saŋ",0,"saŋ[head]N_tukul[weapon]N_saŋ[head]N"
"Q000039",99,"78a","ŋešnimbar[palm]N gaz[kill]V/t","{ŋeš}ŋešnimbar gaz",0,"ŋešnimbar[palm]N_gaz[kill]V/t"
"P388265",66,"iii 16","suhur[tuft]N","{ŋeš}suhur",0,"suhur[tuft]N"
"P388265",69,"iii 19","ilianum[tree]N","{ŋeš}e-li-a-num",0,"ilianum[tree]N"
"P229426",30,"r ii 4","ma[ship]N u[ten]NU gur[unit]N","{ŋeš}ma₂ u gur",0,"ma[ship]N_u[ten]NU_gur[unit]N"
"P247864",50,"o i 47","pa[branch]N usuh[tree]N","{ŋeš}pa u₃-suh₅",0,"pa[branch]N_usuh[tree]N"
"P250364",27,"o ii 2","gag[nail]N umbin[wheel]N margida[cart]N","{ŋeš}gag umbin mar-gid₂-da",0,"gag[nail]N_umbin[wheel]N_margida[cart]N"
"Q000001",32,"32","udu[sheep]N du[push]V/t","udu du₇-du₇",0,"udu[sheep]N_du[push]V/t"
"P459217",132,"r i 19'","{ŋeš}MES[NA]NA saŋ-keš[NA]NA","{ŋeš}MES saŋ-keš",0,"{ŋeš}MES[NA]NA_saŋ-keš[NA]NA"
"P247864",304,"o v 52","ŋisal[rudder]N ma[ship]N","{ŋeš}gi-sal ma₂",0,"ŋisal[rudder]N_ma[ship]N"
"P370399",77,"o iii 16","banšur[table]N GAM-ma[NA]NA","{ŋeš}banšur GAM-ma",0,"banšur[table]N_GAM-ma[NA]NA"
"P247864",151,"o iii 25","{ŋeš}x[NA]NA margida[cart]N","{ŋeš}x mar-gid₂-da",0,"{ŋeš}x[NA]NA_margida[cart]N"
"P459218",46,"o ii 26'","madal[pole]N","{ŋeš}mudla(BU)",0,"madal[pole]N"
"P437074",70,"b ii 13'","tun[container]N","{ŋeš}{gi}tun₃",0,"tun[container]N"
"P447996",19,"o iii 15","dih[weed]N","{ŋeš}dih₃",0,"dih[weed]N"
"Q000001",146,"146","maš[goat]N guʾeguʾe[fatty?]AJ","maš₂ gu₂-e₃-gu₂-e₃",0,"maš[goat]N_guʾeguʾe[fatty?]AJ"
"Q000001",217,"217","ab[cow]N mah[mature]V/i","ab₂ mah₂",0,"ab[cow]N_mah[mature]V/i"
"P347814",93,"b i 18'","{ŋeš}x-KA[NA]NA apin[plow]N","{ŋeš}x-KA apin",0,"{ŋeš}x-KA[NA]NA_apin[plow]N"
"P271911",440,"r ii 42","e[house]N gud.si.AŠ[ram]N","e₂ gud-si-AŠ",0,"e[house]N_gud.si.AŠ[ram]N"
"P253245",7,"o 3","hedu[ornament]N kan[gate]N","{ŋeš}ga-du₇ kan₄",0,"hedu[ornament]N_kan[gate]N"
"P271301",174,"o iv 8","mud[stump]N ŋešnimbar[palm]N","{ŋeš}mud ŋešnimbar",0,"mud[stump]N_ŋešnimbar[palm]N"
"P235262",102,"d ii 7'","gagsila[harness]N","{ŋeš}gag-sila₃",0,"gagsila[harness]N"
"P346714",178,"r v 14'","x[NA]NA še[barley]N rah[beat]V/t","x še ra-ah",0,"x[NA]NA_še[barley]N_rah[beat]V/t"
"P346714",91,"r iii 13'","x[NA]NA","x",0,"x[NA]NA"
"P253228",24,"o ii 5","al[hoe]N zu[tooth]N min[two]NU","{ŋeš}al zu₂ min",0,"al[hoe]N_zu[tooth]N_min[two]NU"
"P370399",96,"o iii 35'","da[side-board]N apin[plow]N","{ŋeš}da apin",0,"da[side-board]N_apin[plow]N"
"Q000039",195,"162","guza[chair]N gid[long]V/i","{ŋeš}gu-za gid₂",0,"guza[chair]N_gid[long]V/i"
"P273880",219,"b ii 8","emerah[jug]N tu[soup]N","{ŋeš}emerahₓ(|U.U.HUB₂|) tu₇",0,"emerah[jug]N_tu[soup]N"
"P459216",84,"iii 23","aʾan[spadix]N ŋešnimbar[palm]N","{ŋeš}an-na ŋešnimbar",0,"aʾan[spadix]N_ŋešnimbar[palm]N"
"P370399",125,"o iv 22'","{ŋeš}x[NA]NA gigir[chariot]N","{ŋeš}x gigir",0,"{ŋeš}x[NA]NA_gigir[chariot]N"
"Q000001",166,"166","sila[lamb]N ga[milk]N sub[rub]V/t","sila₄ ga sub",0,"sila[lamb]N_ga[milk]N_sub[rub]V/t"
"P247864",282,"o v 30","{ŋeš}x-x-x[NA]NA","{ŋeš}x-x-x",0,"{ŋeš}x-x-x[NA]NA"
"P271301",468,"r iv 49","da[side-board]N margida[cart]N","{ŋeš}da mar-gid₂-da",0,"da[side-board]N_margida[cart]N"
"P271792",24,"r 19'","x-x-ta[NA]NA","x-x-ta",0,"x-x-ta[NA]NA"
"P271911",291,"o iv 53","saʾad[trap?]N","sa-ad",0,"saʾad[trap?]N"
"P271301",218,"o iv 52","anta[tree]N","{ŋeš}an-tag",0,"anta[tree]N"
"P347814",42,"a ii 13'","{ŋeš}x[NA]NA","{ŋeš}x",0,"{ŋeš}x[NA]NA"
"P347814",223,"c ii 29'","mar[shovel]N im[clay]N","{ŋeš}mar im",0,"mar[shovel]N_im[clay]N"
"P128345",2,"o 1","garig[comb]N siki[hair]N","{ŋeš}ga-rig₂ siki",0,"garig[comb]N_siki[hair]N"
"P429503",17,"o i 14","ŋeštin[vine]N","{ŋeš}ŋeštin",0,"ŋeštin[vine]N"
"Q000039",739,"668","{ŋeš}KAL[NA]NA","{ŋeš}KAL",0,"{ŋeš}KAL[NA]NA"
"P271301",75,"o ii 23","ŋešaʾabak[tree]N Meluhha[1]GN","ŋeš-a-ab-ba me-luh-ha",0,"ŋešaʾabak[tree]N_Meluhha[1]GN"
"P250736",97,"o iii 31","mansim[sieve]N","{gi}ma-an-sim",0,"mansim[sieve]N"
"P459217",36,"ii 12'","ŋešaʾabak[tree]N","ŋeš-ab-ba",0,"ŋešaʾabak[tree]N"
"Q000001",18,"18","udu[sheep]N kudkudra[disabled]N","udu kud-kud-ra₂",0,"udu[sheep]N_kudkudra[disabled]N"
"P250736",30,"o ii 2","enbar[reed]N x-x[NA]NA","{gi}en₃-bar x-x",0,"enbar[reed]N_x-x[NA]NA"
"P250736",106,"o iii 40","bisaŋ[basket]N ninda[bread]N x[NA]NA","{gi}bisaŋ ninda x",0,"bisaŋ[basket]N_ninda[bread]N_x[NA]NA"
"P388265",114,"iv 31","{ŋeš}su₁₁-si[NA]NA ŋešnimbar[palm]N","{ŋeš}su₁₁-si ŋešnimbar",0,"{ŋeš}su₁₁-si[NA]NA_ŋešnimbar[palm]N"
"P273880",22,"a i 19'","{ŋeš}x[NA]NA","{ŋeš}x",0,"{ŋeš}x[NA]NA"
"P429503",111,"r i' 15'","buniŋ[trough]N x[NA]NA","{ŋeš}buniŋ x",0,"buniŋ[trough]N_x[NA]NA"
"P271911",167,"o iii 15'","nig[~plow]N apin[plow]N","nig apin",0,"nig[~plow]N_apin[plow]N"
"P247864",208,"o iv 19","ilila[lever]N","{ŋeš}il₂-il₂",0,"ilila[lever]N"
"P250736",131,"o iv 24","gi[reed]N tur[small]V/i","gi tur-tur",0,"gi[reed]N_tur[small]V/i"
"P388265",227,"r iii 6","guza[chair]N nita[male]N","{ŋeš}gu-za nita",0,"guza[chair]N_nita[male]N"
"P253238",21,"o 18'","allanum[oak]N","{ŋeš}al-la-nu-um",0,"allanum[oak]N"
"P389511",2,"o 1","ŋešaʾabak[tree]N","ŋeš-a-ab-ba",0,"ŋešaʾabak[tree]N"
"P271519",11,"o ii' 3","šuʾa[stool]N šu[hand]N","{ŋeš}šu₂-a šu",0,"šuʾa[stool]N_šu[hand]N"
"P271911",335,"r i 23'","esad[trap]N","eš-bad₃",0,"esad[trap]N"
"P271911",82,"o ii 10","barbar[shuttle]N","bar-bar",0,"barbar[shuttle]N"
"P437074",108,"b iii 12'","guza[chair]N kaskal[way]N","{ŋeš}gu-za kaskal",0,"guza[chair]N_kaskal[way]N"
"P253230",51,"t.e. 1","x-x-šu-tum[NA]NA","x-x-šu-tum",0,"x-x-šu-tum[NA]NA"
"P271911",418,"r ii 27","sa[sinew]N eš[three]NU tigidlu[instrument]N","sa uš tigidla",0,"sa[sinew]N_eš[three]NU_tigidlu[instrument]N"
"P271301",80,"o ii 28","manu[wood]N šu[hand]N ak[do]V/t","{ŋeš}ma-nu šu ak",0,"manu[wood]N_šu[hand]N_ak[do]V/t"
"P388265",267,"r iv 7","šuʾa[stool]N dus[bathroom]N","{ŋeš}šu₂-a du₁₀-us₂",0,"šuʾa[stool]N_dus[bathroom]N"
"P271301",466,"r iv 47","{ŋeš}BIR[NA]NA margida[cart]N","{ŋeš}BIR mar-gid₂-da",0,"{ŋeš}BIR[NA]NA_margida[cart]N"
"P250736",197,"r ii 1","{dug}x-x[NA]NA","{dug}x-x",0,"{dug}x-x[NA]NA"
"Q000039",1,"1","taškarin[boxwood]N","{ŋeš}taškarin",0,"taškarin[boxwood]N"
"P459216",172,"r iv 4'","maš[~wheel]N umbin[wheel]N gigir[chariot]N","{ŋeš}maš₂ umbin gigir",0,"maš[~wheel]N_umbin[wheel]N_gigir[chariot]N"
"P347814",13,"a i 11'","ig[door]N ul[fruit]N","{ŋeš}ig ul-li₂",0,"ig[door]N_ul[fruit]N"
"P459218",52,"o iii 3","{ŋeš}bu[NA]NA","{ŋeš}bu",0,"{ŋeš}bu[NA]NA"
"Q000001",403,"402","uzu[flesh]N","uzu",0,"uzu[flesh]N"
"P117395",3,"o 2","pakud[~tree]N","{ŋeš}pa-kud",0,"pakud[~tree]N"
"Q000039",347,"307","maʾaddir[ferryboat]N","{ŋeš}ma₂-addir",0,"maʾaddir[ferryboat]N"
"P388265",209,"r ii 36","niŋ[thing]N diš[one]NU giŋ[unit]N","{ŋeš}niŋ₂ diš giŋ₄",0,"niŋ[thing]N_diš[one]NU_giŋ[unit]N"
"P332934",215,"o iii 53","tubala[harness]N ŋešnimbar[palm]N","{ŋeš}tubaₓ(EŠ₂)-la₂ ŋešnimbar",0,"tubala[harness]N_ŋešnimbar[palm]N"
"P271301",159,"o iii 47","ŋešnimbar[palm]N gighab[disease]N","{ŋeš}ŋešnimbar gig-hab₂",0,"ŋešnimbar[palm]N_gighab[disease]N"
"P459216",31,"i 29","{ŋeš}x[NA]NA","{ŋeš}x",0,"{ŋeš}x[NA]NA"
"P429503",164,"r iii' 7'","margida[cart]N Subir[1]GN","{ŋeš}mar-gid₂-da su-bir₄{ki}",0,"margida[cart]N_Subir[1]GN"
"P271320",18,"o i 11'","guza[chair]N ŋeškiŋti[workshop]N","{ŋeš}gu-za ŋeš-kiŋ₂-ti",0,"guza[chair]N_ŋeškiŋti[workshop]N"
"Q000039",610,"549","zamrutum[lance]N","{ŋeš}za-am-ru-tum",0,"zamrutum[lance]N"
"P250736",200,"r ii 4","{dug}x-x[NA]NA","{dug}x-x",0,"{dug}x-x[NA]NA"
"P247864",422,"o vii 41'","guza[chair]N gid[drag]V/t aš[six]NU kuš[skin]N","{ŋeš}gu-za gid₂ aš₃ kuš",0,"guza[chair]N_gid[drag]V/t_aš[six]NU_kuš[skin]N"
"P271301",263,"o v 36'","guza[chair]N ŋeškiŋti[workshop]N","{ŋeš}gu-za ŋeš-kiŋ₂-ti",0,"guza[chair]N_ŋeškiŋti[workshop]N"
"P271911",428,"r ii 34","gag[pock]N uzu[flesh]N la[hang]V/t","gag uzu la₂",0,"gag[pock]N_uzu[flesh]N_la[hang]V/t"
"P271301",110,"o ii 58","mes[tree]N dubran[juniper]N","{ŋeš}mes dub-ra-an",0,"mes[tree]N_dubran[juniper]N"
"P247864",149,"o iii 23","{ŋeš}a-RI-a[NA]NA margida[cart]N","{ŋeš}a-RI-a mar-gid₂-da",0,"{ŋeš}a-RI-a[NA]NA_margida[cart]N"
"P388265",364,"unknown","unknown","unknown",4,"unknown"
"P271771",126,"r ii 13'","emerah[jug]N ŋeštug[ear]N","{ŋeš}emerahₓ(|UD.HUB₂|) ŋeštug",0,"emerah[jug]N_ŋeštug[ear]N"
"P347814",201,"c ii 7","ŋeš[tree]N ba-an-x[NA]NA","ŋeš ba-an-x",0,"ŋeš[tree]N_ba-an-x[NA]NA"
"Q000039",484,"433","sahargid[roller]N","{ŋeš}sahar-gid₂",0,"sahargid[roller]N"
"P235262",47,"c ii 23'","buniŋ[trough]N","{ŋeš}buniŋ",0,"buniŋ[trough]N"
"P347516",4,"o 3","ŋešnud[bed]N kinud[bedroom]N","ŋeš-nud ki-nud",0,"ŋešnud[bed]N_kinud[bedroom]N"
"P225006",5,"o i 2","suku[pole]N ig[door]N","{ŋeš}suku₅ ig",0,"suku[pole]N_ig[door]N"
"P253866",5,"unknown","unknown","unknown",999,"unknown"
"Q000039",677,"609b","dimlumagurak[instrument]N","{ŋeš}dim₃-{lu₂}ma₂-gur₈",0,"dimlumagurak[instrument]N"
"P459221",4,"3","dilimbanda[bowl]N","{ŋeš}dilim₂-banda₃",0,"dilimbanda[bowl]N"
"P273880",257,"b ii 50","{ŋeš}$GIR₃[NA]NA","{ŋeš}$GIR₃",0,"{ŋeš}$GIR₃[NA]NA"
"P253238",37,"r 14","nurma[pomegranate]N","{ŋeš}nu-ur₂-ma",0,"nurma[pomegranate]N"
"P253899",4,"o 3","allanum[oak]N","{ŋeš}al-la-nu-um",0,"allanum[oak]N"
"Q000039",690,"622","ebir[vessel-stand]N a[water]N","{ŋeš}ebir a",0,"ebir[vessel-stand]N_a[water]N"
"P273880",164,"b i 7'","guza[chair]N x-x-x[NA]NA","{ŋeš}gu-za x-x-x",0,"guza[chair]N_x-x-x[NA]NA"
"P459217",66,"iii 16","urzinum[tree]N","{ŋeš}ur-zi-nu-um",0,"urzinum[tree]N"
"P250364",94,"o v 15","gur[rim]N harmušen[snare]N","{ŋeš}gur₂ har-mušen-na",0,"gur[rim]N_harmušen[snare]N"
"Q000001",229,"229","amar[young]N banda[junior]V/i","amar banda₃{da}",0,"amar[young]N_banda[junior]V/i"
"P250736",95,"o iii 29","{gi}PAP-GIR₃[NA]NA","{gi}PAP-GIR₃",0,"{gi}PAP-GIR₃[NA]NA"
"P247864",414,"o vii 33'","aga[ax]N HI-LUM[NA]NA","{ŋeš}aga HI-LUM",0,"aga[ax]N_HI-LUM[NA]NA"
"P271301",436,"r iv 17","{ŋeš}kab-MU[NA]NA gigir[chariot]N","{ŋeš}kab-MU gigir",0,"{ŋeš}kab-MU[NA]NA_gigir[chariot]N"
"Q000001",70,"70","udu[sheep]N adda[corpse]N","udu adda₂",0,"udu[sheep]N_adda[corpse]N"
"P273880",54,"a ii 28'","šeršer[chain]N apin[plow]N","{ŋeš}šir₃-šir₃ apin",0,"šeršer[chain]N_apin[plow]N"
"P271320",10,"o i 5'","guza[chair]N ki[place]N us[follow]V/t","{ŋeš}gu-za ki us₂",0,"guza[chair]N_ki[place]N_us[follow]V/t"
"P332934",191,"o iii 27","ŋešnimbar[palm]N uhin[date]N sissig[green]V/i","{ŋeš}ŋešnimbar u₄-hi-in sig₇-sig₇",0,"ŋešnimbar[palm]N_uhin[date]N_sissig[green]V/i"
"P432448",4,"unknown","unknown","unknown",2,"unknown"
"P247864",191,"o iv 2","{ŋeš}x[NA]NA gigir[chariot]N","{ŋeš}x gigir",0,"{ŋeš}x[NA]NA_gigir[chariot]N"
"P370399",195,"o vii 7'","{ŋeš}x[NA]NA magid[boatman]N","{ŋeš}x ma₂-gid₂",0,"{ŋeš}x[NA]NA_magid[boatman]N"
"P271771",114,"r ii 1'","x[NA]NA x[NA]NA x[NA]NA","x x x",0,"x[NA]NA_x[NA]NA_x[NA]NA"
"P271549",3,"1'","x-x[NA]NA","x-x",0,"x-x[NA]NA"
"P273880",527,"c iii 12","tubala[harness]N ŋešnimbar[palm]N","{ŋeš}tubaₓ(TUG₂) ŋešnimbar",0,"tubala[harness]N_ŋešnimbar[palm]N"
"P388265",65,"iii 15","suhur[tuft]N","{ŋeš}suhur",0,"suhur[tuft]N"
"Q000039",711,"642","ŋušur[beam]N eš[three]NU","ŋeš-ur₂ eš₅",0,"ŋušur[beam]N_eš[three]NU"
"Q000001",325,"325","niŋki[herd]N","niŋ₂-ki",0,"niŋki[herd]N"
"Q000039",526,"470","ŋušur[harrow]N zu[tooth]N gal[big]V/i","{ŋeš}gana₂-ur₃ zu₂ gal-gal",0,"ŋušur[harrow]N_zu[tooth]N_gal[big]V/i"
"P347814",225,"c ii 31'","kul[handle]N mar[shovel]N","{ŋeš}kul mar",0,"kul[handle]N_mar[shovel]N"
"P228105",27,"unknown","unknown","unknown",999,"unknown"
"Q000039",350,"309","zag[side]N madu[~boat]N","{ŋeš}zag ma₂-du₃",0,"zag[side]N_madu[~boat]N"
"P250736",68,"o iii 2","kid[mat]N ma[ship]N šag[heart]N","{gi}kid ma₂ šag₄",0,"kid[mat]N_ma[ship]N_šag[heart]N"
"Q000001",194,"194","gud[ox]N a₂-x-x[NA]NA","gud a₂-x-x",0,"gud[ox]N_a₂-x-x[NA]NA"
"P273880",92,"a iii 30'","umbin[wheel]N gigir[chariot]N","{ŋeš}umbin gigir",0,"umbin[wheel]N_gigir[chariot]N"
"P271301",291,"r i 19","šuʾa[stool]N šuʾi[barber]N","{ŋeš}šuaₓ(|ŠU₂×(A.DIŠ)|) šu-i",0,"šuʾa[stool]N_šuʾi[barber]N"
"Q000001",9,"9","udu[sheep]N aslum[sheep]N niga[fattened]V/i","udu aslumₓ(|A.LUM|) niga",0,"udu[sheep]N_aslum[sheep]N_niga[fattened]V/i"
"Q000039",739,"668","{ŋeš}KAL[NA]NA","{ŋeš}KAL",0,"{ŋeš}KAL[NA]NA"
"P271301",216,"o iv 50","buzunuma[plant]N","{ŋeš}bu-zu₂-nu-ma",0,"buzunuma[plant]N"
"P250736",121,"o iv 14","bisaŋ[basket]N kuš[skin]N sig[put]V/t","{gi}bisaŋ kuš sig₉",0,"bisaŋ[basket]N_kuš[skin]N_sig[put]V/t"
"P253230",12,"o i 7","apin[plow]N šudu[equipped]AJ","{ŋeš}apin šu-du₇",0,"apin[plow]N_šudu[equipped]AJ"
"P253233",26,"o ii 9","dilim[spoon]N banšur[table]N","{ŋeš}dilim₂ banšur",0,"dilim[spoon]N_banšur[table]N"
"P332934",293,"r iii 20","ma[ship]N x[NA]NA","{ŋeš}ma₂ x",0,"ma[ship]N_x[NA]NA"
"Q000039",744,"673","gidubak[stylus]N","{ŋeš}gi-dub",0,"gidubak[stylus]N"
"P271911",199,"unknown","unknown","unknown",1,"unknown"
"P492330",12,"o i 10","ŋeš[tree]N x-x-bi[NA]NA","ŋeš x-x-bi",0,"ŋeš[tree]N_x-x-bi[NA]NA"
"P273880",378,"b iv 45","gag[nail]N dud[mound]N bal[dig]V/t","{ŋeš}gag du₆ ba-l·a₂",0,"gag[nail]N_dud[mound]N_bal[dig]V/t"
"P273880",376,"b iv 43","arina[root]N","{ŋeš}i-ri₉-na",0,"arina[root]N"
"P250736",105,"o iii 39","bisaŋ[basket]N ninda[bread]N","{gi}bisaŋ ninda",0,"bisaŋ[basket]N_ninda[bread]N"
"P273880",568,"c iii 54","ŋušur[beam]N","{ŋeš}ŋušur",0,"ŋušur[beam]N"
"P346714",66,"r ii 34'","saŋdu[beam]N","{ŋeš}saŋ-du",0,"saŋdu[beam]N"
"P388265",23,"i 25","{ŋeš}nam[NA]NA","{ŋeš}nam",0,"{ŋeš}nam[NA]NA"
"P273880",247,"b ii 40","bariga[unit]N","{ŋeš}ba-ri₂-ga",0,"bariga[unit]N"
"P250371",6,"o 4","sahargi[dust-guard]N gigir[chariot]N","{ŋeš}sahar-gi gigir",0,"sahargi[dust-guard]N_gigir[chariot]N"
"P273880",85,"a iii 23'","x-x[NA]NA gigir[chariot]N","x-x gigir",0,"x-x[NA]NA_gigir[chariot]N"
"P247864",364,"o vi 48","dilim[spoon]N","{ŋeš}dilim₂",0,"dilim[spoon]N"
"P459216",145,"r iii 12'","si[horn]N ma[ship]N","{ŋeš}si ma₂",0,"si[horn]N_ma[ship]N"
"P250736",171,"r i 25","gi[reed]N bar[outside]V/t x[NA]NA hi[mix]V/t","gi bar x hi",0,"gi[reed]N_bar[outside]V/t_x[NA]NA_hi[mix]V/t"
"P235262",61,"d i 4'","anše[equid]N ma[ship]N","{ŋeš}anše ma₂",0,"anše[equid]N_ma[ship]N"
"P437074",105,"b iii 9'","guza[chair]N x[NA]NA x[NA]NA","{ŋeš}gu-za x x",0,"guza[chair]N_x[NA]NA_x[NA]NA"
"P347814",265,"d i 20'","dur[balk]N","{ŋeš}dur",0,"dur[balk]N"
"P388265",285,"r iv 25","ig[door]N papah[cella]N","{ŋeš}ig pap-pah",0,"ig[door]N_papah[cella]N"
"P273880",203,"b i 53'","ŋeš[tree]N ur[drag]V/t","ŋeš ur₃",0,"ŋeš[tree]N_ur[drag]V/t"
"P459217",115,"r i 1'","x-bi[NA]NA","x-bi",0,"x-bi[NA]NA"
"P332934",57,"o i 1'","aʾan[spadix]N usuh[tree]N","{ŋeš}an-na u₃-suh₅",0,"aʾan[spadix]N_usuh[tree]N"
"P437074",156,"c i 21'","ŋešdi[rung]N ŋešnud[bed]N","ŋeš-di₅ nud",0,"ŋešdi[rung]N_ŋešnud[bed]N"
"P271320",12,"o i 6'","guza[chair]N gidim[ghost]N","{ŋeš}gu-za gidim",0,"guza[chair]N_gidim[ghost]N"
"P347814",171,"c i 26'","ganum[stand]N kaš[beer]N","{ŋeš}ga-an-nu kaš",0,"ganum[stand]N_kaš[beer]N"
"P388265",217,"r ii 45","guza[chair]N","{ŋeš}gu-za",0,"guza[chair]N"
"P271911",46,"unknown","unknown","unknown",1,"unknown"
"P273880",300,"b iii 24","mar[shovel]N gir[oven]N","{ŋeš}mar gir₄",0,"mar[shovel]N_gir[oven]N"
"P271771",137,"r iii 7'","Mari[1]SN","{ŋeš}ma₂-ri₂{ki}",0,"Mari[1]SN"
"P271301",430,"r iv 11","{ŋeš}x[NA]NA x[NA]NA gigir[chariot]N","{ŋeš}x x gigir",0,"{ŋeš}x[NA]NA_x[NA]NA_gigir[chariot]N"
"P388265",128,"r i 6","apin[plow]N šu[hand]N du[push]V/t","{ŋeš}apin šu du₇",0,"apin[plow]N_šu[hand]N_du[push]V/t"
"P273880",59,"a ii 33'","apin[plow]N zir[break]V/t","{ŋeš}apin zi",0,"apin[plow]N_zir[break]V/t"
"P429503",57,"o ii 26","manu[wood]N muran[tree]N","{ŋeš}ma-nu mur-na",0,"manu[wood]N_muran[tree]N"
"P459218",19,"o i 23'","nukušu[~door]N kita[lower]AJ","{ŋeš}nu-kuš₂ ki-ta",0,"nukušu[~door]N_kita[lower]AJ"
"P235262",84,"d i 27'","gabar[herder]N","{ŋeš}ka-bar",0,"gabar[herder]N"
"P459216",55,"ii 23","elammakum[tree]N","{ŋeš}e-lam-ma-kum",0,"elammakum[tree]N"
"P235262",115,"d ii 20'","{ŋeš}x[NA]NA x[NA]NA","{ŋeš}x x",0,"{ŋeš}x[NA]NA_x[NA]NA"
"P492330",13,"o i 11","{ŋeš}tir-ra-te[NA]NA","{ŋeš}tir-ra-te",0,"{ŋeš}tir-ra-te[NA]NA"
"P459218",61,"o iii 12","apin[plow]N x[NA]NA","{ŋeš}apin x",0,"apin[plow]N_x[NA]NA"
"P459216",66,"iii 5","pa[branch]N ŋešnimbar[palm]N","{ŋeš}pa ŋešnimbar",0,"pa[branch]N_ŋešnimbar[palm]N"
"P459217",20,"i 19'","šinig[tamarisk]N kur[mountain]N","{ŋeš}šinig kur",0,"šinig[tamarisk]N_kur[mountain]N"
"P332934",355,"r iv 12","suhur[tool]N gigir[chariot]N","{ŋeš}suhur gigir",0,"suhur[tool]N_gigir[chariot]N"
"P271911",451,"r ii 52","ŋisal[rudder]N šu[hand]N","ŋisal šu",0,"ŋisal[rudder]N_šu[hand]N"
"Q000039",419,"374","ig[door]N","{ŋeš}ig",0,"ig[door]N"
"Q000039",345,"305","egir[back]N ma[ship]N","{ŋeš}egir ma₂",0,"egir[back]N_ma[ship]N"
"P235262",102,"d ii 7'","gagsila[harness]N","{ŋeš}gag-sila₃",0,"gagsila[harness]N"
"P492330",36,"r i 6'","{ŋeš}saŋ-x[NA]NA","{ŋeš}saŋ-x",0,"{ŋeš}saŋ-x[NA]NA"
"P253230",24,"o ii 2","apin[plow]N šudu[equipped]AJ","{ŋeš}apin šu-du₇",0,"apin[plow]N_šudu[equipped]AJ"
"P447996",195,"r ii 32","magid[boat]N","{ŋeš}ma₂-gid₂",0,"magid[boat]N"
"P370399",17,"o i 14'","hara[shoot]N ŋešnimbar[palm]N","{ŋeš}ha-ra ŋešnimbar",0,"hara[shoot]N_ŋešnimbar[palm]N"
"P459225",9,"r i 4'","sa[sinew]N pana[bow]N","{ŋeš}sa pana",0,"sa[sinew]N_pana[bow]N"
"Q000039",730,"657","ninda[vessel]N","{ŋeš}ninda₂",0,"ninda[vessel]N"
"P271911",421,"r ii 29","x[NA]NA","x",0,"x[NA]NA"
"P250736",140,"o iv 33","kag[mouth]N gir[oven]N","ka gir₃",0,"kag[mouth]N_gir[oven]N"
"Q000039",484,"433","sahargid[roller]N","{ŋeš}sahar-gid₂",0,"sahargid[roller]N"
"P251686",5,"o 2","guza[chair]N šuniŋin[total]N","{ŋeš}gu-za šu-niŋin₂",0,"guza[chair]N_šuniŋin[total]N"
"P271320",45,"r i' 11'","zara[pivot]N gigir[chariot]N","{ŋeš}za-ra gigir",0,"zara[pivot]N_gigir[chariot]N"
"P235262",49,"c ii 25'","buniŋ[trough]N gal[big]V/i","{ŋeš}buniŋ gu-la",0,"buniŋ[trough]N_gal[big]V/i"
"P273880",670,"d ii 5'","kiri[orchard]N dug[good]V/i","{ŋeš}kiri₆ dug₃",0,"kiri[orchard]N_dug[good]V/i"
"P247864",434,"o vii 53'","guza[chair]N malah[sailor]N","{ŋeš}gu-za ma-lah₄",0,"guza[chair]N_malah[sailor]N"
"P388265",240,"r iii 19","ŋešnud[bed]N kinud[bedroom]N","ŋeš-nud ki-nud",0,"ŋešnud[bed]N_kinud[bedroom]N"
"Q000039",9,"7","ŋeš[tree]N giggi[black]V/i","ŋeš giggi",0,"ŋeš[tree]N_giggi[black]V/i"
"P370399",67,"o iii 6'","guza[chair]N malah[sailor]N","{ŋeš}gu-za ma₂-lah₅",0,"guza[chair]N_malah[sailor]N"
"Q000001",279,"279","muš[snake]N saŋkal[foremost]AJ","muš saŋ-kal",0,"muš[snake]N_saŋkal[foremost]AJ"
"P332939",59,"r ii' 3'","{ŋeš}šir-x[NA]NA margida[cart]N","{ŋeš}šir-x mar-gid₂-da",0,"{ŋeš}šir-x[NA]NA_margida[cart]N"
"P253927",3,"o 2","ŋešnu[tree]N","ŋeš-nu₁₁",0,"ŋešnu[tree]N"
"P459217",161,"r iii 18","guza[chair]N x-SU[NA]NA","{ŋeš}gu-za x-SU",0,"guza[chair]N_x-SU[NA]NA"
"P347814",212,"c ii 18","niŋ[thing]N diš[one]NU giŋ[unit]N","{ŋeš}niŋ₂ diš giŋ₄",0,"niŋ[thing]N_diš[one]NU_giŋ[unit]N"
"Q000039",278,"242","emerah[jug]N","{ŋeš}emerah",0,"emerah[jug]N"
"P347814",151,"unknown","unknown","unknown",6,"unknown"
"P247864",222,"o iv 33","suku[pole]N ig[door]N","{ŋeš}suku₅ ig",0,"suku[pole]N_ig[door]N"
"P271911",567,"r iv 30","{+ne₂-eš-še}NIM[NA]NA","{+ne₂-eš-še}NIM",0,"{+ne₂-eš-še}NIM[NA]NA"
"P429503",112,"r i' 16'","buniŋ[trough]N x[NA]NA","{ŋeš}buniŋ x",0,"buniŋ[trough]N_x[NA]NA"
"P347814",96,"b i 21'","{ŋeš}x[NA]NA apin[plow]N","{ŋeš}x apin",0,"{ŋeš}x[NA]NA_apin[plow]N"
"P370399",119,"o iv 16'","kun[tail]N gigir[chariot]N","{ŋeš}kun gigir",0,"kun[tail]N_gigir[chariot]N"
"P273880",100,"a iii 39'","ig[door]N","{ŋeš}ig",0,"ig[door]N"
"P388265",174,"r ii 1","umbin[wheel]N margida[cart]N","{ŋeš}umbin mar-gid₂-da",0,"umbin[wheel]N_margida[cart]N"
"P229173",2,"o 1","mes[tree]N Meluhha[1]GN","{ŋeš}mes me-luh-ha",0,"mes[tree]N_Meluhha[1]GN"
"P459217",160,"r iii 17","guza[chair]N x[NA]NA","{ŋeš}gu-za x",0,"guza[chair]N_x[NA]NA"
"Q000039",77,"60","tiʾarum[tree]N","{ŋeš}ti-a-ru-um",0,"tiʾarum[tree]N"
"P437074",43,"b i 4''","peškal[tree]N","{ŋeš}peš₇-kal",0,"peškal[tree]N"
"P459228",2,"o 1","lamgal[nut]N","{ŋeš}lam-gal",0,"lamgal[nut]N"
"P253230",7,"o i 3","apin[plow]N šudu[equipped]AJ","{ŋeš}apin šu-nu-du₇",0,"apin[plow]N_šudu[equipped]AJ"
"P253238",32,"r 9","manu[wood]N gibil[firewood]N","{ŋeš}ma-nu gibil₂",0,"manu[wood]N_gibil[firewood]N"
"P347814",205,"c ii 11","niŋ[thing]N diš[one]NU sila[unit]N","{ŋeš}niŋ₂ diš sila₃",0,"niŋ[thing]N_diš[one]NU_sila[unit]N"
"P271911",375,"r i 57'","innu[straw]N šugi[bolt]N","in-nu šu-kam₂-ma",0,"innu[straw]N_šugi[bolt]N"
"P250364",113,"r i 13'","{ŋeš}x[NA]NA","{ŋeš}x",0,"{ŋeš}x[NA]NA"
"P247864",60,"o i 57","hašhur[apple]N eštub[carp]N","{ŋeš}hašhur {ku₆}eštub",0,"hašhur[apple]N_eštub[carp]N"
"P370399",120,"o iv 17'","si[horn]N gigir[chariot]N","{ŋeš}si gigir",0,"si[horn]N_gigir[chariot]N"
"P332934",249,"o iv 20'","{ŋeš}šid[NA]NA saŋ-KEŠ[NA]NA","{ŋeš}šid saŋ-KEŠ",0,"{ŋeš}šid[NA]NA_saŋ-KEŠ[NA]NA"
"P271911",216,"o iii 57'","al[hoe]N zu[tooth]N limmu[four]NU","al zu₂ limmu₂",0,"al[hoe]N_zu[tooth]N_limmu[four]NU"
"Q000001",62,"62","udu[sheep]N zag[side]N urri[~sheep]N","udu zag ur₂-ri-a",0,"udu[sheep]N_zag[side]N_urri[~sheep]N"
"P459224",4,"3","bad[leg]N ŋešnud[bed]N","{ŋeš}bad nud",0,"bad[leg]N_ŋešnud[bed]N"
"P271911",465,"r iii 3","gam[crook]N x[NA]NA","{ŋeš}kin x",0,"gam[crook]N_x[NA]NA"
"P250736",147,"o iv 40","gi[reed]N x-x[NA]NA","gi x-x",0,"gi[reed]N_x-x[NA]NA"
"P273880",465,"c ii 9","tug[textile]N ma[ship]N","{ŋeš}tug₂ ma₂",0,"tug[textile]N_ma[ship]N"
"P271792",14,"r 11'","x-da[NA]NA","x-da",0,"x-da[NA]NA"
"P247864",214,"o iv 25","garig[comb]N saŋ[head]N","{ŋeš}ga-rig₂ saŋ",0,"garig[comb]N_saŋ[head]N"
"P271911",165,"o iii 13'","eme[tongue]N apin[plow]N","eme apin",0,"eme[tongue]N_apin[plow]N"
"P447996",180,"r ii 17","Makarmah[1]ON","{ŋeš}ma₂-kar-mah",0,"Makarmah[1]ON"
"P250364",30,"o ii 5","ŋirigub[footstool]N margida[cart]N","{ŋeš}ŋiri₃ mar-gid₂-da",0,"ŋirigub[footstool]N_margida[cart]N"
"P250364",75,"o iv 15","al[hoe]N zu[tooth]N eš[three]NU","{ŋeš}al zu₂ eš₅",0,"al[hoe]N_zu[tooth]N_eš[three]NU"
"P459223",2,"2","ušub[brick-mold]N sal[thin]V/i","{ŋeš}u₃-šub sal",0,"ušub[brick-mold]N_sal[thin]V/i"
"P273880",650,"d i 33'","{ŋeš}ma-x[NA]NA","{ŋeš}ma-x",0,"{ŋeš}ma-x[NA]NA"
"P253230",27,"o ii 5","apin[plow]N zir[break]V/t","{ŋeš}apin zi",0,"apin[plow]N_zir[break]V/t"
"P370399",177,"o v 31'","garig[comb]N munus[woman]N","{ŋeš}ga-rig₂ munus",0,"garig[comb]N_munus[woman]N"
"P271771",111,"r i 17'","šuʾa[stool]N suhsah[sound]N","{ŋeš}šuaₓ(|ŠU₂×(A.DIŠ)|) suh₃-sah₄",0,"šuʾa[stool]N_suhsah[sound]N"
"P271301",182,"o iv 16","peš[frond]N ŋešnimbar[palm]N","{ŋeš}peš ŋešnimbar",0,"peš[frond]N_ŋešnimbar[palm]N"
"P271301",210,"o iv 44","šiqdum[almond]N","{ŋeš}ši-iq-du-um",0,"šiqdum[almond]N"
"P370399",65,"o iii 4'","guza[chair]N anše[equid]N","{ŋeš}gu-za anše",0,"guza[chair]N_anše[equid]N"
"P273880",300,"b iii 24","mar[shovel]N gir[oven]N","{ŋeš}mar gir₄",0,"mar[shovel]N_gir[oven]N"
"P429503",16,"o i 13","ŋeš[tree]N su[red]V/i","ŋeš sa₅",0,"ŋeš[tree]N_su[red]V/i"
"P253228",65,"r ii 4'","{ŋeš}x[NA]NA x[NA]NA","{ŋeš}x x",0,"{ŋeš}x[NA]NA_x[NA]NA"
"P271792",15,"unknown","unknown","unknown",1,"unknown"
"P273880",500,"c ii 45","{ŋeš}x-kul[NA]NA ma[ship]N","{ŋeš}x-kul ma₂",0,"{ŋeš}x-kul[NA]NA_ma[ship]N"
"P271301",39,"o i 36","peš[fig]N Elam[1]GN","{ŋeš}peš₃ elam-ma{ki}",0,"peš[fig]N_Elam[1]GN"
"P297194",5,"o 4","še[cone]N usuh[tree]N","{ŋeš}še u₃-suh₅",0,"še[cone]N_usuh[tree]N"
"P251649",7,"o 6","harmušen[snare]N","{ŋeš}har-mušen",0,"harmušen[snare]N"
"Q000001",445,"444","uzu[flesh]N šag[heart]N us[follow]V/t","uzu šag₄ us₂",0,"uzu[flesh]N_šag[heart]N_us[follow]V/t"
"Q000039",426,"380a","ig[door]N papah[cella]N","{ŋeš}ig pa-pah",0,"ig[door]N_papah[cella]N"
"P271792",22,"r 17'","x-x[NA]NA","x-x",0,"x-x[NA]NA"
"P273880",34,"a ii 1'","dub[knee]N bar[outside]V/t apin[plow]N","{ŋeš}dub₃ bar apin",0,"dub[knee]N_bar[outside]V/t_apin[plow]N"
"Q000001",504,"500","uzu[flesh]N umbin[nail]N","uzu umbin",0,"uzu[flesh]N_umbin[nail]N"
"P459216",126,"r ii 11'","banšur[table]N x-tum[NA]NA","{ŋeš}banšur x-tum",0,"banšur[table]N_x-tum[NA]NA"
"Q000039",644,"578","nisakar[agricultural-tool]N","{ŋeš}ni₃-sakar",0,"nisakar[agricultural-tool]N"
"P271911",509,"r iii 41","x[NA]NA limmu[four]NU","x limmu₂",0,"x[NA]NA_limmu[four]NU"
"P459217",158,"r iii 15","guza[chair]N x[NA]NA","{ŋeš}gu-za x",0,"guza[chair]N_x[NA]NA"
"P388265",404,"r vi 48","sigsig[musical-instrument]N","{ŋeš}sig₃-sig₃",0,"sigsig[musical-instrument]N"
"P332934",149,"o ii 65","ŋešnimbar[palm]N x[NA]NA","{ŋeš}ŋešnimbar x",0,"ŋešnimbar[palm]N_x[NA]NA"
"P271301",317,"r ii 1","banšurzaggula[table]N","{ŋeš}banšur-zag-gu-la",0,"banšurzaggula[table]N"
"P253863",8,"unknown","unknown","unknown",1,"unknown"
"P247864",5,"o i 2","šurmen[cypress]N","{ŋeš}šu-ur₂-min₃",0,"šurmen[cypress]N"
"P250364",42,"o ii 17","apin[plow]N kešed[bind]V/t","{ŋeš}apin keš₂-r·a",0,"apin[plow]N_kešed[bind]V/t"
"Q000039",238,"202","izzi[wall]N guza[chair]N","{ŋeš}i-zi gu-za",0,"izzi[wall]N_guza[chair]N"
"P347814",87,"b i 12'","šusaŋ[compressor]N apin[plow]N","{ŋeš}šu-saŋ apin",0,"šusaŋ[compressor]N_apin[plow]N"
"P349859",4,"04'","sa[net]N igi[eye]N tur[small]V/i","{ŋeš}sa igi tur-tur",0,"sa[net]N_igi[eye]N_tur[small]V/i"
"P271911",93,"o ii 19","e[house]N balak[spindle]N","e₂ balak",0,"e[house]N_balak[spindle]N"
"P459216",45,"ii 13","mes[tree]N","{ŋeš}mes",0,"mes[tree]N"
"P332934",33,"o i 29","peš[fig]N Elam[1]GN","{ŋeš}peš₃ elam-ma{ki}",0,"peš[fig]N_Elam[1]GN"
"P459218",61,"o iii 12","apin[plow]N x[NA]NA","{ŋeš}apin x",0,"apin[plow]N_x[NA]NA"
"Q000039",553,"497","tukul[weapon]N šu[hand]N","{ŋeš}tukul šu",0,"tukul[weapon]N_šu[hand]N"
"P253866",113,"unknown","unknown","unknown",999,"unknown"
"P247864",286,"o v 34","{ŋeš}x-x-x[NA]NA","{ŋeš}x-x-x",0,"{ŋeš}x-x-x[NA]NA"
"Q000039",78,"61","ilianum[tree]N","{ŋeš}ri₂-a-num₂",0,"ilianum[tree]N"
"P273880",55,"a ii 29'","utag[maul?]N apin[plow]N","{ŋeš}u₂-tag apin",0,"utag[maul?]N_apin[plow]N"
"P437074",186,"unknown","unknown","unknown",999,"unknown"
"P271911",114,"o ii 37","gazinbu[pole]N","{+ki-ši-mu}BU",0,"gazinbu[pole]N"
"P388265",420,"unknown","unknown","unknown",4,"unknown"
"P271301",239,"o v 12'","ŋešnaruak[~stele]N","ŋeš-na-ru₂-a",0,"ŋešnaruak[~stele]N"
"P271911",625,"unknown","unknown","unknown",2,"unknown"
"P459217",120,"r i 6'","{ŋeš}pa-AN[NA]NA x[NA]NA x[NA]NA antibal[sign]N","{ŋeš}pa-AN x x ti-bal",0,"{ŋeš}pa-AN[NA]NA_x[NA]NA_x[NA]NA_antibal[sign]N"
"P429504",7,"o ii' 1","ŋešnimbar[palm]N uhin[date]N saŋ[choose]V/t","{ŋeš}ŋešnimbar u₄-hi-in zag",0,"ŋešnimbar[palm]N_uhin[date]N_saŋ[choose]V/t"
"P447996",29,"o iii 25","ildag[poplar]N tur[small]V/i","{ŋeš}ildag₂ tur",0,"ildag[poplar]N_tur[small]V/i"
"P429504",40,"r i 3'","guza[chair]N gidim[ghost]N","{ŋeš}gu-za gidim",0,"guza[chair]N_gidim[ghost]N"
"Q000001",407,"406","uzu[flesh]N |KA×GAR|[NA]NA","uzu |KA×GAR|",0,"uzu[flesh]N_|KA×GAR|[NA]NA"
"Q000001",484,"481","uzu[flesh]N niŋ₂-ŋidru[NA]NA","uzu niŋ₂-ŋidru",0,"uzu[flesh]N_niŋ₂-ŋidru[NA]NA"
"P347814",3,"unknown","unknown","unknown",999,"unknown"
"P271771",115,"r ii 2'","banšur[table]N","{ŋeš}banšur",0,"banšur[table]N"
"P271771",119,"r ii 6'","dilim[spoon]N banšur[table]N","{ŋeš}dilim₂ banšur",0,"dilim[spoon]N_banšur[table]N"
"P250736",212,"r ii 16","kabduga[checked]N","{dug}kab-dug₄-ga",0,"kabduga[checked]N"
"Q000001",66,"66","udu[sheep]N a[water]N ak[do]V/t","udu a ak",0,"udu[sheep]N_a[water]N_ak[do]V/t"
"P347814",122,"b ii 6'","ellaŋdu[trap]N","{ŋeš}ellaŋ₂-du",0,"ellaŋdu[trap]N"
"X100003",20,"r 4","ŋeštinguruma[~vine]N","{ŋeš}ŋeštin-gurum-ma",0,"ŋeštinguruma[~vine]N"
"P492330",24,"o ii 7","tukul[weapon]N mahdi[exalted]AJ","{ŋeš}tukul mah-di",0,"tukul[weapon]N_mahdi[exalted]AJ"
"P271301",247,"o v 20'","guza[chair]N zag[side]N us[follow]V/t","{ŋeš}gu-za zag us₂",0,"guza[chair]N_zag[side]N_us[follow]V/t"
"Q000039",403,"358","guza[chair]N margida[cart]N","{ŋeš}gu-za mar-gid₂-da",0,"guza[chair]N_margida[cart]N"
"P253245",11,"o 7","{ŋeš}AMA[NA]NA","{ŋeš}AMA",0,"{ŋeš}AMA[NA]NA"
"P429504",51,"unknown","unknown","unknown",999,"unknown"
"P388265",337,"r v 22","zigan[rudder]N","{ŋeš}zi-gan",0,"zigan[rudder]N"
"Q000039",164,"140","pa[branch]N","{ŋeš}pa",0,"pa[branch]N"
"P271301",312,"r i 40","ŋešdi[rung]N ŋešnud[bed]N","ŋeš-di₅ nud",0,"ŋešdi[rung]N_ŋešnud[bed]N"
"Q000001",66,"66","udu[sheep]N a[water]N ak[do]V/t","udu a ak",0,"udu[sheep]N_a[water]N_ak[do]V/t"
"Q000001",261,"261","eme[donkey]N ib[hips]N gig[sick]V/i","eme₅ ib₂ gig",0,"eme[donkey]N_ib[hips]N_gig[sick]V/i"
"P347814",145,"unknown","unknown","unknown",4,"unknown"
"P247864",408,"o vii 27'","{ŋeš}|(HI×AŠ₂).(HI×AŠ₂)|[NA]NA","{ŋeš}|(HI×AŠ₂).(HI×AŠ₂)|",0,"{ŋeš}|(HI×AŠ₂).(HI×AŠ₂)|[NA]NA"
"P459216",154,"r iii 21'","{ŋeš}x[NA]NA madu[~boat]N","{ŋeš}x ma₂-du₃",0,"{ŋeš}x[NA]NA_madu[~boat]N"
"P492330",14,"o i 12","{ŋeš}x-la₂[NA]NA","{ŋeš}x-la₂",0,"{ŋeš}x-la₂[NA]NA"
"P235262",89,"d i 32'","sahargi[dust-guard]N gigir[chariot]N","{ŋeš}sahar-gi gigir",0,"sahargi[dust-guard]N_gigir[chariot]N"
"Q000039",177,"147","ŋešdubdim[tool]N","ŋeš-dub-dim₂",0,"ŋešdubdim[tool]N"
"P250364",38,"o ii 13","apin[plow]N gud[ox]N limmu[four]NU la[hang]V/t","{ŋeš}apin gud limmu₂ la₂",0,"apin[plow]N_gud[ox]N_limmu[four]NU_la[hang]V/t"
"P247864",239,"o iv 50","ig[door]N šu[hand]N du[suitable]V/i","{ŋeš}ig šu du₇",0,"ig[door]N_šu[hand]N_du[suitable]V/i"
"P250364",18,"o i 15","gag[nail]N x[NA]NA gigir[chariot]N","{ŋeš}gag x gigir",0,"gag[nail]N_x[NA]NA_gigir[chariot]N"
"Q000039",93,"75","ŋešnimbar[palm]N guz[crush]V/i","{ŋeš}ŋešnimbar al-kum-ma₃",0,"ŋešnimbar[palm]N_guz[crush]V/i"
"Q000001",300,"300","nig[dog]N amar[young]N","nig amar",0,"nig[dog]N_amar[young]N"
"Q000001",248,"248","anšeŋirnun[equid]N","anše-ŋir₂-nun",0,"anšeŋirnun[equid]N"
"P388265",85,"iv 2","asal[poplar]N kur[mountain]N","{ŋeš}asal₂ kur",0,"asal[poplar]N_kur[mountain]N"
"P247864",84,"o ii 21","{ŋeš}x-x[NA]NA ŋešnimbar[palm]N","{ŋeš}x-x ŋešnimbar",0,"{ŋeš}x-x[NA]NA_ŋešnimbar[palm]N"
"P388265",26,"unknown","unknown","unknown",2,"unknown"
"P271301",53,"o ii 1","še[cone]N usuh[tree]N","{ŋeš}še u₃-suh₅",0,"še[cone]N_usuh[tree]N"
"P253228",59,"r i 23","x[NA]NA x-x[NA]NA","x x-x",0,"x[NA]NA_x-x[NA]NA"
"P429503",169,"r iii' 12'","ŋešdal[crossbar]N margida[cart]N","ŋeš-dal mar-gid₂-da",0,"ŋešdal[crossbar]N_margida[cart]N"
"P459226",4,"o i 1'","{ŋeš}x[NA]NA","{ŋeš}x",0,"{ŋeš}x[NA]NA"
"P235262",40,"unknown","unknown","unknown",4,"unknown"
"P429503",122,"r i' 26'","emesig[plank]N","{ŋeš}eme-sig-ga",0,"emesig[plank]N"
"P273880",157,"unknown","unknown","unknown",999,"unknown"
"P253866",107,"r i 10","ma[ship]N x[NA]NA","{ŋeš}ma₂ x",0,"ma[ship]N_x[NA]NA"
"Q000001",261,"261","eme[donkey]N ib[hips]N gig[sick]V/i","eme₅ ib₂ gig",0,"eme[donkey]N_ib[hips]N_gig[sick]V/i"
"Q000039",480,"429","madal[pole]N","{ŋeš}mudla(BU)",0,"madal[pole]N"
"Q000001",303,"303","kaʾa[fox]N","ka₅-a",0,"kaʾa[fox]N"
"P370399",140,"o iv 37'","ig[door]N egal[palace]N","{ŋeš}ig e₂-gal",0,"ig[door]N_egal[palace]N"
"P247864",179,"o iii 53","sahargi[dust-guard]N gigir[chariot]N","{ŋeš}sahar-gi gigir",0,"sahargi[dust-guard]N_gigir[chariot]N"
"P271911",579,"r iv 38","zigan[rudder]N","si-kam₂",0,"zigan[rudder]N"
"P437074",86,"b ii 10''","guza[chair]N sag[good]V/i","{ŋeš}gu-za sag₁₀",0,"guza[chair]N_sag[good]V/i"
"P370399",150,"o v 4'","sumungi[tool]N","{ŋeš}šu-me₃-gi",0,"sumungi[tool]N"
"P271301",425,"r iv 6","e[house]N gigir[chariot]N","{ŋeš}e₂ gigir",0,"e[house]N_gigir[chariot]N"
"P271549",4,"2'","x-x[NA]NA","x-x",0,"x-x[NA]NA"
"Q000001",368,"368","pešniŋgilima[rodent]N","peš₂-niŋ₂-gilim-ma",0,"pešniŋgilima[rodent]N"
"Q000039",351,"310","{ŋeš}ŋir₂[NA]NA madu[~boat]N","{ŋeš}ŋir₂ ma₂-du₃",0,"{ŋeš}ŋir₂[NA]NA_madu[~boat]N"
"P347814",90,"b i 15'","damga[~plow]N apin[plow]N","{ŋeš}da-an-ga apin",0,"damga[~plow]N_apin[plow]N"
"Q000039",461,"412","barbar[shuttle]N","{ŋeš}bar-bar",0,"barbar[shuttle]N"
"P247864",85,"o ii 22","{ŋeš}da-sur-x[NA]NA ŋešnimbar[palm]N","{ŋeš}da-sur-x ŋešnimbar",0,"{ŋeš}da-sur-x[NA]NA_ŋešnimbar[palm]N"
"P271301",231,"o v 4'","ba[tool]N","{ŋeš}ba",0,"ba[tool]N"
"P459227",16,"o ii 6'","gigir[chariot]N","{ŋeš}gigir",0,"gigir[chariot]N"
"P271911",139,"o ii 58","a[arm]N ŋešrin[scales]N","a₂ rin₂",0,"a[arm]N_ŋešrin[scales]N"
"P273880",174,"b i 17'","ŋešdi[rung]N guza[chair]N","ŋeš-di₅ gu-za",0,"ŋešdi[rung]N_guza[chair]N"
"P271911",79,"o ii 8","il[basket]N uzu[flesh]N","il₂ uzu",0,"il[basket]N_uzu[flesh]N"
"P271911",411,"r ii 22","dim[post]N Marhaši[1]GN","dim₃ mar-ha-a-ši",0,"dim[post]N_Marhaši[1]GN"
"P447996",4,"unknown","unknown","unknown",999,"unknown"
"P388265",347,"r v 32","miritum[instrument]N","ma-ri₂-tum",0,"miritum[instrument]N"
"P271911",173,"o iii 20'","ninda[seed-funnel]N apin[plow]N","ninda₂ apin",0,"ninda[seed-funnel]N_apin[plow]N"
"P332934",99,"o ii 16","manu[wood]N šu[hand]N","{ŋeš}ma-nu šu",0,"manu[wood]N_šu[hand]N"
"P250736",255,"r iii 16","{dug}URU[NA]NA DUN₃[NA]NA sa[net]N","{dug}URU DUN₃ sa",0,"{dug}URU[NA]NA_DUN₃[NA]NA_sa[net]N"
"P429503",73,"o iii 12","ŋešnimbar[palm]N x[NA]NA","{ŋeš}ŋešnimbar x",0,"ŋešnimbar[palm]N_x[NA]NA"
"Q000039",317,"279","ma[ship]N ŋeš[sixty]NU gur[unit]N","{ŋeš}ma₂ ŋeš₂ gur",0,"ma[ship]N_ŋeš[sixty]NU_gur[unit]N"
"P273880",56,"a ii 30'","apin[plow]N tugsaga[plow]N","{ŋeš}apin šu-sag₈-ga",0,"apin[plow]N_tugsaga[plow]N"
"P429503",80,"o iii 19","ŋešnimbar[palm]N x[NA]NA","{ŋeš}ŋešnimbar x",0,"ŋešnimbar[palm]N_x[NA]NA"
"P370399",135,"o iv 32'","ig[door]N miriza[plank]N","{ŋeš}ig ma-ri₂-za",0,"ig[door]N_miriza[plank]N"
"P271519",10,"o ii' 2","šuʾa[stool]N dus[bathroom]N","{ŋeš}šu₂-a du₁₀-us₂",0,"šuʾa[stool]N_dus[bathroom]N"
"P235262",21,"unknown","unknown","unknown",999,"unknown"
"P235262",121,"d ii 26'","maš[~wheel]N umbin[wheel]N margida[cart]N","{ŋeš}maš₂ umbin mar-gid₂-da",0,"maš[~wheel]N_umbin[wheel]N_margida[cart]N"
"P253866",73,"o iii 6'","ŋešŋiri[fetters]N","ŋeš-ŋiri₃",0,"ŋešŋiri[fetters]N"
"P332934",284,"r iii 11","ma[ship]N Uri[Akkad]GN","{ŋeš}ma₂ uri-a{ki}",0,"ma[ship]N_Uri[Akkad]GN"
"P437074",126,"b iii 12''","{ŋeš}x-x[NA]NA","{ŋeš}x-x",0,"{ŋeš}x-x[NA]NA"
"P459226",32,"o ii 12'","manu[wood]N lu[mix]V/t","{ŋeš}ma-nu lu₂",0,"manu[wood]N_lu[mix]V/t"
"P273880",301,"b iii 25","mar[shovel]N x[NA]NA","{ŋeš}mar x",0,"mar[shovel]N_x[NA]NA"
"P247864",179,"o iii 53","sahargi[dust-guard]N gigir[chariot]N","{ŋeš}sahar-gi gigir",0,"sahargi[dust-guard]N_gigir[chariot]N"
"P250736",307,"r iv 25","dalbana[space]N","dal-ba-na",0,"dalbana[space]N"
"P253228",24,"o ii 5","al[hoe]N zu[tooth]N min[two]NU","{ŋeš}al zu₂ min",0,"al[hoe]N_zu[tooth]N_min[two]NU"
"P250364",93,"o v 14","pa[branch]N harmušen[snare]N","{ŋeš}pa har-mušen-na",0,"pa[branch]N_harmušen[snare]N"
"P459218",107,"o iv 28","{ŋeš}MA-dim[NA]NA","{ŋeš}MA-dim",0,"{ŋeš}MA-dim[NA]NA"
"P253863",8,"unknown","unknown","unknown",1,"unknown"
"P273880",637,"d i 17'","{ŋeš}x-x[NA]NA","{ŋeš}x-x",0,"{ŋeš}x-x[NA]NA"
"Q000039",113,"91","su[fibers]N ŋešnimbar[palm]N","{ŋeš}su₁₁ ŋešnimbar",0,"su[fibers]N_ŋešnimbar[palm]N"
"P370399",73,"o iii 12'","umbin[base]N guza[chair]N","{ŋeš}umbin gu-za",0,"umbin[base]N_guza[chair]N"
"P250363",7,"o 6'","ig[door]N i[oil]N šeš[anoint]V/t","{ŋeš}ig i₃ šeš₂",0,"ig[door]N_i[oil]N_šeš[anoint]V/t"
"P271771",18,"o ii 16","lamhal[nut]N","{ŋeš}lam-hal",0,"lamhal[nut]N"
"P492330",3,"o i 1","saŋ[head]N","{ŋeš}saŋ",0,"saŋ[head]N"
"P459217",9,"i 8'","peš[fig]N Mari[1]SN","{ŋeš}peš₃ ma₂-ri₂",0,"peš[fig]N_Mari[1]SN"
"P271911",391,"r ii 7","zabitum[lyre]N","še-bi-tum",0,"zabitum[lyre]N"
"Q000039",618,"554a","illar[weapon]N NUN[NA]NA dili[single]V/i","{ŋeš}illar NUN dili",0,"illar[weapon]N_NUN[NA]NA_dili[single]V/i"
"P271301",155,"o iii 43","ŋešnimbar[palm]N uhin[date]N kud[sweet]V/i","{ŋeš}ŋešnimbar u₄-hi-in ku₇-ku₇",0,"ŋešnimbar[palm]N_uhin[date]N_kud[sweet]V/i"
"P388265",330,"r v 15","alŋar[instrument]N","{ŋeš}al-ŋar",0,"alŋar[instrument]N"
"Q000039",578,"521","ŋeš[tree]N 1/2(diš)[NA]NA sila[unit]N","ŋeš 1/2(diš) sila₃",0,"ŋeš[tree]N_1/2(diš)[NA]NA_sila[unit]N"
"P251649",7,"o 6","harmušen[snare]N","{ŋeš}har-mušen",0,"harmušen[snare]N"
"P437074",44,"b i 5''","zutianum[a-tree]N","{ŋeš}zu₃-di-in-nu-um",0,"zutianum[a-tree]N"
"P459225",10,"r i 5'","dim[post]N","{ŋeš}dim₃",0,"dim[post]N"
"P332934",399,"r iv 33'","x-x[NA]NA","x-x",0,"x-x[NA]NA"
"P271911",564,"r iv 28","maš[~wheel]N umbin[wheel]N","maš₂ umbin",0,"maš[~wheel]N_umbin[wheel]N"
"P388265",387,"r vi 28","banšurzaggula[table]N","{ŋeš}banšurₓ(|URU×IGI|)-zag-ku-la₂",0,"banšurzaggula[table]N"
"P437074",36,"b i 4'","x[NA]NA ŋešnimbar[palm]N","x ŋešnimbar",0,"x[NA]NA_ŋešnimbar[palm]N"
"P271911",294,"o iv 55","ŋidru[scepter]N ellaŋdu[trap]N","ŋidru ellaŋ₂-du₃",0,"ŋidru[scepter]N_ellaŋdu[trap]N"
"P253230",19,"o i 14","apin[plow]N tugsaga[plow]N","{ŋeš}apin dug₃-sig₁₈",0,"apin[plow]N_tugsaga[plow]N"
"P271301",62,"o ii 10","lamgal[nut]N","{ŋeš}lam-gal",0,"lamgal[nut]N"
"P370399",105,"o iv 2'","ŋešdal[crossbar]N x[NA]NA","ŋeš-dal-dal x",0,"ŋešdal[crossbar]N_x[NA]NA"
"P271320",41,"r i' 8'","gag[nail]N si[horn]N gigir[chariot]N","{ŋeš}gag si gigir",0,"gag[nail]N_si[horn]N_gigir[chariot]N"
"P273880",349,"b iv 12","tigidlu[instrument]N x[NA]NA","{ŋeš}tigidla x",0,"tigidlu[instrument]N_x[NA]NA"
"P254360",4,"o 2","gag[nail]N šudul[yoke]N apin[plow]N","{ŋeš}gag šudul₅ apin",0,"gag[nail]N_šudul[yoke]N_apin[plow]N"
"P250736",63,"o ii 37","kid[mat]N sah[mat]N","{gi}kid sah",0,"kid[mat]N_sah[mat]N"
"P447996",36,"o iv 5","šinig[tamarisk]N kur[mountain]N","{ŋeš}šinig kur",0,"šinig[tamarisk]N_kur[mountain]N"
"P253228",58,"r i 22","{ŋeš}x[NA]NA maš[twin]N","{ŋeš}x maš",0,"{ŋeš}x[NA]NA_maš[twin]N"
"P271911",171,"o iii 18'","niŋŋeštug[~plow]N apin[plow]N","niŋ₂-ŋeštug apin",0,"niŋŋeštug[~plow]N_apin[plow]N"
"P273880",102,"a iii 41'","ig[door]N šeš[anoint]V/t","{ŋeš}ig šeš₂",0,"ig[door]N_šeš[anoint]V/t"
"P271911",196,"o iii 40'","niŋgida[rod?]N apin[plow]N","niŋ₂-gid₂-da apin",0,"niŋgida[rod?]N_apin[plow]N"
"P273880",656,"d i 39'","{ŋeš}x[NA]NA tur[small]V/i","{ŋeš}x tur",0,"{ŋeš}x[NA]NA_tur[small]V/i"
"P332934",362,"r iv 19","gag[nail]N mud[tube]N gigir[chariot]N","{ŋeš}gag mud gigir",0,"gag[nail]N_mud[tube]N_gigir[chariot]N"
"Q000001",92,"92","udu[sheep]N saŋ[head]N sikil[pure]V/i","udu saŋ sikil",0,"udu[sheep]N_saŋ[head]N_sikil[pure]V/i"
"P247864",328,"o vi 12","{ŋeš}x[NA]NA","{ŋeš}x",0,"{ŋeš}x[NA]NA"
"P271301",439,"r iv 20","sudin[~chariot]N gigir[chariot]N","{ŋeš}su-din gigir",0,"sudin[~chariot]N_gigir[chariot]N"
"P429504",29,"o iii' 10","peškal[tree]N","{ŋeš}peš-gal",0,"peškal[tree]N"
"P459216",127,"r ii 12'","banšur[table]N zu[tooth]N amsi[elephant]N sig[put]V/t","{ŋeš}banšur zu₂ am-si sig₉",0,"banšur[table]N_zu[tooth]N_amsi[elephant]N_sig[put]V/t"
"P459217",42,"ii 18'","manu[wood]N gibil[firewood]N ak[do]V/t","{ŋeš}ma-nu gibil₂ ak",0,"manu[wood]N_gibil[firewood]N_ak[do]V/t"
"P271301",130,"o iii 18","isimu[sprout]N","{ŋeš}isimu₃{+mu₂}",0,"isimu[sprout]N"
"P271301",172,"o iv 6","{ŋeš}zi-x[NA]NA","{ŋeš}zi-x",0,"{ŋeš}zi-x[NA]NA"
"P247864",311,"o v 59","ma[ship]N gal[big]V/i","{ŋeš}ma₂ gu-la",0,"ma[ship]N_gal[big]V/i"
"Q000001",353,"353","nim[fly]N inun[ghee]N","nim i₃-nun",0,"nim[fly]N_inun[ghee]N"
"P273880",165,"b i 8'","guza[chair]N mes[tree]N","{ŋeš}gu-za {ŋeš}mes",0,"guza[chair]N_mes[tree]N"
"P273880",555,"c iii 40","ŋešnimbar[palm]N x-x-e[NA]NA","{ŋeš}ŋešnimbar x-x-e",0,"ŋešnimbar[palm]N_x-x-e[NA]NA"
"P271911",504,"r iii 38","zena[weapon]N ak[do]V/t","ze₂-na ak",0,"zena[weapon]N_ak[do]V/t"
"P459217",163,"r iii 20","guza[chair]N Magan[1]GN","{ŋeš}gu-za ma₂-gan-na",0,"guza[chair]N_Magan[1]GN"
"P250736",104,"o iii 38","bisaŋ[basket]N šu[hand]N","{gi}bisaŋ šu",0,"bisaŋ[basket]N_šu[hand]N"
"P370399",149,"o v 3'","ŋešdubdim[tool]N","ŋeš-dub-dim₂",0,"ŋešdubdim[tool]N"
"P271301",297,"r i 25","ŋirigub[footstool]N lammar[deity]N","{ŋeš}ŋiri₃-gub {d}lamma",0,"ŋirigub[footstool]N_lammar[deity]N"
"P253228",5,"o i 2","al[hoe]N","{ŋeš}al",0,"al[hoe]N"
"P273880",676,"d ii 11'","ŋeš[tree]N duru[wet]V/i","ŋeš duru₅",0,"ŋeš[tree]N_duru[wet]V/i"
"P347814",286,"unknown","unknown","unknown",9,"unknown"
"P250736",225,"r ii 29","tisa[unmng]N tur[small]V/i","{dug}ti-sa₂ tur-tur",0,"tisa[unmng]N_tur[small]V/i"
"Q000001",354,"354","nim[fly]N bi₂-bi₂-a[NA]NA šagtur[womb]N","nim bi₂-bi₂-a IGI@g-EN-IGI@g-EN",0,"nim[fly]N_bi₂-bi₂-a[NA]NA_šagtur[womb]N"
"P250364",173,"r v 1'","mu[year]N Samsuʾiluna[01]RN lugal[king]N","mu sa-am-su-i-lu-na lugal",0,"mu[year]N_Samsuʾiluna[01]RN_lugal[king]N"
"P273880",527,"c iii 12","tubala[harness]N ŋešnimbar[palm]N","{ŋeš}tubaₓ(TUG₂) ŋešnimbar",0,"tubala[harness]N_ŋešnimbar[palm]N"
"P459226",30,"o ii 10'","manu[wood]N x[NA]NA","{ŋeš}ma-nu x",0,"manu[wood]N_x[NA]NA"
"P273880",532,"c iii 17","kita[basket]N ŋešnimbar[palm]N","{ŋeš}kid-da ŋešnimbar",0,"kita[basket]N_ŋešnimbar[palm]N"
"P346872",3,"o 2","na[box]N gal[big]V/i","{ŋeš}na₅ gal",0,"na[box]N_gal[big]V/i"
"P459216",152,"r iii 19'","madu[~boat]N","{ŋeš}ma₂-du₃",0,"madu[~boat]N"
"P332934",284,"r iii 11","ma[ship]N Uri[Akkad]GN","{ŋeš}ma₂ uri-a{ki}",0,"ma[ship]N_Uri[Akkad]GN"
"P332939",28,"o ii 6","{ŋeš}x[NA]NA","{ŋeš}x",0,"{ŋeš}x[NA]NA"
"P388265",182,"r ii 9","mud[tube]N margida[cart]N","{ŋeš}mud mar-gid₂-da",0,"mud[tube]N_margida[cart]N"
"Q000001",44,"44","udu[sheep]N zusiga[~sheep]N kur[mountain]N","udu zu₂-si-ga kur",0,"udu[sheep]N_zusiga[~sheep]N_kur[mountain]N"
"P332934",126,"o ii 43","šurmen[cypress]N","{ŋeš}šu-ur₂-min₃",0,"šurmen[cypress]N"
"P459217",27,"ii 3'","lamgal[nut]N","{ŋeš}lam-gal",0,"lamgal[nut]N"
"P447996",196,"r ii 33","ma[ship]N Mari[1]SN","{ŋeš}ma₂ ma₂-ri₂{ki}",0,"ma[ship]N_Mari[1]SN"
"P347814",49,"a ii 20'","{ŋeš}x[NA]NA","{ŋeš}x",0,"{ŋeš}x[NA]NA"
"P347814",180,"c i 36'","al[hoe]N zu[tooth]N eš[three]NU","{ŋeš}al zu₂ eš₅",0,"al[hoe]N_zu[tooth]N_eš[three]NU"
"P273880",101,"a iii 40'","ig[door]N i[oil]N","{ŋeš}ig i₃",0,"ig[door]N_i[oil]N"
"P250736",285,"r iv 3","x-x[NA]NA x-KA[NA]NA","x-x x-KA",0,"x-x[NA]NA_x-KA[NA]NA"
"P447996",21,"o iii 17","dih[weed]N","{ŋeš}niŋ₂-dehi₃",0,"dih[weed]N"
"P273880",371,"b iv 38","kuŋ[stair]N me[Being]N du[suitable]V/i","{ŋeš}kuŋ₄ me du₇",0,"kuŋ[stair]N_me[Being]N_du[suitable]V/i"
"Q000001",190,"190","gud[ox]N kur[mountain]N","gud kur",0,"gud[ox]N_kur[mountain]N"
"P271301",391,"r iii 24","anše[equid]N ma[ship]N","{ŋeš}anše ma₂",0,"anše[equid]N_ma[ship]N"
"P429503",59,"o ii 28","x-x[NA]NA","x-x",0,"x-x[NA]NA"
"P347814",246,"unknown","unknown","unknown",1,"unknown"
"Q000039",520,"464","ninda[seed-funnel]N apin[plow]N","{ŋeš}ninda₂ apin",0,"ninda[seed-funnel]N_apin[plow]N"
"P253233",41,"r i 9'","dada[tree]N","{ŋeš}da-da",0,"dada[tree]N"
"P273880",128,"unknown","unknown","unknown",10,"unknown"
"P271301",115,"o iii 3","eren[cedar]N","{ŋeš}eren",0,"eren[cedar]N"
"P235262",37,"c ii 10'","{ŋeš}x[NA]NA banšur[table]N","{ŋeš}x banšur",0,"{ŋeš}x[NA]NA_banšur[table]N"
"P346714",147,"r iv 30'","illar[weapon]N eban[pair]N","{ŋeš}illar e-ba-an",0,"illar[weapon]N_eban[pair]N"
"P332934",193,"o iii 29","ŋešnimbar[palm]N uhin[date]N dub[heap]V/t","{ŋeš}ŋešnimbar u₄-hi-in dub-dub",0,"ŋešnimbar[palm]N_uhin[date]N_dub[heap]V/t"
"Q000039",63,"51d","mes[tree]N halub[tree]N harran[route]N","{ŋeš}mes ha-lu-ub₂ har-ra-an",0,"mes[tree]N_halub[tree]N_harran[route]N"
"P271911",522,"unknown","unknown","unknown",1,"unknown"
"P250364",35,"o ii 10","DUB.du₃[~vehicle]N ašag[field]N","{ŋeš}kišib₃-du₁₀ a-šag₄",0,"DUB.du₃[~vehicle]N_ašag[field]N"
"P388265",379,"r vi 20","{ŋeš}ŋiri₃-la₂[NA]NA","{ŋeš}ŋiri₃-la₂",0,"{ŋeš}ŋiri₃-la₂[NA]NA"
"P459226",16,"o i 13'","hašhur[apple]N kur[mountain]N","{ŋeš}hašhur kur",0,"hašhur[apple]N_kur[mountain]N"
"P429505",7,"5'","ŋešnimbar[palm]N šeŋ[cook]V/t","{ŋeš}ŋešnimbar šeŋ₆",0,"ŋešnimbar[palm]N_šeŋ[cook]V/t"
"P235262",70,"d i 13'","ma[ship]N ninnu[fifty]NU gur[unit]N","{ŋeš}ma₂ ninnu gur",0,"ma[ship]N_ninnu[fifty]NU_gur[unit]N"
"P388330",8,"o 7","hašhur[apple]N damšelum[plant]N","{ŋeš}hašhur dam-ši-lum",0,"hašhur[apple]N_damšelum[plant]N"
"P253233",26,"o ii 9","dilim[spoon]N banšur[table]N","{ŋeš}dilim₂ banšur",0,"dilim[spoon]N_banšur[table]N"
"P250370",8,"8","gizulumma[nettle?]N","{ŋeš}gi-zu₂-lum-ma",0,"gizulumma[nettle?]N"
"P271911",126,"o ii 47","gur[rim]N balaŋdi[instrument]N","gur₂ balaŋ-di",0,"gur[rim]N_balaŋdi[instrument]N"
"P271771",35,"o iii 12","girim[flower]N","{ŋeš}gi-rim",0,"girim[flower]N"
"P253228",7,"o i 4","saŋ[head]N al[hoe]N","{ŋeš}saŋ al",0,"saŋ[head]N_al[hoe]N"
"P271911",332,"r i 21'","pana[bow]N","pana",0,"pana[bow]N"
"Q000039",271,"235","dilim[spoon]N banšur[table]N","{ŋeš}dilim₂ banšur",0,"dilim[spoon]N_banšur[table]N"
"Q000001",346,"346","nim[fly]N urmah[lion]N","nim ur-mah",0,"nim[fly]N_urmah[lion]N"
"Q000001",263,"263","muš[snake]N","muš",0,"muš[snake]N"
"X100003",32,"r 16","ama[mother]N peš[fig]N","{ŋeš}ama {ŋeš}peš₃",0,"ama[mother]N_peš[fig]N"
"P273880",640,"d i 20'","{ŋeš}AŠ-GIŠ[NA]NA","{ŋeš}AŠ-GIŠ",0,"{ŋeš}AŠ-GIŠ[NA]NA"
"P332930",23,"r 2","ma[ship]N sig[weak]V/i ma-zi-ig[NA]NA","{ŋeš}ma₂ sig ma-zi-ig",0,"ma[ship]N_sig[weak]V/i_ma-zi-ig[NA]NA"
"P347814",170,"c i 25'","ganum[stand]N a[water]N","{ŋeš}ga-an-nu a",0,"ganum[stand]N_a[water]N"
"P346872",4,"o 3","na[box]N šu[hand]N","{ŋeš}na₅ šu",0,"na[box]N_šu[hand]N"
"P253228",65,"r ii 4'","{ŋeš}x[NA]NA x[NA]NA","{ŋeš}x x",0,"{ŋeš}x[NA]NA_x[NA]NA"
"P388265",309,"r iv 50","{ŋeš}NE-x[NA]NA","{ŋeš}NE-x",0,"{ŋeš}NE-x[NA]NA"
"Q000039",84,"66","ŋešnimbar[palm]N suhuš[offshoot]N","{ŋeš}ŋešnimbar suhušₓ(TUR)",0,"ŋešnimbar[palm]N_suhuš[offshoot]N"
"P437074",47,"b i 8''","zarsi[plant]N","{ŋeš}zar-si",0,"zarsi[plant]N"
"P271301",373,"r iii 6","ma[ship]N addir[ferry]N","{ŋeš}ma₂ addir",0,"ma[ship]N_addir[ferry]N"
"P271771",4,"unknown","unknown","unknown",999,"unknown"
"P271911",370,"r i 53'","kul[handle]N mar[shovel]N","kul mar",0,"kul[handle]N_mar[shovel]N"
"P228105",10,"o i 8'","igiŋal[sign]N","{ŋeš}igi-ŋal₂",0,"igiŋal[sign]N"
"P459216",166,"r iii 33'","eškiri[rope]N","{ŋeš}eškiri₂",0,"eškiri[rope]N"
"P273880",654,"d i 37'","gibil[firewood]N","{ŋeš}gibil₄",0,"gibil[firewood]N"
"P447996",62,"o iv 31","ŋeštin[vine]N x-x-um[NA]NA","{ŋeš}ŋeštin x-x-um",0,"ŋeštin[vine]N_x-x-um[NA]NA"
"P332934",113,"o ii 30","KID.da[twig]N","{ŋeš}šed-du",0,"KID.da[twig]N"
"P429503",22,"o i 19","ŋeštinguruma[~vine]N","{ŋeš}ŋeštin-gurum-ma",0,"ŋeštinguruma[~vine]N"
"P250736",184,"r i 38","{gi}u₂-ur₄[NA]NA kud[cut]V/t","{gi}u₂-ur₄ kud",0,"{gi}u₂-ur₄[NA]NA_kud[cut]V/t"
"P437074",75,"unknown","unknown","unknown",999,"unknown"
"P347814",14,"a i 12'","x-me[NA]NA","x-me",0,"x-me[NA]NA"
"P447996",99,"o v 24","{ŋeš}AMA[NA]NA","{ŋeš}AMA",0,"{ŋeš}AMA[NA]NA"
"P459216",156,"r iii 23'","{ŋeš}x[NA]NA","{ŋeš}x",0,"{ŋeš}x[NA]NA"
"P271771",86,"o v 16","ur[root]N gibil[new]V/i","{ŋeš}ur₂ gibil",0,"ur[root]N_gibil[new]V/i"
"P459218",98,"o iv 19","alšub[tool]N","{ŋeš}al-šub",0,"alšub[tool]N"
"P388265",17,"i 19","urnum[cedar]N","{ŋeš}ur-nu-um",0,"urnum[cedar]N"
"P250736",143,"o iv 36","gigid[reed]N","gi-gid₂",0,"gigid[reed]N"
"P347814",41,"a ii 12'","{ŋeš}x[NA]NA","{ŋeš}x",0,"{ŋeš}x[NA]NA"
"P250736",20,"o i 16","gisig[fence]N","gi-sig",0,"gisig[fence]N"
"P459217",32,"ii 8'","ildag[poplar]N kur[mountain]N","{ŋeš}ildag₂ kur",0,"ildag[poplar]N_kur[mountain]N"
"P250364",65,"o iv 5","e[house]N ŋešrin[scales]N","{ŋeš}e₂ rin₂",0,"e[house]N_ŋešrin[scales]N"
"P388265",218,"r ii 46","guza[chair]N mah[great]V/i","{ŋeš}gu-za mah",0,"guza[chair]N_mah[great]V/i"
"P273880",526,"c iii 11","suhur[tuft]N ŋešnimbar[palm]N","{ŋeš}suhur ŋešnimbar",0,"suhur[tuft]N_ŋešnimbar[palm]N"
"P273880",309,"b iii 37","al[hoe]N zu[tooth]N min[two]NU","{ŋeš}al zu₂ min",0,"al[hoe]N_zu[tooth]N_min[two]NU"
"P346714",68,"r ii 36'","barbar[shuttle]N","{ŋeš}bar-bar",0,"barbar[shuttle]N"
"P459216",16,"i 14","peš[fig]N","{ŋeš}peš₃",0,"peš[fig]N"
"P332934",390,"r iv 24'","x[NA]NA margida[cart]N","x mar-gid₂-da",0,"x[NA]NA_margida[cart]N"
"Q000039",773,"702","e[house]N zana[doll]N","{ŋeš}e₂ za-na",0,"e[house]N_zana[doll]N"
"P388265",347,"r v 32","miritum[instrument]N","ma-ri₂-tum",0,"miritum[instrument]N"
"P273880",280,"b iii 4","sumur[roof]N banšur[table]N","{ŋeš}sumur₃ {ŋeš}banšurₓ(|URU×IGI.URUDA|)",0,"sumur[roof]N_banšur[table]N"
"P247864",55,"o i 52","peš[fig]N |KI.URI|-ra[NA]NA","{ŋeš}peš₃ |KI.URI|-ra",0,"peš[fig]N_|KI.URI|-ra[NA]NA"
"Q000039",453,"404","siŋar[bolt]N guʾe[textile]N","{ŋeš}si-ŋar gu₂-e₃",0,"siŋar[bolt]N_guʾe[textile]N"
"P429503",155,"r ii' 31'","gag[nail]N eškiri[rope]N","{ŋeš}gag eškiri",0,"gag[nail]N_eškiri[rope]N"
"P247864",314,"o v 62","ma[ship]N šu[hand]N du[suitable]V/i","{ŋeš}ma₂ šu du₇",0,"ma[ship]N_šu[hand]N_du[suitable]V/i"
"P271301",8,"o i 5","esi[tree]N hub₂-ba[NA]NA","{ŋeš}esi hub₂-ba",0,"esi[tree]N_hub₂-ba[NA]NA"
"P347814",29,"unknown","unknown","unknown",999,"unknown"
"P437074",19,"a iii 1'","ŋešnimbar[palm]N x[NA]NA","{ŋeš}ŋešnimbar x",0,"ŋešnimbar[palm]N_x[NA]NA"
"P250736",153,"r i 7","gi[reed]N x-x[NA]NA","gi x-x",0,"gi[reed]N_x-x[NA]NA"
"P247864",307,"o v 55","dim[post]N ma[ship]N","{ŋeš}dim ma₂",0,"dim[post]N_ma[ship]N"
"P235262",104,"d ii 9'","umbin[wheel]N gagsila[harness]N","{ŋeš}umbin gag-sal₄",0,"umbin[wheel]N_gagsila[harness]N"
"P346714",82,"r iii 04'","kur[wood]N","{ŋeš}kur",0,"kur[wood]N"
"P247864",295,"o v 43","{ŋeš}x-x[NA]NA","{ŋeš}x-x",0,"{ŋeš}x-x[NA]NA"
"P271911",343,"unknown","unknown","unknown",1,"unknown"
"P273880",122,"a iv 10'","e[house]N ur[root]N gu₂-x[NA]NA","{ŋeš}e₂ ur₂ gu₂-x",0,"e[house]N_ur[root]N_gu₂-x[NA]NA"
"P271911",456,"r ii 56","gam[haft]N ŋiri[dagger]N","kin ŋiri₂",0,"gam[haft]N_ŋiri[dagger]N"
"P229173",4,"o 3","mes[tree]N Kiʾengir[Sumer]GN","{ŋeš}mes ki-in-gi-ra",0,"mes[tree]N_Kiʾengir[Sumer]GN"
"P247864",304,"o v 52","ŋisal[rudder]N ma[ship]N","{ŋeš}gi-sal ma₂",0,"ŋisal[rudder]N_ma[ship]N"
"P247864",353,"o vi 37","{ŋeš}x-x-ni[NA]NA","{ŋeš}x-x-ni",0,"{ŋeš}x-x-ni[NA]NA"
"P459216",141,"r iii 8'","murgu[shoulder]N ma[ship]N","{ŋeš}murgu ma₂",0,"murgu[shoulder]N_ma[ship]N"
"P271911",263,"unknown","unknown","unknown",1,"unknown"
"Q000039",346,"306","pešeš[~boat]N ma[ship]N","{ŋeš}peš-eš₃ ma₂",0,"pešeš[~boat]N_ma[ship]N"
"P347814",167,"c i 22'","namra[booty]N","{ŋeš}nam-ri",0,"namra[booty]N"
"P347814",152,"c i 7'","x-bal[NA]NA","x-bal",0,"x-bal[NA]NA"
"Q000039",642,"576","usakar[moon]N","{ŋeš}u₄-sakar",0,"usakar[moon]N"
"P271911",130,"o ii 50","ŋešrin[scales]N tur[small]V/i","rin₂ tur",0,"ŋešrin[scales]N_tur[small]V/i"
"P459216",105,"r i 10'","guza[chair]N mes[tree]N x[NA]NA","{ŋeš}gu-za {ŋeš}mes x",0,"guza[chair]N_mes[tree]N_x[NA]NA"
"P346714",2,"unknown","unknown","unknown",999,"unknown"
"P247864",79,"o ii 16","{ŋeš}x-x[NA]NA ŋešnimbar[palm]N","{ŋeš}x-x ŋešnimbar",0,"{ŋeš}x-x[NA]NA_ŋešnimbar[palm]N"
"P459216",101,"r i 6'","guza[chair]N gar[knob]N kugsig[gold]N ŋar[place]V/t","{ŋeš}gu-za gar₃ kug-sig₁₇ ŋar",0,"guza[chair]N_gar[knob]N_kugsig[gold]N_ŋar[place]V/t"
"Q000039",667,"601","alŋar[instrument]N","{ŋeš}al-ŋar",0,"alŋar[instrument]N"
"P271911",500,"r iii 35","x-x[NA]NA","x-x",0,"x-x[NA]NA"
"P247864",183,"o iii 57","gag[nail]N umbin[wheel]N gigir[chariot]N","{ŋeš}gag umbin gigir",0,"gag[nail]N_umbin[wheel]N_gigir[chariot]N"
"P370399",156,"o v 10'","ellag[ball]N","{ŋeš}ellag",0,"ellag[ball]N"
"P492330",40,"r i 10'","{ŋeš}x[NA]NA","{ŋeš}x",0,"{ŋeš}x[NA]NA"
"P250736",222,"r ii 26","sila[unit]N banda[junior]V/i","{dug}sila₃ banda₃{da}",0,"sila[unit]N_banda[junior]V/i"
"P271911",201,"o iii 44'","ŋušur[harrow]N musar[garden]N","niŋ₂-gan₂-ur₃ mu-sar",0,"ŋušur[harrow]N_musar[garden]N"
"P271911",365,"unknown","unknown","unknown",1,"unknown"
"P271911",546,"r iv 14","ŋušur[beam]N","gu-šu-ur",0,"ŋušur[beam]N"
"P250364",115,"unknown","unknown","unknown",999,"unknown"
"P388265",61,"iii 10","{ŋeš}mu-TUM-da[NA]NA","{ŋeš}mu-TUM-da",0,"{ŋeš}mu-TUM-da[NA]NA"
"P273880",195,"b i 45'","barbar[shuttle]N","{ŋeš}bar-bar",0,"barbar[shuttle]N"
"P346714",20,"r i 24'","zara[pivot]N margida[cart]N","{ŋeš}za-ra mar-gid₂-da",0,"zara[pivot]N_margida[cart]N"
"P389511",17,"r 1","{ŋeš}x-x[NA]NA","{ŋeš}x-x",0,"{ŋeš}x-x[NA]NA"
"Q000039",339,"299","si[horn]N ma[ship]N","{ŋeš}si ma₂",0,"si[horn]N_ma[ship]N"
"P235262",19,"a i 15'","šedug[tree]N","{ŋeš}še-dug₃",0,"šedug[tree]N"
"P271301",394,"r iii 27","dimgal[pole]N ma[ship]N","{ŋeš}dim₃-gul ma₂",0,"dimgal[pole]N_ma[ship]N"
"P429503",100,"r i' 4'","{ŋeš}x[NA]NA","{ŋeš}x",0,"{ŋeš}x[NA]NA"
"P250364",158,"r iii 24'","argibil[structure]N","{ŋeš}ar-gibil₂",0,"argibil[structure]N"
"P271320",38,"r i' 5'","gabaŋal[guard]N gigir[chariot]N","{ŋeš}gaba-gal gigir",0,"gabaŋal[guard]N_gigir[chariot]N"
"Q000039",760,"689","ŋešdubak[board]N","ŋeš-dub",0,"ŋešdubak[board]N"
"Q000001",358,"358","bir[locust]N sahar[dust]N","bir₅ sahar",0,"bir[locust]N_sahar[dust]N"
"Q000039",478,"427","ŋešellag[tool]N","ŋeš-ellag",0,"ŋešellag[tool]N"
"P459218",101,"o iv 22","al[hoe]N zu[tooth]N eš[three]NU","{ŋeš}al zu₂ eš₅",0,"al[hoe]N_zu[tooth]N_eš[three]NU"
"P228105",19,"unknown","unknown","unknown",999,"unknown"
"P388265",8,"i 10","elammakum[tree]N","{ŋeš}e-lam-kum",0,"elammakum[tree]N"
"P332930",12,"o 10","ma[ship]N Uri[Akkad]GN","{ŋeš}ma₂ uri-a{ki}",0,"ma[ship]N_Uri[Akkad]GN"
"P273880",643,"d i 23'","ŋešpaphalla[trap?]N","ŋeš-pap-hal-la",0,"ŋešpaphalla[trap?]N"
"P247864",145,"o iii 19","{ŋeš}x[NA]NA margida[cart]N","{ŋeš}x mar-gid₂-da",0,"{ŋeš}x[NA]NA_margida[cart]N"
"P388265",18,"i 20","urzinum[tree]N","{ŋeš}ur-zi-nu-um",0,"urzinum[tree]N"
"P271301",163,"o iii 51","ŋešnimbar[palm]N munus[woman]N","{ŋeš}ŋešnimbar munus",0,"ŋešnimbar[palm]N_munus[woman]N"
"P273880",226,"b ii 15","dilim[spoon]N","{ŋeš}dilim₂",0,"dilim[spoon]N"
"P459217",25,"ii 1'","x[NA]NA šim-x[NA]NA","x šim-x",0,"x[NA]NA_šim-x[NA]NA"
"P271771",46,"o iv 2","ŋešnimbar[palm]N munus[woman]N","{ŋeš}ŋešnimbar mi",0,"ŋešnimbar[palm]N_munus[woman]N"
"P250364",55,"o iii 5'","{ŋeš}x[NA]NA","{ŋeš}x",0,"{ŋeš}x[NA]NA"
"P271301",13,"o i 10","ŋešnu[tree]N","ŋeš-nu₁₁",0,"ŋešnu[tree]N"
"P370399",68,"o iii 7'","guza[chair]N kimah[grave]N","{ŋeš}gu-za ki-mah",0,"guza[chair]N_kimah[grave]N"
"P271911",47,"o i 31'","mud[tube]N","mud",0,"mud[tube]N"
"P346714",172,"r v 08'","mar[shovel]N gi[reed]N","{ŋeš}mar gi",0,"mar[shovel]N_gi[reed]N"
"P347814",274,"d ii 2'","{ŋeš}x[NA]NA","{ŋeš}x",0,"{ŋeš}x[NA]NA"
"Q000001",128,"128","uzud[goat]N utud[bear]V/t","uzud tud",0,"uzud[goat]N_utud[bear]V/t"
"P250363",15,"r 2","saŋkul[bolt]N","{ŋeš}saŋ-kul",0,"saŋkul[bolt]N"
"Q000039",432,"385","ig[door]N miriza[plank]N","{ŋeš}ig mi-ri₂-za",0,"ig[door]N_miriza[plank]N"
"P277271",7,"o 5'","x[NA]NA","x",0,"x[NA]NA"
"Q000001",385,"384","zahda[piglet]N","ŠAH₂{+ze₂-eh}-TUR",0,"zahda[piglet]N"
"P429504",25,"o iii' 6","{ŋeš}gurun-gi[NA]NA","{ŋeš}gurun-gi",0,"{ŋeš}gurun-gi[NA]NA"
"Q000039",111,"89","mud[stump]N ŋešnimbar[palm]N","{ŋeš}mud ŋešnimbar",0,"mud[stump]N_ŋešnimbar[palm]N"
"P332934",182,"o iii 18","ŋešnimbar[palm]N uhin[date]N kud[cut]V/t","{ŋeš}ŋešnimbar u₄-hi-in ku₇-ku₇",0,"ŋešnimbar[palm]N_uhin[date]N_kud[cut]V/t"
"P247864",278,"o v 26","{ŋeš}x[NA]NA","{ŋeš}x",0,"{ŋeš}x[NA]NA"
"P273880",387,"b iv 55","zamrutum[lance]N","{ŋeš}za₃-mi-ri₂-tum",0,"zamrutum[lance]N"
"P346714",93,"r iii 15'","madal[pole]N","{ŋeš}madla(BU)",0,"madal[pole]N"
"Q000039",328,"290","magur[barge]N Ninlil[1]DN","{ŋeš}ma₂-gur₈ {d}nin-lil₂",0,"magur[barge]N_Ninlil[1]DN"
"P273880",304,"b iii 32","dilim[spoon]N mar[shovel]N","{ŋeš}dilim₂ mar",0,"dilim[spoon]N_mar[shovel]N"
"P459217",85,"iv 7","suhur[tuft]N ŋešnimbar[palm]N","{ŋeš}suhur ŋešnimbar",0,"suhur[tuft]N_ŋešnimbar[palm]N"
"Q000001",223,"223","amar[young]N ga[milk]N","amar ga",0,"amar[young]N_ga[milk]N"
"P247864",74,"o ii 11","dala[thorn]N ŋešnimbar[palm]N","{ŋeš}dala₂ ŋešnimbar",0,"dala[thorn]N_ŋešnimbar[palm]N"
"P332934",294,"r iii 21","ma[ship]N x[NA]NA","{ŋeš}ma₂ x",0,"ma[ship]N_x[NA]NA"
"P273880",154,"a iv 51'","guza[chair]N nud[to-lie-down-(of-people)]V/i du[build]V/t","{ŋeš}gu-za nud du₃",0,"guza[chair]N_nud[to-lie-down-(of-people)]V/i_du[build]V/t"
"P271301",7,"o i 4","esi[tree]N x[NA]NA","{ŋeš}esi x",0,"esi[tree]N_x[NA]NA"
"P459216",81,"iii 20","pešmur[~palm]N ŋešnimbar[palm]N","{ŋeš}peš-murgu ŋešnimbar",0,"pešmur[~palm]N_ŋešnimbar[palm]N"
"Q000001",424,"423","uzu[flesh]N masila[heel]N","uzu ma-sila₃",0,"uzu[flesh]N_masila[heel]N"
"P273880",597,"c iv 31","gur[rim]N balaŋ[instrument]N","{ŋeš}gur₂ balaŋ",0,"gur[rim]N_balaŋ[instrument]N"
"P459217",143,"r ii 12'","{ŋeš}šu-ŋal₂[NA]NA","{ŋeš}šu-ŋal₂",0,"{ŋeš}šu-ŋal₂[NA]NA"
"P250364",15,"o i 12","gag[nail]N mud[tube]N gigir[chariot]N","{ŋeš}gag mud gigir",0,"gag[nail]N_mud[tube]N_gigir[chariot]N"
"P247864",341,"o vi 25","banšur[table]N","{ŋeš}banšur",0,"banšur[table]N"
"P370399",27,"o i 24'","x[NA]NA ŋešnimbar[palm]N","x ŋešnimbar",0,"x[NA]NA_ŋešnimbar[palm]N"
"P253228",88,"r iii 5'","ŋešnimbar[palm]N x-x[NA]NA","{ŋeš}ŋešnimbar x-x",0,"ŋešnimbar[palm]N_x-x[NA]NA"
"P273880",555,"c iii 40","ŋešnimbar[palm]N x-x-e[NA]NA","{ŋeš}ŋešnimbar x-x-e",0,"ŋešnimbar[palm]N_x-x-e[NA]NA"
"P250364",37,"o ii 12","apin[plow]N šu[hand]N","{ŋeš}apin šu",0,"apin[plow]N_šu[hand]N"
"P273880",177,"b i 20'","ŋešnud[bed]N","ŋeš-nud",0,"ŋešnud[bed]N"
"Q000039",696,"627a","ebir[vessel-stand]N dug[pot]N imin[seven]NU","{ŋeš}ebir dug imin",0,"ebir[vessel-stand]N_dug[pot]N_imin[seven]NU"
"P250736",225,"r ii 29","tisa[unmng]N tur[small]V/i","{dug}ti-sa₂ tur-tur",0,"tisa[unmng]N_tur[small]V/i"
"P409466",5,"o 4","ma[ship]N Idlurugu[1]DN","{ŋeš}ma₂ {d}id₂-lu₂-gu₂-ru",0,"ma[ship]N_Idlurugu[1]DN"
"P271301",279,"r i 7","saŋ[head]N guza[chair]N","{ŋeš}saŋ gu-za",0,"saŋ[head]N_guza[chair]N"
"P447996",210,"r iii 11","x-na[NA]NA","x-na",0,"x-na[NA]NA"
"Q000039",274,"238","banšur[table]N zagŋara[shrine]N","{ŋeš}banšur zag-ŋar-ra",0,"banšur[table]N_zagŋara[shrine]N"
"P388265",118,"iv 35","su[fibers]N kiri[orchard]N ŋešnimbar[palm]N","{ŋeš}zi {ŋeš}kiri₆ ŋešnimbar",0,"su[fibers]N_kiri[orchard]N_ŋešnimbar[palm]N"
"P346714",92,"r iii 14'","madal[pole]N","{ŋeš}mudla(BU)",0,"madal[pole]N"
"P429503",36,"o ii 5","lamhal[nut]N","{ŋeš}lam-hal",0,"lamhal[nut]N"
"P346714",140,"r iv 20'","mah[great]V/i","{ŋeš}mah",0,"mah[great]V/i"
"P459216",96,"r i 1'","{ŋeš}x[NA]NA","{ŋeš}x",0,"{ŋeš}x[NA]NA"
"Q000039",295,"259","tukul[weapon]N naŋasikaz[pestle]N","{ŋeš}tukul naŋa₃-si₃-gaz",0,"tukul[weapon]N_naŋasikaz[pestle]N"
"Q000039",233,"197","guza[chair]N gar[knob]N zabar[bronze]N ŋar[place]V/t","{ŋeš}gu-za gar₃ zabar ŋar",0,"guza[chair]N_gar[knob]N_zabar[bronze]N_ŋar[place]V/t"
"P253233",59,"r ii 9'","{ŋeš}x-x[NA]NA x[NA]NA","{ŋeš}x-x x",0,"{ŋeš}x-x[NA]NA_x[NA]NA"
"Q000001",148,"148","maš[goat]N eš[three]NU","maš₂ eš₅",0,"maš[goat]N_eš[three]NU"
"P253233",62,"r ii 12'","ŋeštin[vine]N","{ŋeš}ŋeštin",0,"ŋeštin[vine]N"
"Q000039",636,"570","aga[ax]N aʾašŋar[ax]N","{ŋeš}aga a₂-aš-ŋar",0,"aga[ax]N_aʾašŋar[ax]N"
"X100003",31,"r 15","peš[fig]N šergu[string]N","{ŋeš}peš₃ še-er-kum",0,"peš[fig]N_šergu[string]N"
"P437074",188,"unknown","unknown","unknown",999,"unknown"
"P271911",448,"r ii 50","mete[appropriate-thing]N gud.si.AŠ[ram]N","me-te gud-si-AŠ",0,"mete[appropriate-thing]N_gud.si.AŠ[ram]N"
"P271911",356,"r i 40'","mar[shovel]N ninda[bread]N","mar ninda",0,"mar[shovel]N_ninda[bread]N"
"Q000039",697,"628","ebir[vessel-stand]N gub[stand]V/i","{ŋeš}ebir gub",0,"ebir[vessel-stand]N_gub[stand]V/i"
"P447996",183,"r ii 20","magur[barge]N","{ŋeš}ma₂-gur₈",0,"magur[barge]N"
"P273880",307,"b iii 35","al[hoe]N","{ŋeš}al",0,"al[hoe]N"
"Q000039",31,"26","še[cone]N usuh[tree]N","{ŋeš}še u₃-suh₅",0,"še[cone]N_usuh[tree]N"
"P271911",231,"o iv 5","gag[nail]N šum[garlic]N sal[thin]V/i","gag šum₂ sal",0,"gag[nail]N_šum[garlic]N_sal[thin]V/i"
"P250364",153,"r iii 19'","{ŋeš}zi-da-ne[NA]NA","{ŋeš}zi-da-ne",0,"{ŋeš}zi-da-ne[NA]NA"
"P347814",129,"b ii 13'","{ŋeš}x[NA]NA","{ŋeš}x",0,"{ŋeš}x[NA]NA"
"P247864",69,"o ii 6","{ŋeš}x-ga[NA]NA","{ŋeš}x-ga",0,"{ŋeš}x-ga[NA]NA"
"Q000001",508,"504","uzu[flesh]N imma[vulva]N","uzu im-ma",0,"uzu[flesh]N_imma[vulva]N"
"Q000039",29,"25b","usuh[tree]N pa[branch]N kud[cut]V/t","{ŋeš}u₃-suh₅ pa kud",0,"usuh[tree]N_pa[branch]N_kud[cut]V/t"
"P273880",240,"b ii 33","ba[tool]N zu[stone]N","{ŋeš}ba zu₂",0,"ba[tool]N_zu[stone]N"
"Q000001",356,"356","bir[locust]N gal[big]V/i","bir₅ gal",0,"bir[locust]N_gal[big]V/i"
"P332934",46,"o i 42","hašhur[apple]N baza[dwarf]N","{ŋeš}hašhur ba-an-za",0,"hašhur[apple]N_baza[dwarf]N"
"P273880",639,"d i 19'","{ŋeš}zig₃-ga[NA]NA","{ŋeš}zig₃-ga",0,"{ŋeš}zig₃-ga[NA]NA"
"P250736",146,"o iv 39","gi[reed]N HAR-x[NA]NA","gi HAR-x",0,"gi[reed]N_HAR-x[NA]NA"
"P273880",81,"a iii 12'","gaba[chest]N gigir[chariot]N","{ŋeš}gaba gigir",0,"gaba[chest]N_gigir[chariot]N"
"P332934",289,"r iii 16","ma[ship]N kud[cut]V/t","{ŋeš}ma₂ kud",0,"ma[ship]N_kud[cut]V/t"
"P297194",2,"o 1","lam[tree]N","{ŋeš}lam",0,"lam[tree]N"
"Q000039",264,"228","izzi[wall]N ŋešnud[bed]N","{ŋeš}i-zi nud",0,"izzi[wall]N_ŋešnud[bed]N"
"P247864",238,"o iv 49","ig[door]N maštab[twin]N","{ŋeš}ig maš-tab",0,"ig[door]N_maštab[twin]N"
"Q000039",104,"83","ama[mother]N ŋešnimbar[palm]N","{ŋeš}ama ŋešnimbar",0,"ama[mother]N_ŋešnimbar[palm]N"
"P271911",102,"o ii 27","garig[comb]N saŋdu[head]N","ga-rig₂ saŋ-du",0,"garig[comb]N_saŋdu[head]N"
"P388265",99,"iv 16","zena[midrib]N ŋešnimbar[palm]N","{ŋeš}ze₂-na ŋešnimbar",0,"zena[midrib]N_ŋešnimbar[palm]N"
"Q000001",506,"502","uzu[flesh]N inŋar[colon]N","uzu in-ŋar",0,"uzu[flesh]N_inŋar[colon]N"
"Q000039",437,"390","usakar[moon]N ig[door]N","{ŋeš}u₄-sakar ig",0,"usakar[moon]N_ig[door]N"
"P271301",461,"r iv 42","{ŋeš}LIŠ[NA]NA usan[whip]N","{ŋeš}LIŠ usan₃",0,"{ŋeš}LIŠ[NA]NA_usan[whip]N"
"P250736",109,"o iv 2","bisaŋ[basket]N x[NA]NA","{gi}bisaŋ x",0,"bisaŋ[basket]N_x[NA]NA"
"P271911",415,"r ii 25","tigidlu[instrument]N sa[sinew]N eš[three]NU","tigidla sa uš",0,"tigidlu[instrument]N_sa[sinew]N_eš[three]NU"
"P271301",424,"r iv 5","gigir[chariot]N x[NA]NA sa₂-ab[NA]NA","{ŋeš}gigir x sa₂-ab",0,"gigir[chariot]N_x[NA]NA_sa₂-ab[NA]NA"
"P459217",88,"iv 10","dala[thorn]N ŋešnimbar[palm]N","{ŋeš}dala₂ ŋešnimbar",0,"dala[thorn]N_ŋešnimbar[palm]N"
"P271911",265,"o iv 31","ya[five]NU giŋ[unit]N","ia₂ giŋ₄",0,"ya[five]NU_giŋ[unit]N"
"P247864",177,"o iii 51","gaba[chest]N gigir[chariot]N","{ŋeš}gaba gigir",0,"gaba[chest]N_gigir[chariot]N"
"P271301",132,"o iii 20","ligima[shoot]N","{ŋeš}ligima(|IGI.TUR.TUR|)",0,"ligima[shoot]N"
"Q000039",521,"465","a[arm]N gud[ox]N apin[plow]N","{ŋeš}a₂ gud apin",0,"a[arm]N_gud[ox]N_apin[plow]N"
"P332934",151,"o ii 67","ŋešnimbar[palm]N x[NA]NA","{ŋeš}ŋešnimbar x",0,"ŋešnimbar[palm]N_x[NA]NA"
"P459226",14,"o i 11'","peš[fig]N šergu[string]N","{ŋeš}peš₃ še-er-gu",0,"peš[fig]N_šergu[string]N"
"P271771",121,"r ii 8'","kaŋeškarak[table]N mes[tree]N","{ŋeš}ka-kara₄ mes",0,"kaŋeškarak[table]N_mes[tree]N"
"Q000001",238,"238","anše[equid]N","anše",0,"anše[equid]N"
"Q000039",623,"557","kakpana[arrow]N","{ŋeš}kak-pana",0,"kakpana[arrow]N"
"P253238",5,"o 2'","šinig[tamarisk]N dili[single]V/i","{ŋeš}šinig dili",0,"šinig[tamarisk]N_dili[single]V/i"
"P273880",84,"unknown","unknown","unknown",8,"unknown"
"P346714",27,"r i 31'","gag[nail]N suku[pole]N margida[cart]N","{ŋeš}gag suku₅ mar-gid₂-da",0,"gag[nail]N_suku[pole]N_margida[cart]N"
"P437074",114,"unknown","unknown","unknown",999,"unknown"
"Q000039",654,"588","mar[shovel]N zabar[bronze]N","{ŋeš}mar zabar",0,"mar[shovel]N_zabar[bronze]N"
"P347814",141,"b ii 25'","gagsisa[arrow]N","{ŋeš}gag-si-sa₂",0,"gagsisa[arrow]N"
"Q000039",312,"274","ma[ship]N Mari[1]SN","{ŋeš}ma₂ ma₂-ri",0,"ma[ship]N_Mari[1]SN"
"Q000039",299,"262","emesig[plank]N","{ŋeš}eme-sig",0,"emesig[plank]N"
"P250736",19,"o i 15","gi[reed]N niŋ[thing]N tur[small]V/i","gi niŋ₂ tur-tur",0,"gi[reed]N_niŋ[thing]N_tur[small]V/i"
"P492330",44,"r ii 2'","x-x[NA]NA","x-x",0,"x-x[NA]NA"
"P346714",2,"unknown","unknown","unknown",999,"unknown"
"P332934",172,"o iii 8","ŋešnimbar[palm]N lul[false]V/i","{ŋeš}ŋešnimbar lul",0,"ŋešnimbar[palm]N_lul[false]V/i"
"P271301",276,"r i 4","guza[chair]N |NUN&NUN|-x[NA]NA","{ŋeš}gu-za |NUN&NUN|-x",0,"guza[chair]N_|NUN&NUN|-x[NA]NA"
"P273880",597,"c iv 31","gur[rim]N balaŋ[instrument]N","{ŋeš}gur₂ balaŋ",0,"gur[rim]N_balaŋ[instrument]N"
"Q000001",30,"30","udu[sheep]N ib[hips]N gig[sick]V/i","udu ib₂ gig",0,"udu[sheep]N_ib[hips]N_gig[sick]V/i"
"Q000039",544,"488","gag[nail]N šum[garlic]N bal[dig]V/t","{ŋeš}gag šum₂ ba-al",0,"gag[nail]N_šum[garlic]N_bal[dig]V/t"
"P459226",19,"o i 16'","hašhur[apple]N peš[fig]N","{ŋeš}hašhur peš₃",0,"hašhur[apple]N_peš[fig]N"
"P271911",554,"r iv 20","magaz[bench]N","nam-gaz",0,"magaz[bench]N"
"Q000039",286,"250","u[planking]N kuŋ[stair]N","{ŋeš}u₃ kun₄",0,"u[planking]N_kuŋ[stair]N"
"P271911",447,"r ii 49","lah[bring]V/t gud.si.AŠ[ram]N","lah₅ gud-si-AŠ",0,"lah[bring]V/t_gud.si.AŠ[ram]N"
"P271911",497,"r iii 32","x[NA]NA","x",0,"x[NA]NA"
"P271301",91,"o ii 39","tir[forest]N","{ŋeš}tir",0,"tir[forest]N"
"P271911",244,"o iv 15","dur[board]N ab[window]N","dur₂ a-ab",0,"dur[board]N_ab[window]N"
"P332934",98,"o ii 15","manu[wood]N šu[hand]N","{ŋeš}ma-nu šu",0,"manu[wood]N_šu[hand]N"
"P250361",14,"o ii 2'","ninda[seed-funnel]N apin[plow]N","{ŋeš}ninda₂ apin",0,"ninda[seed-funnel]N_apin[plow]N"
"P332930",23,"r 2","ma[ship]N sig[weak]V/i ma-zi-ig[NA]NA","{ŋeš}ma₂ sig ma-zi-ig",0,"ma[ship]N_sig[weak]V/i_ma-zi-ig[NA]NA"
"Q000039",147,"124","{ŋeš}mu-TUM-da[NA]NA","{ŋeš}mu-TUM-da",0,"{ŋeš}mu-TUM-da[NA]NA"
"P271911",440,"r ii 42","e[house]N gud.si.AŠ[ram]N","e₂ gud-si-AŠ",0,"e[house]N_gud.si.AŠ[ram]N"
"P429503",121,"r i' 25'","ŋešgana[pestle]N","ŋeš-gan-na",0,"ŋešgana[pestle]N"
"P247864",12,"o i 9","šagkal[tree]N","{ŋeš}šag₄-kal",0,"šagkal[tree]N"
"P297194",4,"o 3","usuh[tree]N","{ŋeš}u₃-suh₅",0,"usuh[tree]N"
"P388265",74,"iii 24","usuh[tree]N pa[branch]N kud[cut]V/t","{ŋeš}u₃-suh₅ pa kud",0,"usuh[tree]N_pa[branch]N_kud[cut]V/t"
"P429503",49,"o ii 18","ŋešaʾabak[tree]N","ŋeš-a-ab-ba",0,"ŋešaʾabak[tree]N"
"P437074",184,"c ii 18'","{ŋeš}x[NA]NA","{ŋeš}x",0,"{ŋeš}x[NA]NA"
"Q000001",349,"349","nim[fly]N urgir[dog]N","nim ur-gir₁₅",0,"nim[fly]N_urgir[dog]N"
"P459216",51,"ii 19","šennur[plum]N","{ŋeš}šennur",0,"šennur[plum]N"
"Q000039",126,"103","pešmur[~palm]N ŋešnimbar[palm]N","{ŋeš}peš-mur₇ ŋešnimbar",0,"pešmur[~palm]N_ŋešnimbar[palm]N"
"Q000001",257,"257","eme[donkey]N utud[bear]V/t","eme₅ u₃-tud",0,"eme[donkey]N_utud[bear]V/t"
"P271792",22,"r 17'","x-x[NA]NA","x-x",0,"x-x[NA]NA"
"P253245",19,"o 15","ŋirigub[footstool]N","{ŋeš}ŋiri₃-gub",0,"ŋirigub[footstool]N"
"P273880",549,"c iii 34","ŋešnimbar[palm]N x[NA]NA","{ŋeš}ŋešnimbar x",0,"ŋešnimbar[palm]N_x[NA]NA"
"P271911",303,"unknown","unknown","unknown",1,"unknown"
"P271301",356,"r ii 40","miriza[plank]N zag[side]N gi[turn]V/i","{ŋeš}mi-ri₂-za zag gi",0,"miriza[plank]N_zag[side]N_gi[turn]V/i"
"Q000001",105,"105","udu[sheep]N gunu[speckled]V/i","udu gun₃",0,"udu[sheep]N_gunu[speckled]V/i"
"P247864",34,"o i 31","x[NA]NA x-x[NA]NA","x x-x",0,"x[NA]NA_x-x[NA]NA"
"Q000001",312,"312","šeŋbar[animal]N","šeŋ₉-bar",0,"šeŋbar[animal]N"
"P271911",408,"unknown","unknown","unknown",1,"unknown"
"P370399",193,"o vii 5'","gimuš[pole]N","{ŋeš}gi-nu-uš",0,"gimuš[pole]N"
"P247864",70,"o ii 7","{ŋeš}x-x-a[NA]NA","{ŋeš}x-x-a",0,"{ŋeš}x-x-a[NA]NA"
"P346714",137,"r iv 17'","sa[net]N ur[drag]V/t","{ŋeš}sa ur₃",0,"sa[net]N_ur[drag]V/t"
"P388265",314,"r iv 55","{ŋeš}x[NA]NA","{ŋeš}x",0,"{ŋeš}x[NA]NA"
"P459218",117,"r i 3","gu[neck]N zirigum[irrigation-device]N","{ŋeš}gu₂ zi-ri₂-gum",0,"gu[neck]N_zirigum[irrigation-device]N"
"P271301",318,"r ii 2","dilim[spoon]N banšur[table]N","{ŋeš}dilim₂ banšur",0,"dilim[spoon]N_banšur[table]N"
"P273880",91,"a iii 29'","kadu[cover]N gigir[chariot]N","{ŋeš}ka-du₃ gigir",0,"kadu[cover]N_gigir[chariot]N"
"Q000039",514,"460a","muš[snake]N apin[plow]N","{ŋeš}muš apin",0,"muš[snake]N_apin[plow]N"
"P273712",4,"o 3'","ŋešrin[scales]N manala[weighmaster]N","ŋeš-rin₂ ma-na-la₂",0,"ŋešrin[scales]N_manala[weighmaster]N"
"P273880",237,"b ii 26","garig[comb]N saŋdu[head]N","{ŋeš}ga-rig₂ saŋ-du",0,"garig[comb]N_saŋdu[head]N"
"P459216",127,"r ii 12'","banšur[table]N zu[tooth]N amsi[elephant]N sig[put]V/t","{ŋeš}banšur zu₂ am-si sig₉",0,"banšur[table]N_zu[tooth]N_amsi[elephant]N_sig[put]V/t"
"P247864",134,"o iii 8","apin[plow]N šu[hand]N","{ŋeš}apin šu",0,"apin[plow]N_šu[hand]N"
"P228105",11,"o i 9'","kirid[clasp]N","{ŋeš}kirid",0,"kirid[clasp]N"
"P370399",176,"o v 30'","garig[comb]N","{ŋeš}ga-rig₂",0,"garig[comb]N"
"P253866",38,"o ii 2'","gag[nail]N šibir[staff]N","{ŋeš}gag šibir",0,"gag[nail]N_šibir[staff]N"
"P250736",53,"o ii 27","x-x[NA]NA","x-x",0,"x-x[NA]NA"
"P230069",2,"o 1'","guza[chair]N zag[side]N us[follow]V/t","{ŋeš}gu-za zag us₂",0,"guza[chair]N_zag[side]N_us[follow]V/t"
"Q000001",370,"370","pešsilagaz[rodent]N","peš₂-{dug}sila₃-gaz-gaz",0,"pešsilagaz[rodent]N"
"P388265",57,"iii 6","ŋešaʾabak[tree]N Meluhha[1]GN","ŋeš-ab-ba me-luh-ha",0,"ŋešaʾabak[tree]N_Meluhha[1]GN"
"P271911",110,"unknown","unknown","unknown",1,"unknown"
"Q000001",43,"43","udu[sheep]N zusiga[~sheep]N","udu zu₂-si-ga",0,"udu[sheep]N_zusiga[~sheep]N"
"P235262",97,"d ii 2'","umbin[wheel]N gigir[chariot]N","{ŋeš}umbin gigir",0,"umbin[wheel]N_gigir[chariot]N"
"P271911",392,"r ii 8","miritum[instrument]N","ma₂-ri-tum",0,"miritum[instrument]N"
"P271301",276,"r i 4","guza[chair]N |NUN&NUN|-x[NA]NA","{ŋeš}gu-za |NUN&NUN|-x",0,"guza[chair]N_|NUN&NUN|-x[NA]NA"
"P272243",33,"unknown","unknown","unknown",1,"unknown"
"P447996",145,"r i 27","{ŋeš}LAGAB[NA]NA ŋešnimbar[palm]N","{ŋeš}LAGAB ŋešnimbar",0,"{ŋeš}LAGAB[NA]NA_ŋešnimbar[palm]N"
"Q000039",418,"373","endur[navel?]N margida[cart]N","{ŋeš}en₃-dur mar-gid₂-da",0,"endur[navel?]N_margida[cart]N"
"P429503",94,"unknown","unknown","unknown",999,"unknown"
"P332934",68,"o i 12'","lamtur[nut]N","{ŋeš}lam-tur",0,"lamtur[nut]N"
"Q000039",765,"694","dur[balk]N si[horn]N","{ŋeš}dur si",0,"dur[balk]N_si[horn]N"
"P447996",85,"o v 10","laldar[pomegranate]N","{ŋeš}lal₃-dar",0,"laldar[pomegranate]N"
"P272532",5,"o 3","guza[chair]N mes[tree]N","{ŋeš}gu-za {ŋeš}mes",0,"guza[chair]N_mes[tree]N"
"P271301",276,"r i 4","guza[chair]N |NUN&NUN|-x[NA]NA","{ŋeš}gu-za |NUN&NUN|-x",0,"guza[chair]N_|NUN&NUN|-x[NA]NA"
"P271301",462,"r iv 43","eš[rope]N usan[whip]N","{ŋeš}eš₂ usan₃",0,"eš[rope]N_usan[whip]N"
"P459217",94,"iv 16","{ŋeš}LAGAB[NA]NA ŋešnimbar[palm]N","{ŋeš}LAGAB ŋešnimbar",0,"{ŋeš}LAGAB[NA]NA_ŋešnimbar[palm]N"
"P347814",136,"b ii 20'","katapum[object]N","{ŋeš}ka-ta-pu-um",0,"katapum[object]N"
"P250364",17,"o i 14","umbin[wheel]N gigir[chariot]N","{ŋeš}umbin gigir",0,"umbin[wheel]N_gigir[chariot]N"
"P459216",171,"r iv 3'","kag[mouth]N umbin[wheel]N gigir[chariot]N","{ŋeš}ka umbin gigir",0,"kag[mouth]N_umbin[wheel]N_gigir[chariot]N"
"P271911",151,"o iii 2'","apin[plow]N šudu[equipped]AJ","apin šu-{+du}du₇",0,"apin[plow]N_šudu[equipped]AJ"
"P388265",254,"r iii 41","x[NA]NA gigir[chariot]N","x gigir",0,"x[NA]NA_gigir[chariot]N"
"P247864",247,"o iv 58","illar[weapon]N","{ŋeš}illar",0,"illar[weapon]N"
"P250361",5,"o 3'","guza[chair]N","{ŋeš}gu-za",0,"guza[chair]N"
"P370399",167,"o v 21'","naŋa[mortar]N","{ŋeš}naŋa₃",0,"naŋa[mortar]N"
"P228596",5,"5","ganum[stand]N kaš[beer]N","{ŋeš}gan-nu-um kaš",0,"ganum[stand]N_kaš[beer]N"
"P332934",85,"o ii 2","ŋešaʾabak[tree]N Meluhha[1]GN","ŋeš-a-ab-ba me-luh-ha",0,"ŋešaʾabak[tree]N_Meluhha[1]GN"
"Q000039",734,"663","kur[wood]N","{ŋeš}kur",0,"kur[wood]N"
"Q000039",681,"613","tigidlu[instrument]N","{ŋeš}tigidla",0,"tigidlu[instrument]N"
"P250361",11,"o 9'","x-si[NA]NA","x-si",0,"x-si[NA]NA"
"P332934",137,"o ii 54","tiʾarum[tree]N","{ŋeš}ti-ia-lum",0,"tiʾarum[tree]N"
"P271911",105,"o ii 30","garig[comb]N eban[pair]N","ga-rig₂ e₂-pa-na",0,"garig[comb]N_eban[pair]N"
"P347815",6,"o 5","{ŋeš}x[NA]NA kuŋ[stair]N","{ŋeš}x {ŋeš}kuŋ₅",0,"{ŋeš}x[NA]NA_kuŋ[stair]N"
"Q000039",534,"478","al[hoe]N zu[tooth]N","{ŋeš}al zu₂",0,"al[hoe]N_zu[tooth]N"
"P271911",265,"o iv 31","ya[five]NU giŋ[unit]N","ia₂ giŋ₄",0,"ya[five]NU_giŋ[unit]N"
"Q000039",375,"332","sahargi[dust-guard]N gigir[chariot]N","{ŋeš}sahar-gi₄ gigir",0,"sahargi[dust-guard]N_gigir[chariot]N"
"P271301",244,"o v 17'","guza[chair]N sirda[cnne]N","{ŋeš}gu-za sir₃-da",0,"guza[chair]N_sirda[cnne]N"
"P271911",221,"o iii 61'","ušub[brick-mold]N šeg[brick]N","u₃-šub šeg₁₂",0,"ušub[brick-mold]N_šeg[brick]N"
"P271792",4,"o 1'","x[NA]NA","x",0,"x[NA]NA"
"P388265",208,"r ii 35","niŋ[thing]N ya[five]NU giŋ[unit]N","{ŋeš}niŋ₂ ia₂ giŋ₄",0,"niŋ[thing]N_ya[five]NU_giŋ[unit]N"
"P273880",666,"d ii 1'","{ŋeš}x[NA]NA","{ŋeš}x",0,"{ŋeš}x[NA]NA"
"P370399",158,"o v 12'","sugin[rot]N","{ŋeš}sugin",0,"sugin[rot]N"
"P437074",161,"c i 26'","dilim[spoon]N gal[big]V/i","{ŋeš}dilim₂ gal",0,"dilim[spoon]N_gal[big]V/i"
"Q000001",378,"377","šah[pig]N","šah₂",0,"šah[pig]N"
"P370399",141,"o iv 38'","ig[door]N sah[mat]N","{ŋeš}ig sah",0,"ig[door]N_sah[mat]N"
"P273880",230,"b ii 19","maštakda[wooden-object]N","{ŋeš}maš-tak-da",0,"maštakda[wooden-object]N"
"P253233",73,"unknown","unknown","unknown",10,"unknown"
"P273880",352,"b iv 15","balaŋ[instrument]N x[NA]NA","{ŋeš}balaŋ x",0,"balaŋ[instrument]N_x[NA]NA"
"P459217",167,"r iii 24","guza[chair]N šah-x-ma[NA]NA","{ŋeš}gu-za šah-x-ma",0,"guza[chair]N_šah-x-ma[NA]NA"
"P332934",55,"unknown","unknown","unknown",999,"unknown"
"P271301",65,"o ii 13","allanum[oak]N","{ŋeš}al-la-nu-um",0,"allanum[oak]N"
"P271301",325,"r ii 9","emerah[jug]N gal[big]V/i","{ŋeš}emerah gal",0,"emerah[jug]N_gal[big]V/i"
"P271771",125,"r ii 12'","emerah[jug]N tur[small]V/i","{ŋeš}emerahₓ(|UD.HUB₂|) tur",0,"emerah[jug]N_tur[small]V/i"
"P332934",188,"o iii 24","ŋešnimbar[palm]N uhin[date]N babbar[white]V/i","{ŋeš}ŋešnimbar u₄-hi-in babbar",0,"ŋešnimbar[palm]N_uhin[date]N_babbar[white]V/i"
"P346714",37,"r ii 05'","da[side-board]N apin[plow]N","{ŋeš}da apin",0,"da[side-board]N_apin[plow]N"
"P459218",117,"r i 3","gu[neck]N zirigum[irrigation-device]N","{ŋeš}gu₂ zi-ri₂-gum",0,"gu[neck]N_zirigum[irrigation-device]N"
"P271911",261,"o iv 28","ya[five]NU sila[unit]N","ia₂ sila₃",0,"ya[five]NU_sila[unit]N"
"P225062",4,"o i 1","allanum[oak]N","{ŋeš}al-la-nu-um",0,"allanum[oak]N"
"P273880",116,"a iv 4'","nukušu[~door]N kešed[bind]V/t","{ŋeš}nu-kuš₂ keš₂-d·a",0,"nukušu[~door]N_kešed[bind]V/t"
"Q000001",143,"143","maš[goat]N sala[bug-ridden]AJ","maš₂ za-la₂",0,"maš[goat]N_sala[bug-ridden]AJ"
"P388265",177,"r ii 4","endur[navel?]N margida[cart]N","{ŋeš}en₃-dur mar-gid₂-da",0,"endur[navel?]N_margida[cart]N"
"Q000001",339,"339","uman[insect]N še[barley]N","umanₓ(|HI×AŠ₂|) še",0,"uman[insect]N_še[barley]N"
"P271771",65,"o iv 21","peš[frond]N ŋešnimbar[palm]N","{ŋeš}peš ŋešnimbar",0,"peš[frond]N_ŋešnimbar[palm]N"
"P235262",10,"a i 6'","peš[fig]N Mari[1]SN","{ŋeš}peš₃ ma₂-ri₂{ki}",0,"peš[fig]N_Mari[1]SN"
"P429503",88,"o iii 27","ŋešnimbar[palm]N x[NA]NA","{ŋeš}ŋešnimbar x",0,"ŋešnimbar[palm]N_x[NA]NA"
"P273880",587,"c iv 20","{ŋeš}x[NA]NA","{ŋeš}x",0,"{ŋeš}x[NA]NA"
"P250736",165,"r i 19","{gi}UD-X[NA]NA IG[NA]NA","{gi}UD-X IG",0,"{gi}UD-X[NA]NA_IG[NA]NA"
"P332934",367,"r iv 1'","x-ga[NA]NA","x-ga",0,"x-ga[NA]NA"
"P271301",340,"r ii 24","buniŋ[trough]N","{ŋeš}buniŋ₂",0,"buniŋ[trough]N"
"P429503",87,"o iii 26","ŋešnimbar[palm]N x[NA]NA","{ŋeš}ŋešnimbar x",0,"ŋešnimbar[palm]N_x[NA]NA"
"P271301",305,"r i 33","ŋešnud[bed]N umbin[nail]N gud[ox]N","ŋeš-nud umbin gud",0,"ŋešnud[bed]N_umbin[nail]N_gud[ox]N"
"P247864",410,"o vii 29'","{ŋeš}x-za-ab[NA]NA","{ŋeš}x-za-ab",0,"{ŋeš}x-za-ab[NA]NA"
"P296528",2,"o 1","{ŋeš}IGI-TUR[NA]NA","{ŋeš}IGI-TUR",0,"{ŋeš}IGI-TUR[NA]NA"
"P273880",673,"d ii 8'","ŋeš[tree]N a[water]N la[hang]V/t","ŋeš a la₂-la₂",0,"ŋeš[tree]N_a[water]N_la[hang]V/t"
"P447996",173,"r ii 10","Manuri[1]ON","{ŋeš}ma₂-nu-ri",0,"Manuri[1]ON"
"P347814",220,"c ii 26'","mar[shovel]N udun[kiln]N","{ŋeš}mar udun",0,"mar[shovel]N_udun[kiln]N"
"P459216",130,"r ii 22'","{ŋeš}x[NA]NA","{ŋeš}x",0,"{ŋeš}x[NA]NA"
"P459216",139,"r iii 6'","magid[boat]N","{ŋeš}ma₂-gid₂-da",0,"magid[boat]N"
"P271301",28,"o i 25","ŋeštin[vine]N garan[bunch]N","{ŋeš}ŋeštin ga-ra-an",0,"ŋeštin[vine]N_garan[bunch]N"
"P271301",47,"o i 44","hašhur[apple]N damšelum[plant]N","{ŋeš}hašhur dam-ši-lum",0,"hašhur[apple]N_damšelum[plant]N"
"P251867",2,"o 1","Madurahabzu[1]ON","{ŋeš}ma₂-durah-abzu",0,"Madurahabzu[1]ON"
"P370399",171,"o v 25'","{ŋeš}tur[NA]NA UD-HUB₂-x[NA]NA","{ŋeš}tur UD-HUB₂-x",0,"{ŋeš}tur[NA]NA_UD-HUB₂-x[NA]NA"
"P332934",193,"o iii 29","ŋešnimbar[palm]N uhin[date]N dub[heap]V/t","{ŋeš}ŋešnimbar u₄-hi-in dub-dub",0,"ŋešnimbar[palm]N_uhin[date]N_dub[heap]V/t"
"P271911",316,"r i 7'","zamrutum[lance]N","za-ri₂-ša",0,"zamrutum[lance]N"
"P459217",17,"i 16'","šedug[tree]N","{ŋeš}še-dug₃",0,"šedug[tree]N"
"P347814",264,"d i 19'","šu[handle]N","{ŋeš}šu",0,"šu[handle]N"
"P247543",4,"o 2","ma[ship]N x[NA]NA gur[unit]N","{ŋeš}ma₂ x gur",0,"ma[ship]N_x[NA]NA_gur[unit]N"
"P247543",3,"o 1","ma[ship]N u[ten]NU gur[unit]N","{ŋeš}ma₂ u gur",0,"ma[ship]N_u[ten]NU_gur[unit]N"
"P346714",68,"r ii 36'","barbar[shuttle]N","{ŋeš}bar-bar",0,"barbar[shuttle]N"
"P273880",20,"a i 17'","ŋeštinguruma[~vine]N","{ŋeš}ŋeštin-gurum-ma",0,"ŋeštinguruma[~vine]N"
"Q000039",574,"517","ban[unit]N","{ŋeš}ba-an",0,"ban[unit]N"
"P437074",63,"b ii 6'","aslum[rod]N","{ŋeš}aš₂-lum",0,"aslum[rod]N"
"P273880",138,"a iv 35'","guza[chair]N šagkal[tree]N","{ŋeš}gu-za šag₄-kal",0,"guza[chair]N_šagkal[tree]N"
"P347814",140,"b ii 24'","kakpana[arrow]N","{ŋeš}kak-pana",0,"kakpana[arrow]N"
"P228596",3,"3","ganum[stand]N a[water]N","{ŋeš}gan-nu-um a",0,"ganum[stand]N_a[water]N"
"Q000039",219,"185","guza[chair]N unkin[assembly]N","{ŋeš}gu-za unkin",0,"guza[chair]N_unkin[assembly]N"
"P247864",273,"o v 21","{ŋeš}x-x[NA]NA","{ŋeš}x-x",0,"{ŋeš}x-x[NA]NA"
"P250736",5,"o i 1","gi[thicket]N","{ŋeš}gi",0,"gi[thicket]N"
"P271911",568,"r iv 31","dih[weed]N","{+ti-hi}dih₃",0,"dih[weed]N"
"P447996",97,"o v 22","ŠU.KAL[tree]N","{ŋeš}|ŠU.KAL|",0,"ŠU.KAL[tree]N"
"P389511",18,"r 2","{ŋeš}a-x[NA]NA","{ŋeš}a-x",0,"{ŋeš}a-x[NA]NA"
"P271301",13,"o i 10","ŋešnu[tree]N","ŋeš-nu₁₁",0,"ŋešnu[tree]N"
"P273880",319,"b iii 47","lubi[ax]N","{ŋeš}li-bi-da",0,"lubi[ax]N"
"P271301",369,"r iii 2","ma[ship]N nurum[light]N","{ŋeš}ma₂ nu-ri",0,"ma[ship]N_nurum[light]N"
"P459217",139,"r ii 8'","{ŋeš}DU-x[NA]NA","{ŋeš}DU-x",0,"{ŋeš}DU-x[NA]NA"
"P273880",212,"b ii 1","x[NA]NA balak[spindle]N","x balak",0,"x[NA]NA_balak[spindle]N"
"P271301",70,"o ii 18","ildag[poplar]N en-na[NA]NA","{ŋeš}ildag₂ en-na",0,"ildag[poplar]N_en-na[NA]NA"
"Q000039",468,"419","garig[comb]N siki[hair]N","{ŋeš}ga-rig₂ siki",0,"garig[comb]N_siki[hair]N"
"P388265",8,"i 10","elammakum[tree]N","{ŋeš}e-lam-kum",0,"elammakum[tree]N"
"P271911",244,"o iv 15","dur[board]N ab[window]N","dur₂ a-ab",0,"dur[board]N_ab[window]N"
"P370399",83,"o iii 22'","kaŋeškarak[table]N","{ŋeš}ka-ŋeš-kara₄",0,"kaŋeškarak[table]N"
"P332930",32,"r 11","ma[ship]N niš[twenty]NU gur[unit]N","{ŋeš}ma₂ niš gur",0,"ma[ship]N_niš[twenty]NU_gur[unit]N"
"P250736",212,"r ii 16","kabduga[checked]N","{dug}kab-dug₄-ga",0,"kabduga[checked]N"
"P250364",91,"o v 12","sa[net]N gal[big]V/i","{ŋeš}sa gal",0,"sa[net]N_gal[big]V/i"
"P253228",91,"r iii 8'","{ŋeš}x-x-za-na[NA]NA","{ŋeš}x-x-za-na",0,"{ŋeš}x-x-za-na[NA]NA"
"P389511",10,"o 9","šaršabid[tree]N","{ŋeš}šarₓ(NE)-ša₄-bit",0,"šaršabid[tree]N"
"P347814",235,"c ii 41'","{ŋeš}x[NA]NA zamin[lyre]N","{ŋeš}x za₃-mi₂",0,"{ŋeš}x[NA]NA_zamin[lyre]N"
"P271301",286,"r i 14","na[box]N tur[small]V/i","{ŋeš}na tur",0,"na[box]N_tur[small]V/i"
"P273880",201,"b i 51'","targul[pole]N","{ŋeš}dar-kak",0,"targul[pole]N"
"P332934",357,"r iv 14","gabaŋal[guard]N gigir[chariot]N","{ŋeš}gaba-gal gigir",0,"gabaŋal[guard]N_gigir[chariot]N"
"P370399",74,"o iii 13'","banšur[table]N","{ŋeš}banšur",0,"banšur[table]N"
"P250736",127,"o iv 20","masab[basket]N dima[object]N","{gi}ma-sa₂-ab dim₃-ma",0,"masab[basket]N_dima[object]N"
"Q000001",279,"279","muš[snake]N saŋkal[foremost]AJ","muš saŋ-kal",0,"muš[snake]N_saŋkal[foremost]AJ"
"P228196",17,"17","magur[barge]N","{ŋeš}ma₂-gur₈",0,"magur[barge]N"
"P273880",240,"b ii 33","ba[tool]N zu[stone]N","{ŋeš}ba zu₂",0,"ba[tool]N_zu[stone]N"
"P250364",174,"r v 2'","aʾaŋa[assignment]N Enlil[1]DN","a₂-aŋ₂-ŋa₂ {d}en-lil₂-ka",0,"aʾaŋa[assignment]N_Enlil[1]DN"
"P388265",6,"i 8","mes[blackness]N aʾabak[sea]N Meluhha[1]GN","{ŋeš}mes a-ab-ba me-luh-ha",0,"mes[blackness]N_aʾabak[sea]N_Meluhha[1]GN"
"P271301",428,"r iv 9","{ŋeš}x[NA]NA x[NA]NA gigir[chariot]N","{ŋeš}x x gigir",0,"{ŋeš}x[NA]NA_x[NA]NA_gigir[chariot]N"
"P271911",125,"o ii 46","gur[rim]N balaŋ[instrument]N","gur₂ balaŋ",0,"gur[rim]N_balaŋ[instrument]N"
"Q000001",299,"299","nig[dog]N","nig",0,"nig[dog]N"
"P429503",89,"o iii 28","ŋešnimbar[palm]N x[NA]NA","{ŋeš}ŋešnimbar x",0,"ŋešnimbar[palm]N_x[NA]NA"
"P388265",26,"unknown","unknown","unknown",2,"unknown"
"P253233",24,"o ii 7","dilim[spoon]N","{ŋeš}dilim₂",0,"dilim[spoon]N"
"Q000039",724,"652","ŋišgal[station]N","{ŋeš}ŋišgal",0,"ŋišgal[station]N"
"P370399",37,"o ii 10'","{ŋeš}TUG₂-x[NA]NA","{ŋeš}TUG₂-x",0,"{ŋeš}TUG₂-x[NA]NA"
"P273880",684,"d ii 20'","li[juniper]N","{ŋeš}li",0,"li[juniper]N"
"P250364",118,"r ii 3'","{ŋeš}uri[NA]NA","{ŋeš}uri",0,"{ŋeš}uri[NA]NA"
"Q000001",432,"431","uzu[flesh]N bun[bladder]N","uzu bun₂",0,"uzu[flesh]N_bun[bladder]N"
"P437074",38,"b i 6'","x[NA]NA ŋešnimbar[palm]N","x ŋešnimbar",0,"x[NA]NA_ŋešnimbar[palm]N"
"P370399",131,"o iv 28'","ig[door]N kan[gate]N","{ŋeš}ig kan₄",0,"ig[door]N_kan[gate]N"
"P388330",12,"r 10","peš[fig]N","{ŋeš}peš₃",0,"peš[fig]N"
"Q000039",302,"265","ma[ship]N","{ŋeš}ma₂",0,"ma[ship]N"
"X100003",17,"r 1","ŋeštinzug[grape]N","{ŋeš}ŋeštin-zug₂",0,"ŋeštinzug[grape]N"
"P429503",62,"o iii 1","tiʾarum[tree]N","{ŋeš}ti-a-lum",0,"tiʾarum[tree]N"
"Q000001",160,"160","sila[lamb]N enten[winter]N","sila₄ en-te-na",0,"sila[lamb]N_enten[winter]N"
"P273880",702,"unknown","unknown","unknown",2,"unknown"
"P388265",350,"r v 40","kuŋ[stair]N x[NA]NA x[NA]NA","{ŋeš}kuŋ₅ x x",0,"kuŋ[stair]N_x[NA]NA_x[NA]NA"
"Q000039",746,"675","{ŋeš}LUM-LUM[NA]NA anše[equid]N","{ŋeš}LUM-LUM anše",0,"{ŋeš}LUM-LUM[NA]NA_anše[equid]N"
"P247864",28,"o i 25","tiʾarum[tree]N","{ŋeš}ti-ia-rum",0,"tiʾarum[tree]N"
"P273880",170,"b i 13'","guza[chair]N anše[equid]N","{ŋeš}gu-za anše",0,"guza[chair]N_anše[equid]N"
"P271320",53,"r ii' 2'","niŋgida[rod?]N margida[cart]N","{ŋeš}niŋ₂-gid₂-da mar-gid₂-da",0,"niŋgida[rod?]N_margida[cart]N"
"P271771",8,"o ii 6","numun[seed]N usuh[tree]N","{ŋeš}numun u₃-suh₅",0,"numun[seed]N_usuh[tree]N"
"P388265",59,"iii 8","lamtur[nut]N","{ŋeš}lam-tur",0,"lamtur[nut]N"
"P273880",264,"b ii 57","epig[drinking-vessel]N diš[one]NU ma-na[NA]NA","{ŋeš}epig diš ma-na",0,"epig[drinking-vessel]N_diš[one]NU_ma-na[NA]NA"
"P247864",314,"o v 62","ma[ship]N šu[hand]N du[suitable]V/i","{ŋeš}ma₂ šu du₇",0,"ma[ship]N_šu[hand]N_du[suitable]V/i"
"P332934",246,"o iv 17'","mašgurum[plant]N","{ŋeš}maš-gurum-ma",0,"mašgurum[plant]N"
"P271301",53,"o ii 1","še[cone]N usuh[tree]N","{ŋeš}še u₃-suh₅",0,"še[cone]N_usuh[tree]N"
"P332934",130,"o ii 47","girizum[tree]N","{ŋeš}gi-ri-zum",0,"girizum[tree]N"
"Q000039",80,"63","mirišŋara[tree]N","{ŋeš}mi-ri₂-iš-ŋar-ra",0,"mirišŋara[tree]N"
"P370399",186,"o vi 33'","ŋidru[scepter]N harmušen[snare]N","{ŋeš}ŋidru har-mušen-na",0,"ŋidru[scepter]N_harmušen[snare]N"
"P250736",221,"r ii 25","sila[unit]N gal[big]V/i","{dug}sila₃ gal",0,"sila[unit]N_gal[big]V/i"
"P347814",101,"unknown","unknown","unknown",17,"unknown"
"P247864",229,"o iv 40","ig[door]N barda[crossbar]N","{ŋeš}ig bar-da₃",0,"ig[door]N_barda[crossbar]N"
"P346714",17,"r i 21'","ŋešhum[bench]N margida[cart]N","ŋeš-hum mar-gid₂-da",0,"ŋešhum[bench]N_margida[cart]N"
"P370399",174,"o v 28'","ebir[vessel-stand]N gub[stand]V/i a[water]N","{ŋeš}ebir gub a",0,"ebir[vessel-stand]N_gub[stand]V/i_a[water]N"
"Q000039",300,"263","miriza[plank]N","{ŋeš}mi-ri₂-za",0,"miriza[plank]N"
"P271301",136,"o iii 24","ŋešnimbar[palm]N kur[mountain]N","{ŋeš}ŋešnimbar kur",0,"ŋešnimbar[palm]N_kur[mountain]N"
"P253866",111,"r i 14","x-x[NA]NA","x-x",0,"x-x[NA]NA"
"P346714",101,"r iii 23'","ŋešrin[scales]N","ŋeš-rin₂",0,"ŋešrin[scales]N"
"P388265",14,"i 16","šiqdum[almond]N","{ŋeš}ši-iq-dum",0,"šiqdum[almond]N"
"P250364",5,"o i 2","e[house]N gigir[chariot]N","{ŋeš}e₂ gigir",0,"e[house]N_gigir[chariot]N"
"P388265",50,"ii 33","ildag[poplar]N kur[mountain]N","{ŋeš}ildag₂ kur",0,"ildag[poplar]N_kur[mountain]N"
"P429503",147,"r ii' 23'","{ŋeš}us₂[NA]NA madu[~boat]N","{ŋeš}us₂ ma₂-du-uš",0,"{ŋeš}us₂[NA]NA_madu[~boat]N"
"P332934",215,"o iii 53","tubala[harness]N ŋešnimbar[palm]N","{ŋeš}tubaₓ(EŠ₂)-la₂ ŋešnimbar",0,"tubala[harness]N_ŋešnimbar[palm]N"
"P388265",390,"r vi 31","ŋešdi[rung]N banšur[table]N","ŋeš-di₅ banšurₓ(|URU×IGI|)",0,"ŋešdi[rung]N_banšur[table]N"
"P271911",162,"o iii 11'","apin[plow]N akar[implement]N bir[scatter]V/t","apin a₂-kar₂ bir-bir",0,"apin[plow]N_akar[implement]N_bir[scatter]V/t"
"P370399",53,"o ii 26'","ŋeš.nud.AŠ.nud[bed]N","ŋeš-nud-AŠ-nud",0,"ŋeš.nud.AŠ.nud[bed]N"
"P271301",398,"r iii 31","{ŋeš}ŋiri₃[NA]NA madu[~boat]N","{ŋeš}ŋiri₃ ma₂-du₃",0,"{ŋeš}ŋiri₃[NA]NA_madu[~boat]N"
"Q000001",190,"190","gud[ox]N kur[mountain]N","gud kur",0,"gud[ox]N_kur[mountain]N"
"P271301",373,"r iii 6","ma[ship]N addir[ferry]N","{ŋeš}ma₂ addir",0,"ma[ship]N_addir[ferry]N"
"P253927",2,"o 1","taškarin[boxwood]N","{ŋeš}taškarin",0,"taškarin[boxwood]N"
"P235262",4,"unknown","unknown","unknown",10,"unknown"
"P225109",4,"o i 1","margida[cart]N","{ŋeš}mar-gid₂-da",0,"margida[cart]N"
"P271771",11,"o ii 9","šimgig[tree]N","{ŋeš}šim-gig",0,"šimgig[tree]N"
"P253238",15,"o 12'","an[sky]N usuh[tree]N","{ŋeš}an u₃-suh₅",0,"an[sky]N_usuh[tree]N"
"Q000001",33,"33","udu[sheep]N gurgur[~animal]N","udu gur₄-gur₄",0,"udu[sheep]N_gurgur[~animal]N"
"P250736",247,"r iii 8","utul[tureen]N i[oil]N","{dug}utul₂ i₃",0,"utul[tureen]N_i[oil]N"
"P253238",41,"r 18","x[NA]NA","x",0,"x[NA]NA"
"P235262",8,"a i 4'","ŋeštin[vine]N ah[dry]V/i","{ŋeš}ŋeštin ah₃",0,"ŋeštin[vine]N_ah[dry]V/i"
"P253230",32,"o ii 10","apin[plow]N zir[break]V/t","{ŋeš}apin zi",0,"apin[plow]N_zir[break]V/t"
"Q000039",347,"307","maʾaddir[ferryboat]N","{ŋeš}ma₂-addir",0,"maʾaddir[ferryboat]N"
"Q000001",63,"63","udu[sheep]N bala[turn]V/t zag[side]N urri[~sheep]N","udu bala zag ur₂-ri-a",0,"udu[sheep]N_bala[turn]V/t_zag[side]N_urri[~sheep]N"
"Q000001",261,"261","eme[donkey]N ib[hips]N gig[sick]V/i","eme₅ ib₂ gig",0,"eme[donkey]N_ib[hips]N_gig[sick]V/i"
"P459216",128,"r ii 13'","emerah[jug]N","{ŋeš}emerah",0,"emerah[jug]N"
"Q000039",747,"676","dih[weed]N","{ŋeš}dih₃",0,"dih[weed]N"
"P253228",68,"r ii 7'","šimgig[tree]N","{ŋeš}šim-gig",0,"šimgig[tree]N"
"P273880",629,"d i 2'","madal[pole]N","{ŋeš}madla(BU)",0,"madal[pole]N"
"P332934",220,"o iii 58","pešmur[~palm]N ŋešnimbar[palm]N","{ŋeš}peš-mu-kun ŋešnimbar",0,"pešmur[~palm]N_ŋešnimbar[palm]N"
"P247864",300,"o v 48","{ŋeš}x-x[NA]NA ma[ship]N","{ŋeš}x-x ma₂",0,"{ŋeš}x-x[NA]NA_ma[ship]N"
"P250736",277,"r iii 38","gir[oven]N ŋeši[sesame]N","gir₄ {še}ŋeš-i₃",0,"gir[oven]N_ŋeši[sesame]N"
"Q000001",93,"93","udu[sheep]N mu[name]N pad[find]V/t","udu mu pad₃",0,"udu[sheep]N_mu[name]N_pad[find]V/t"
"P250736",307,"r iv 25","dalbana[space]N","dal-ba-na",0,"dalbana[space]N"
"Q000039",89,"71","ŋešnimbar[palm]N šab[cut]V/t","{ŋeš}ŋešnimbar šab",0,"ŋešnimbar[palm]N_šab[cut]V/t"
"P271301",410,"r iii 43","antibal[sign]N","{ŋeš}an-ti-bal",0,"antibal[sign]N"
"P437074",49,"b i 10''","šag[heart]N niŋniŋina[assembly]N","{ŋeš}šag₄ niŋ₂-niŋin₂-na",0,"šag[heart]N_niŋniŋina[assembly]N"
"Q000001",236,"236","amar[young]N sissig[green]V/i","amar sig₇-sig₇",0,"amar[young]N_sissig[green]V/i"
"P250364",88,"o v 9","sa[net]N mah[great]V/i","{ŋeš}sa mah",0,"sa[net]N_mah[great]V/i"
"P429503",14,"o i 11","ŋeš[tree]N babbar[white]V/i","ŋeš babbar",0,"ŋeš[tree]N_babbar[white]V/i"
"P253866",93,"o iii 26'","raba[clamp]N šu[hand]N","{ŋeš}raba šu",0,"raba[clamp]N_šu[hand]N"
"P332939",36,"unknown","unknown","unknown",999,"unknown"
"P271911",127,"unknown","unknown","unknown",1,"unknown"
"P235262",115,"d ii 20'","{ŋeš}x[NA]NA x[NA]NA","{ŋeš}x x",0,"{ŋeš}x[NA]NA_x[NA]NA"
"Q000039",102,"81","šag[heart]N ŋešnimbar[palm]N","{ŋeš}šag₄ ŋešnimbar",0,"šag[heart]N_ŋešnimbar[palm]N"
"P253866",75,"o iii 8'","{ŋeš}HI-KU[NA]NA","{ŋeš}HI-KU",0,"{ŋeš}HI-KU[NA]NA"
"Q000039",190,"157","ŋešnaruak[~stele]N","ŋeš-na-ru₂-a",0,"ŋešnaruak[~stele]N"
"P250736",234,"r ii 38","dug[pot]N gaz[kill]V/t","dug gaz",0,"dug[pot]N_gaz[kill]V/t"
"P347814",168,"c i 23'","ebir[vessel-stand]N","{ŋeš}ebir",0,"ebir[vessel-stand]N"
"P271301",451,"r iv 32","zara[pivot]N gagsila[harness]N","{ŋeš}za-ra gag-sal₄",0,"zara[pivot]N_gagsila[harness]N"
"P429503",63,"o iii 2","tiʾarum[tree]N","{ŋeš}ti-ia-lum",0,"tiʾarum[tree]N"
"P332934",355,"r iv 12","suhur[tool]N gigir[chariot]N","{ŋeš}suhur gigir",0,"suhur[tool]N_gigir[chariot]N"
"P459217",163,"r iii 20","guza[chair]N Magan[1]GN","{ŋeš}gu-za ma₂-gan-na",0,"guza[chair]N_Magan[1]GN"
"P271301",81,"o ii 29","manu[wood]N gibil[firewood]N ak[do]V/t","{ŋeš}ma-nu gibil₂ ak",0,"manu[wood]N_gibil[firewood]N_ak[do]V/t"
"P273880",574,"c iv 6","{ŋeš}gal-x[NA]NA","{ŋeš}gal-x",0,"{ŋeš}gal-x[NA]NA"
"P251686",6,"o 3","guza[chair]N zag[side]N us[follow]V/t","{ŋeš}gu-za zag us₂",0,"guza[chair]N_zag[side]N_us[follow]V/t"
"P247864",30,"o i 27","murdinum[bramble]N","{ŋeš}mur-di-nu-um",0,"murdinum[bramble]N"
"P271301",432,"r iv 13","{ŋeš}x[NA]NA x[NA]NA gigir[chariot]N","{ŋeš}x x gigir",0,"{ŋeš}x[NA]NA_x[NA]NA_gigir[chariot]N"
"P250364",118,"r ii 3'","{ŋeš}uri[NA]NA","{ŋeš}uri",0,"{ŋeš}uri[NA]NA"
"P229426",28,"r ii 2","ma[ship]N niš[twenty]NU gur[unit]N","{ŋeš}ma₂ niš gur",0,"ma[ship]N_niš[twenty]NU_gur[unit]N"
"P459217",107,"iv 29","ŋešnimbar[palm]N al-x[NA]NA","{ŋeš}ŋešnimbar al-x",0,"ŋešnimbar[palm]N_al-x[NA]NA"
"Q000001",283,"283","muš[snake]N uŋiri[unmng]N mu[grow]V/t","muš u₂-ŋiri₃ mu₂",0,"muš[snake]N_uŋiri[unmng]N_mu[grow]V/t"
"P370399",15,"o i 12'","{ŋeš}IŠ[NA]NA ŋešnimbar[palm]N","{ŋeš}IŠ ŋešnimbar",0,"{ŋeš}IŠ[NA]NA_ŋešnimbar[palm]N"
"P273880",77,"a iii 8'","{ŋeš}lu₂-DU[NA]NA margida[cart]N","{ŋeš}lu₂-DU mar-gid₂-da",0,"{ŋeš}lu₂-DU[NA]NA_margida[cart]N"
"P332934",24,"o i 20","ŋeštinguruma[~vine]N","{ŋeš}ŋeštin-gurum-ma",0,"ŋeštinguruma[~vine]N"
"P247864",265,"o v 13","niŋ[thing]N šanabi[two-thirds]N sila[unit]N","{ŋeš}niŋ₂ šanabi sila₃",0,"niŋ[thing]N_šanabi[two-thirds]N_sila[unit]N"
"P459218",18,"o i 22'","nukušu[~door]N ana[upper]AJ","{ŋeš}nu-kuš₂ an-na",0,"nukušu[~door]N_ana[upper]AJ"
"P224986",5,"o i 2","guza[chair]N kaskal[way]N","{ŋeš}gu-za kaskal",0,"guza[chair]N_kaskal[way]N"
"P250361",14,"o ii 2'","ninda[seed-funnel]N apin[plow]N","{ŋeš}ninda₂ apin",0,"ninda[seed-funnel]N_apin[plow]N"
"P429503",174,"r iii' 17'","zara[pivot]N margida[cart]N","{ŋeš}za-ra mar-gid₂-da",0,"zara[pivot]N_margida[cart]N"
"P370399",22,"o i 19'","x[NA]NA ŋešnimbar[palm]N","x ŋešnimbar",0,"x[NA]NA_ŋešnimbar[palm]N"
"P271911",94,"o ii 20","saŋ[head]N balak[spindle]N","saŋ balak",0,"saŋ[head]N_balak[spindle]N"
"P332934",5,"o i 1","taškarin[boxwood]N","{ŋeš}taškarin",0,"taškarin[boxwood]N"
"P447996",49,"o iv 18","manu[wood]N gibil[firewood]N ak[do]V/t","{ŋeš}ma-nu ki-NE ak",0,"manu[wood]N_gibil[firewood]N_ak[do]V/t"
"P271301",424,"r iv 5","gigir[chariot]N x[NA]NA sa₂-ab[NA]NA","{ŋeš}gigir x sa₂-ab",0,"gigir[chariot]N_x[NA]NA_sa₂-ab[NA]NA"
"P250736",57,"o ii 31","dur[bond]N sig[weak]V/i","{gi}dur sig",0,"dur[bond]N_sig[weak]V/i"
"P271771",82,"o v 12","{ŋeš}a[NA]NA arina[madder]N","{ŋeš}a i-ri₉-an-na",0,"{ŋeš}a[NA]NA_arina[madder]N"
"P332934",390,"r iv 24'","x[NA]NA margida[cart]N","x mar-gid₂-da",0,"x[NA]NA_margida[cart]N"
"P388265",103,"iv 20","pešmur[~palm]N ŋešnimbar[palm]N","{ŋeš}peš-mur₇ ŋešnimbar",0,"pešmur[~palm]N_ŋešnimbar[palm]N"
"Q000039",275,"239","kaŋeškarak[table]N","{ŋeš}ka-kara₄(KAD₄)",0,"kaŋeškarak[table]N"
"P332939",45,"r i' 4'","{ŋeš}x-x[NA]NA","{ŋeš}x-x",0,"{ŋeš}x-x[NA]NA"
"P271911",510,"r iii 42","x[NA]NA limmu[four]NU","x limmu₂",0,"x[NA]NA_limmu[four]NU"
"P228096",11,"o i 9","nisiki[comb]N","{ŋeš}UMBIN",0,"nisiki[comb]N"
"P332934",375,"r iv 9'","margida[cart]N Subir[1]GN","{ŋeš}mar-gid₂-da su-bir₄{ki}",0,"margida[cart]N_Subir[1]GN"
"P388265",114,"iv 31","{ŋeš}su₁₁-si[NA]NA ŋešnimbar[palm]N","{ŋeš}su₁₁-si ŋešnimbar",0,"{ŋeš}su₁₁-si[NA]NA_ŋešnimbar[palm]N"
"P224994",5,"o i 2","{ŋeš}SI-x[NA]NA","{ŋeš}SI-x",0,"{ŋeš}SI-x[NA]NA"
"P271771",56,"o iv 12","zena[midrib]N ana[upper]AJ ŋešnimbar[palm]N","{ŋeš}zi-na an-na ŋešnimbar",0,"zena[midrib]N_ana[upper]AJ_ŋešnimbar[palm]N"
"Q000039",719,"649a","gam[crook]N ŋiri[dagger]N šuʾi[barber]N","{ŋeš}kab ŋiri₂ šu-i",0,"gam[crook]N_ŋiri[dagger]N_šuʾi[barber]N"
"P271911",154,"o iii 4'","apin[plow]N tugsaga[plow]N","apin šu-uš-saga₁₁",0,"apin[plow]N_tugsaga[plow]N"
"P271911",116,"o ii 38","gidim[device]N","gi-di₄",0,"gidim[device]N"
"P235262",35,"c ii 8'","maltum[bowl]N","{ŋeš}ma-al-tum",0,"maltum[bowl]N"
"Q000039",267,"231","dilim[spoon]N","{ŋeš}dilim₂",0,"dilim[spoon]N"
"Q000001",499,"495","uzu[flesh]N KUD[NA]NA","uzu KUD",0,"uzu[flesh]N_KUD[NA]NA"
"P459218",103,"o iv 24","ušub[brick-mold]N","{ŋeš}u₃-šub",0,"ušub[brick-mold]N"
"P273712",19,"r i 9","al[hoe]N gaz[kill]V/t","{ŋeš}al gaz",0,"al[hoe]N_gaz[kill]V/t"
"Q000039",487,"435a","kim[willow]N mes[blackness]N","{ŋeš}kim₃ mes",0,"kim[willow]N_mes[blackness]N"
"P447996",68,"o iv 37","ŋeštin[vine]N garan[bunch]N","{ŋeš}ŋeštin ga-ra-an",0,"ŋeštin[vine]N_garan[bunch]N"
"Q000001",119,"119","u[ewe]N si[horn]N mu[grow]V/t","u₈ si mu₂",0,"u[ewe]N_si[horn]N_mu[grow]V/t"
"P253228",100,"r iii 17'","{ŋeš}x-x-nu-um[NA]NA","{ŋeš}x-x-nu-um",0,"{ŋeš}x-x-nu-um[NA]NA"
"P447996",221,"r iii 22","{ŋeš}du₃-ma₂[NA]NA","{ŋeš}du₃-ma₂",0,"{ŋeš}du₃-ma₂[NA]NA"
"P332934",364,"r iv 21","gag[nail]N zara[pivot]N gigir[chariot]N","{ŋeš}gag za-ra gigir",0,"gag[nail]N_zara[pivot]N_gigir[chariot]N"
"P235262",28,"unknown","unknown","unknown",999,"unknown"
"P250364",96,"o v 17","{ŋeš}x[NA]NA","{ŋeš}x",0,"{ŋeš}x[NA]NA"
"P253230",17,"o i 12","apin[plow]N šudu[equipped]AJ","{ŋeš}apin šu-du₇",0,"apin[plow]N_šudu[equipped]AJ"
"P271911",592,"r iv 48","x[NA]NA","x",0,"x[NA]NA"
"P332934",241,"o iv 12'","{ŋeš}SIG₂-x[NA]NA","{ŋeš}SIG₂-x",0,"{ŋeš}SIG₂-x[NA]NA"
"P459216",34,"ii 2","ŋešaʾabak[tree]N Meluhha[1]GN","ŋeš-ab-ba me-luh-ha",0,"ŋešaʾabak[tree]N_Meluhha[1]GN"
"P332939",25,"o ii 3","šennur[plum]N x[NA]NA","{ŋeš}šennur x",0,"šennur[plum]N_x[NA]NA"
"Q000039",640,"574","gidim[fork]N","{ŋeš}gi₂-dim",0,"gidim[fork]N"
"P250363",12,"o 11'","usakar[moon]N ig[door]N","{ŋeš}u₄-sakar ig",0,"usakar[moon]N_ig[door]N"
"P250364",118,"r ii 3'","{ŋeš}uri[NA]NA","{ŋeš}uri",0,"{ŋeš}uri[NA]NA"
"Q000039",73,"56","girinum[plant]N","{ŋeš}gi-ri₂-num₂",0,"girinum[plant]N"
"P388265",369,"r vi 9","x[NA]NA IM[NA]NA","x IM",0,"x[NA]NA_IM[NA]NA"
"P303955",3,"o 1","tubala[harness]N ŋešnimbar[palm]N","{ŋeš}tubaₓ(TUG₂) ŋešnimbar",0,"tubala[harness]N_ŋešnimbar[palm]N"
"P247864",287,"o v 35","{ŋeš}x-x[NA]NA","{ŋeš}x-x",0,"{ŋeš}x-x[NA]NA"
"P429503",40,"o ii 9","ildag[poplar]N aga[rear]N","{ŋeš}ildag₂ a-ga",0,"ildag[poplar]N_aga[rear]N"
"P273880",61,"a ii 35'","apin[plow]N šudu[equipped]AJ","{ŋeš}apin šu-du₈-a",0,"apin[plow]N_šudu[equipped]AJ"
"Q000039",267,"231","dilim[spoon]N","{ŋeš}dilim₂",0,"dilim[spoon]N"
"P273880",439,"c i 44","miriza[plank]N","{ŋeš}mi-ri₂-za",0,"miriza[plank]N"
"P347814",222,"c ii 28'","mar[shovel]N x-x[NA]NA","{ŋeš}mar x-x",0,"mar[shovel]N_x-x[NA]NA"
"Q000001",37,"37","udu[sheep]N nim[high]V/i","udu nim-nim",0,"udu[sheep]N_nim[high]V/i"
"Q000039",111,"89","mud[stump]N ŋešnimbar[palm]N","{ŋeš}mud ŋešnimbar",0,"mud[stump]N_ŋešnimbar[palm]N"
"P253245",9,"o 5","{ŋeš}x[NA]NA","{ŋeš}x",0,"{ŋeš}x[NA]NA"
"P388265",397,"r vi 38","{ŋeš}ma-dim-ma[NA]NA","{ŋeš}ma-dim-ma",0,"{ŋeš}ma-dim-ma[NA]NA"
"P271320",58,"unknown","unknown","unknown",1,"unknown"
"Q000001",57,"57","udu[sheep]N zulumhi[sheep]N","udu zulumhi",0,"udu[sheep]N_zulumhi[sheep]N"
"P429503",174,"r iii' 17'","zara[pivot]N margida[cart]N","{ŋeš}za-ra mar-gid₂-da",0,"zara[pivot]N_margida[cart]N"
"P250736",61,"o ii 35","dur[bond]N aŋi[wave]N","{gi}dur a-ŋi₆",0,"dur[bond]N_aŋi[wave]N"
"P253233",46,"r i 14'","ildag[poplar]N","{ŋeš}ildag₂",0,"ildag[poplar]N"
"P437074",182,"c ii 16'","{ŋeš}x[NA]NA x[NA]NA","{ŋeš}x x",0,"{ŋeš}x[NA]NA_x[NA]NA"
"P346714",5,"r i 01'","{ŋeš}x[NA]NA","{ŋeš}x",0,"{ŋeš}x[NA]NA"
"P271301",264,"o v 37'","guza[chair]N gar[knob]N","{ŋeš}gu-za gar₃",0,"guza[chair]N_gar[knob]N"
"P346714",77,"r ii 45'","{ŋeš}x[NA]NA","{ŋeš}x",0,"{ŋeš}x[NA]NA"
"Q000039",174,"145c","{ŋeš}x-bi[NA]NA","{ŋeš}x-bi",0,"{ŋeš}x-bi[NA]NA"
"P297195",2,"o 1","{ŋeš}ad-x[NA]NA","{ŋeš}ad-x",0,"{ŋeš}ad-x[NA]NA"
"P346714",152,"r iv 35'","illar[weapon]N $DU-a[NA]NA","{ŋeš}illar $DU-a",0,"illar[weapon]N_$DU-a[NA]NA"
"P271301",202,"o iv 36","ad[bush]N","{ŋeš}ad₂",0,"ad[bush]N"
"P332934",209,"o iii 45","su[fibers]N kiri[orchard]N ŋešnimbar[palm]N","{ŋeš}su₁₁ gir₂ ŋešnimbar",0,"su[fibers]N_kiri[orchard]N_ŋešnimbar[palm]N"
"P250736",60,"o ii 34","dur[bond]N mušendu[bird-catcher]N","{gi}dur mušen-du₃",0,"dur[bond]N_mušendu[bird-catcher]N"
"P459216",96,"r i 1'","{ŋeš}x[NA]NA","{ŋeš}x",0,"{ŋeš}x[NA]NA"
"Q000039",17,"15","šedug[tree]N","{ŋeš}še-dug₃",0,"šedug[tree]N"
"P250736",188,"r i 42","amamsab[jar]N","{gi}am-ma-am-sab",0,"amamsab[jar]N"
"P347814",255,"d i 10'","ŋešŋiri[fetters]N","ŋeš-ŋiri₃",0,"ŋešŋiri[fetters]N"
"Q000001",397,"396","bizaza[frog]N","bil₂-za-za",0,"bizaza[frog]N"
"P271301",42,"o i 39","hašhur[apple]N","{ŋeš}hašhur",0,"hašhur[apple]N"
"P271301",369,"r iii 2","ma[ship]N nurum[light]N","{ŋeš}ma₂ nu-ri",0,"ma[ship]N_nurum[light]N"
"P250364",70,"o iv 10","al[hoe]N saŋ[head]N ŋal[be]V/i","{ŋeš}al saŋ ŋal₂",0,"al[hoe]N_saŋ[head]N_ŋal[be]V/i"
"P273880",701,"d ii 44'","{ŋeš}šu-x[NA]NA","{ŋeš}šu-x",0,"{ŋeš}šu-x[NA]NA"
"Q000001",336,"336","uman[insect]N a[water]N","umanₓ(|HI×AŠ₂|) a",0,"uman[insect]N_a[water]N"
"Q000039",723,"651a","gam[crook]N ŋiri[dagger]N muhaldim[cook]N","{ŋeš}kab ŋiri₂ muhaldim",0,"gam[crook]N_ŋiri[dagger]N_muhaldim[cook]N"
"Q000001",242,"242","dur[donkey]N gu[voice]N di[speak]V/t","dur₃ gu₃ di",0,"dur[donkey]N_gu[voice]N_di[speak]V/t"
"P271301",149,"o iii 37","ŋešnimbar[palm]N šeŋ[cook]V/t","{ŋeš}ŋešnimbar šeŋ₆",0,"ŋešnimbar[palm]N_šeŋ[cook]V/t"
"P271911",315,"unknown","unknown","unknown",1,"unknown"
"P271911",623,"r v 2'","argibil[structure]N","{ŋeš}ar-ga-bi-nu",0,"argibil[structure]N"
"P271911",386,"r ii 4","alŋar[instrument]N","a-la₂-kar₂",0,"alŋar[instrument]N"
"P332934",113,"o ii 30","KID.da[twig]N","{ŋeš}šed-du",0,"KID.da[twig]N"
"P273880",137,"a iv 34'","guza[chair]N zag[side]N us[follow]V/t","{ŋeš}gu-za zag us₂",0,"guza[chair]N_zag[side]N_us[follow]V/t"
"P271771",111,"r i 17'","šuʾa[stool]N suhsah[sound]N","{ŋeš}šuaₓ(|ŠU₂×(A.DIŠ)|) suh₃-sah₄",0,"šuʾa[stool]N_suhsah[sound]N"
"P332934",196,"o iii 32","ŋešnimbar[palm]N gurum[bend]V/t","{ŋeš}ŋešnimbar gurum",0,"ŋešnimbar[palm]N_gurum[bend]V/t"
"P273880",502,"c ii 47","ŋiškim[sign]N","{ŋeš}ŋiškim",0,"ŋiškim[sign]N"
"P273880",417,"c i 20","alal[tube]N","{ŋeš}alal",0,"alal[tube]N"
"P271301",442,"r iv 23","gag[nail]N zara[pivot]N gigir[chariot]N","{ŋeš}gag za-ra gigir",0,"gag[nail]N_zara[pivot]N_gigir[chariot]N"
"P247864",226,"o iv 37","{ŋeš}x[NA]NA gid[long]V/i ig[door]N","{ŋeš}x gid₂ ig",0,"{ŋeš}x[NA]NA_gid[long]V/i_ig[door]N"
"Q000039",214,"180","guza[chair]N Meluhha[1]GN","{ŋeš}gu-za me-luh-ha",0,"guza[chair]N_Meluhha[1]GN"
"P250736",56,"o ii 30","dur[bond]N","{gi}dur",0,"dur[bond]N"
"P349171",9,"o ii 4'","ŋešnud[bed]N umbin[nail]N x[NA]NA","ŋeš-nud umbin x",0,"ŋešnud[bed]N_umbin[nail]N_x[NA]NA"
"P459218",8,"o i 12'","ig[door]N maštab[twin]N","{ŋeš}ig maš-tab",0,"ig[door]N_maštab[twin]N"
"P271911",24,"o i 16'","ig[door]N šulal[defiled]AJ","ig šu-lal₂",0,"ig[door]N_šulal[defiled]AJ"
"P253233",78,"r iii 17'","peškal[tree]N","{ŋeš}peš₇-kal",0,"peškal[tree]N"
"P459226",28,"o ii 8'","{ŋeš}x[NA]NA","{ŋeš}x",0,"{ŋeš}x[NA]NA"
"X100003",29,"r 13","peš[fig]N Elam[1]GN","{ŋeš}peš₃ elam-ma{ki}",0,"peš[fig]N_Elam[1]GN"
"Q000039",605,"545","ligima[shoot]N","{ŋeš}ligima(|IGI.TUR.TUR|)",0,"ligima[shoot]N"
"P459218",97,"o iv 18","al[hoe]N","{ŋeš}al",0,"al[hoe]N"
"P253866",60,"o ii 24'","guza[chair]N ŋarza[rites]N","{ŋeš}gu-za ŋarza₂",0,"guza[chair]N_ŋarza[rites]N"
"P253866",108,"r i 11","ma[ship]N x[NA]NA","{ŋeš}ma₂ x",0,"ma[ship]N_x[NA]NA"
"P271301",308,"r i 36","ŋešnud[bed]N šatuku[mattress]N","ŋeš-nud šag₄-tuku₅",0,"ŋešnud[bed]N_šatuku[mattress]N"
"Q000001",298,"298","piriŋ[lion]N kag[mouth]N duh[loosen]V/t","piriŋ ka duh",0,"piriŋ[lion]N_kag[mouth]N_duh[loosen]V/t"
"P271301",209,"o iv 43","zutianum[tree]N","{ŋeš}zu₃-te-nu-um",0,"zutianum[tree]N"
"P253230",20,"o i 15","apin[plow]N zir[break]V/t","{ŋeš}apin zi",0,"apin[plow]N_zir[break]V/t"
"P459226",6,"o i 3'","šagkal[tree]N","{ŋeš}šag₄-kal",0,"šagkal[tree]N"
"P388265",422,"t.e. ii 1","{ŋeš}X[NA]NA","{ŋeš}X",0,"{ŋeš}X[NA]NA"
"P253233",68,"r ii 18'","hašhur[apple]N","{ŋeš}hašhur",0,"hašhur[apple]N"
"P370399",19,"o i 16'","x[NA]NA ŋešnimbar[palm]N","x ŋešnimbar",0,"x[NA]NA_ŋešnimbar[palm]N"
"P332939",27,"o ii 5","lam[tree]N gal[big]V/i","{ŋeš}lam gal",0,"lam[tree]N_gal[big]V/i"
"P370399",125,"o iv 22'","{ŋeš}x[NA]NA gigir[chariot]N","{ŋeš}x gigir",0,"{ŋeš}x[NA]NA_gigir[chariot]N"
"P235262",54,"unknown","unknown","unknown",999,"unknown"
"P273880",256,"b ii 49","ŋeš[tree]N 1/2[NA]NA giŋ[unit]N","ŋeš 1/2 giŋ₄",0,"ŋeš[tree]N_1/2[NA]NA_giŋ[unit]N"
"P250362",5,"5","šibir[staff]N šudu[equipped]AJ","{ŋeš}šibir šu-du₈",0,"šibir[staff]N_šudu[equipped]AJ"
"P459221",2,"1","dilim[spoon]N","{ŋeš}dilim₂",0,"dilim[spoon]N"
"Q000039",705,"636","eme[tongue]N gud.si.AŠ[ram]N","{ŋeš}eme gud-si-AŠ",0,"eme[tongue]N_gud.si.AŠ[ram]N"
"P250363",20,"r 7","mud[tube]N","{ŋeš}mud",0,"mud[tube]N"
"P271301",436,"r iv 17","{ŋeš}kab-MU[NA]NA gigir[chariot]N","{ŋeš}kab-MU gigir",0,"{ŋeš}kab-MU[NA]NA_gigir[chariot]N"
"P228105",26,"r ii 6","igiŋal[sign]N","{ŋeš}igi-ŋal₂",0,"igiŋal[sign]N"
"P273880",223,"b ii 12","{ŋeš}x[NA]NA","{ŋeš}x",0,"{ŋeš}x[NA]NA"
"P250364",150,"r iii 16'","{ŋeš}x-hu[NA]NA","{ŋeš}x-hu",0,"{ŋeš}x-hu[NA]NA"
"P332934",150,"o ii 66","ŋešnimbar[palm]N x[NA]NA","{ŋeš}ŋešnimbar x",0,"ŋešnimbar[palm]N_x[NA]NA"
"P271911",144,"o ii 62","x[NA]NA","x",0,"x[NA]NA"
"Q000039",717,"648","gam[crook]N","{ŋeš}kab",0,"gam[crook]N"
"P459216",112,"r i 17'","šuʾa[stool]N x[NA]NA","{ŋeš}šu₂-a x",0,"šuʾa[stool]N_x[NA]NA"
"P370399",161,"o v 15'","{ŋeš}KAL[NA]NA","{ŋeš}KAL",0,"{ŋeš}KAL[NA]NA"
"P370399",27,"o i 24'","x[NA]NA ŋešnimbar[palm]N","x ŋešnimbar",0,"x[NA]NA_ŋešnimbar[palm]N"
"P459216",62,"iii 1","ŋešnimbar[palm]N x[NA]NA","{ŋeš}ŋešnimbar x",0,"ŋešnimbar[palm]N_x[NA]NA"
"P250736",205,"r ii 9","sab[jar]N gal[big]V/i","{dug}sab gal",0,"sab[jar]N_gal[big]V/i"
"P271911",338,"r i 26'","lubi[ax]N tur[small]V/i","lub tur",0,"lubi[ax]N_tur[small]V/i"
"P250736",70,"o iii 4","kid[mat]N titab[~beer]N","{gi}kid titab₂",0,"kid[mat]N_titab[~beer]N"
"P271911",335,"r i 23'","esad[trap]N","eš-bad₃",0,"esad[trap]N"
"P347814",285,"d ii 13'","{ŋeš}al-x-MA[NA]NA","{ŋeš}al-x-MA",0,"{ŋeš}al-x-MA[NA]NA"
"P388265",221,"r ii 49","guza[chair]N kaskal[way]N","{ŋeš}gu-za kaskal",0,"guza[chair]N_kaskal[way]N"
"Q000039",18,"16","šenu[tree]N","{ŋeš}še-nu",0,"šenu[tree]N"
"P230849",6,"r 2","NE[~tree]N asal[poplar]N","{ŋeš}NE asal₂",0,"NE[~tree]N_asal[poplar]N"
"P247543",5,"o 3","ma[ship]N ninnu[fifty]NU gur[unit]N","{ŋeš}ma₂ ninnu gur",0,"ma[ship]N_ninnu[fifty]NU_gur[unit]N"
"P228596",4,"4","ganum[stand]N a[water]N","{ŋeš}gan-nu-um a",0,"ganum[stand]N_a[water]N"
"P250736",283,"r iv 1","x-x-x-ra[NA]NA","x-x-x-ra",0,"x-x-x-ra[NA]NA"
"P273880",377,"b iv 44","arina[root]N","{ŋeš}a-ri₉-na",0,"arina[root]N"
"P271301",288,"r i 16","na[box]N A-TE{ki}[NA]NA","{ŋeš}na A-TE{ki}",0,"na[box]N_A-TE{ki}[NA]NA"
"P346714",174,"r v 10'","{ŋeš}ŠID[NA]NA mar[shovel]N","{ŋeš}ŠID mar",0,"{ŋeš}ŠID[NA]NA_mar[shovel]N"
"P271911",118,"unknown","unknown","unknown",1,"unknown"
"P388265",292,"r iv 32","barbar[shuttle]N","{ŋeš}bar-bar",0,"barbar[shuttle]N"
"P273880",132,"a iv 29'","guza[chair]N Aratta[1]SN","{ŋeš}gu-za aratta",0,"guza[chair]N_Aratta[1]SN"
"P332934",147,"o ii 63","ŋešnimbar[palm]N","{ŋeš}ŋešnimbar",0,"ŋešnimbar[palm]N"
"Q000039",79,"62","urzinum[tree]N","{ŋeš}ur-zi-num₂",0,"urzinum[tree]N"
"P273880",628,"d i 1'","madal[pole]N","{ŋeš}mudla(BU)",0,"madal[pole]N"
"P273880",642,"d i 22'","gag[nail]N papah[cella]N","{ŋeš}gag pa-pah",0,"gag[nail]N_papah[cella]N"
"Q000001",234,"234","amar[young]N giggi[black]V/i","amar giggi",0,"amar[young]N_giggi[black]V/i"
"Q000039",630,"564","igiŋal[weapon]N","{ŋeš}igi-ŋal₂",0,"igiŋal[weapon]N"
"P250736",287,"r iv 5","x[NA]NA dah[NA]NA","x dah",0,"x[NA]NA_dah[NA]NA"
"P429503",15,"o i 12","ŋeš[tree]N giggi[black]V/i","ŋeš giggi",0,"ŋeš[tree]N_giggi[black]V/i"
"P332934",122,"o ii 39","mes.TU[tree]N","{ŋeš}mes-TU",0,"mes.TU[tree]N"
"P370399",67,"o iii 6'","guza[chair]N malah[sailor]N","{ŋeš}gu-za ma₂-lah₅",0,"guza[chair]N_malah[sailor]N"
"P273880",81,"a iii 12'","gaba[chest]N gigir[chariot]N","{ŋeš}gaba gigir",0,"gaba[chest]N_gigir[chariot]N"
"P271301",27,"o i 24","ŋeštinkaʾa[grape]N","{ŋeš}ŋeštin-ka₅-a",0,"ŋeštinkaʾa[grape]N"
"P253228",94,"r iii 11'","{ŋeš}x-KAL[NA]NA","{ŋeš}x-KAL",0,"{ŋeš}x-KAL[NA]NA"
"P271301",251,"o v 24'","guza[chair]N gigir[chariot]N","{ŋeš}gu-za {ŋeš}gigir",0,"guza[chair]N_gigir[chariot]N"
"P459227",3,"unknown","unknown","unknown",999,"unknown"
"P235262",51,"c ii 27'","naŋa[mortar]N","{ŋeš}naŋa₃",0,"naŋa[mortar]N"
"P349173",5,"unknown","unknown","unknown",999,"unknown"
"Q000001",500,"496","uzu[flesh]N zingi[ankle-bone]N","uzu zi-in-gi₄",0,"uzu[flesh]N_zingi[ankle-bone]N"
"P273880",635,"d i 8'","x-x[NA]NA","x-x",0,"x-x[NA]NA"
"P271301",8,"o i 5","esi[tree]N hub₂-ba[NA]NA","{ŋeš}esi hub₂-ba",0,"esi[tree]N_hub₂-ba[NA]NA"
"P389511",3,"o 2","ŋešaʾabak[tree]N Meluhha[1]GN","ŋeš-a-ab-ba me-luh-ha",0,"ŋešaʾabak[tree]N_Meluhha[1]GN"
"Q000039",304,"267","ma[ship]N x-ga[NA]NA","{ŋeš}ma₂ x-ga",0,"ma[ship]N_x-ga[NA]NA"
"P332934",130,"o ii 47","girizum[tree]N","{ŋeš}gi-ri-zum",0,"girizum[tree]N"
"P459216",181,"r iv 13'","margida[cart]N Subir[1]GN","{ŋeš}mar-gid₂-da su-bir₄{ki}",0,"margida[cart]N_Subir[1]GN"
"P429503",170,"r iii' 13'","{ŋeš}ta-ta[NA]NA margida[cart]N","{ŋeš}ta-ta mar-gid₂-da",0,"{ŋeš}ta-ta[NA]NA_margida[cart]N"
"P271301",182,"o iv 16","peš[frond]N ŋešnimbar[palm]N","{ŋeš}peš ŋešnimbar",0,"peš[frond]N_ŋešnimbar[palm]N"
"Q000001",51,"51","udu[sheep]N Eana[1]TN","udu e₂-an-na",0,"udu[sheep]N_Eana[1]TN"
"Q000039",548,"492","gu[neck]N zirigum[irrigation-device]N","{ŋeš}gu₂ zi-ri₂-gum",0,"gu[neck]N_zirigum[irrigation-device]N"
"P271911",408,"unknown","unknown","unknown",1,"unknown"
"Q000039",154,"130","maš[plant]N","{ŋeš}maš",0,"maš[plant]N"
"P271911",625,"unknown","unknown","unknown",2,"unknown"
"P271911",17,"o i 10'","ig[door]N kum-ma[NA]NA","ig kum-ma",0,"ig[door]N_kum-ma[NA]NA"
"P271320",18,"o i 11'","guza[chair]N ŋeškiŋti[workshop]N","{ŋeš}gu-za ŋeš-kiŋ₂-ti",0,"guza[chair]N_ŋeškiŋti[workshop]N"
"P332934",355,"r iv 12","suhur[tool]N gigir[chariot]N","{ŋeš}suhur gigir",0,"suhur[tool]N_gigir[chariot]N"
"P388265",333,"r v 18","zu[tooth]N gud.si.AŠ[ram]N","{ŋeš}zu₂ gud-si-AŠ",0,"zu[tooth]N_gud.si.AŠ[ram]N"
"P228596",3,"3","ganum[stand]N a[water]N","{ŋeš}gan-nu-um a",0,"ganum[stand]N_a[water]N"
"P447996",20,"o iii 16","dih[weed]N","{ŋeš}dih₃",0,"dih[weed]N"
"P247864",98,"o ii 35","ildag[poplar]N kur[mountain]N","{ŋeš}ildag₂ kur",0,"ildag[poplar]N_kur[mountain]N"
"P388265",42,"ii 25","lam[tree]N","{ŋeš}lam",0,"lam[tree]N"
"P459216",76,"iii 15","ŋali[~palm]N ŋešnimbar[palm]N","{ŋeš}ŋa₂-li ŋešnimbar",0,"ŋali[~palm]N_ŋešnimbar[palm]N"
"Q000039",399,"355","DUB.du₃[~vehicle]N bar[outside]V/t","{ŋeš}kišib₃-du₃ bar",0,"DUB.du₃[~vehicle]N_bar[outside]V/t"
"P273880",632,"d i 5'","gidim[device]N","{ŋeš}gidim₃",0,"gidim[device]N"
"P273880",311,"b iii 39","al[hoe]N zu[tooth]N limmu[four]NU","{ŋeš}al zu₂ limmu₅",0,"al[hoe]N_zu[tooth]N_limmu[four]NU"
"P250736",249,"r iii 10","epig[vessel]N x[NA]NA","{dug}epig x",0,"epig[vessel]N_x[NA]NA"
"P388265",10,"i 12","šaršabid[tree]N","{ŋeš}šarₓ(NE)-ša₄-bid₃",0,"šaršabid[tree]N"
"P250736",124,"o iv 17","masab[basket]N ninda[bread]N","{gi}ma-sa₂-ab ninda",0,"masab[basket]N_ninda[bread]N"
"P409466",9,"o 8","ma[ship]N Ninurta[1]DN","{ŋeš}ma₂ {d}nin-urta",0,"ma[ship]N_Ninurta[1]DN"
"P271301",125,"o iii 13","urnum[cedar]N","{ŋeš}ur-nu-um",0,"urnum[cedar]N"
"P271911",450,"r ii 51","ŋisal[rudder]N","{+ne₂-eš-šal}ŋisal",0,"ŋisal[rudder]N"
"P247864",233,"o iv 44","ig[door]N i[oil]N šeš[anoint]V/t","{ŋeš}ig i₃ šeš₂",0,"ig[door]N_i[oil]N_šeš[anoint]V/t"
"P271771",58,"o iv 14","mud[stump]N ŋešnimbar[palm]N","{ŋeš}mud ŋešnimbar",0,"mud[stump]N_ŋešnimbar[palm]N"
"P388265",25,"i 27","{ŋeš}nam[NA]NA","{ŋeš}nam",0,"{ŋeš}nam[NA]NA"
"P271911",15,"o i 9'","ig[door]N manu[wood]N","ig {ŋeš}ma-nu",0,"ig[door]N_manu[wood]N"
"P273880",687,"d ii 23'","ŋeš[tree]N kiŋar[area]N zag[side]N la[hang]V/t","ŋeš ki-ŋar zag la₂",0,"ŋeš[tree]N_kiŋar[area]N_zag[side]N_la[hang]V/t"
"P273880",193,"b i 43'","ŋešnud[bed]N kuš[hide]N du[build]V/t","ŋeš-nud kuš du₃",0,"ŋešnud[bed]N_kuš[hide]N_du[build]V/t"
"Q000001",279,"279","muš[snake]N saŋkal[foremost]AJ","muš saŋ-kal",0,"muš[snake]N_saŋkal[foremost]AJ"
"P235262",78,"d i 21'","mete[appropriate-thing]N ma[ship]N","{ŋeš}me-te ma₂",0,"mete[appropriate-thing]N_ma[ship]N"
"P271911",551,"r iv 18","ŠID-DIM₂[NA]NA","ŠID-DIM₂",0,"ŠID-DIM₂[NA]NA"
"P271301",183,"o iv 17","peš[frond]N tur[small]V/i ŋešnimbar[palm]N","{ŋeš}peš tur ŋešnimbar",0,"peš[frond]N_tur[small]V/i_ŋešnimbar[palm]N"
"P250736",133,"o iv 26","gi[reed]N dar[split]V/t","gi dar",0,"gi[reed]N_dar[split]V/t"
"P296528",3,"o 2","ligima[shoot]N","{ŋeš}ligima",0,"ligima[shoot]N"
"P247864",199,"o iv 10","gigir[chariot]N šu[hand]N du[suitable]V/i","{ŋeš}gigir šu du₇",0,"gigir[chariot]N_šu[hand]N_du[suitable]V/i"
"P388265",389,"r vi 30","dilim[spoon]N banšur[table]N","{ŋeš}dilim₂ banšurₓ(|URU×IGI|)",0,"dilim[spoon]N_banšur[table]N"
"P247864",372,"o vi 56","{ŋeš}KIB-la₂[NA]NA","{ŋeš}KIB-la₂",0,"{ŋeš}KIB-la₂[NA]NA"
"P273880",247,"b ii 40","bariga[unit]N","{ŋeš}ba-ri₂-ga",0,"bariga[unit]N"
"P253233",59,"r ii 9'","{ŋeš}x-x[NA]NA x[NA]NA","{ŋeš}x-x x",0,"{ŋeš}x-x[NA]NA_x[NA]NA"
"Q000039",33,"27a","an[sky]N usuh[tree]N","{ŋeš}an u₃-suh₅",0,"an[sky]N_usuh[tree]N"
"P459218",41,"o ii 21'","antibal[sign]N","{ŋeš}an-ti-bal",0,"antibal[sign]N"
"P271301",113,"o iii 1","mes[tree]N babbar[white]V/i","{ŋeš}mes babbar",0,"mes[tree]N_babbar[white]V/i"
"P447996",120,"r i 2","ŋešnimbar[palm]N al-gam-ma[NA]NA","{ŋeš}ŋešnimbar al-gam-ma",0,"ŋešnimbar[palm]N_al-gam-ma[NA]NA"
"P271301",263,"o v 36'","guza[chair]N ŋeškiŋti[workshop]N","{ŋeš}gu-za ŋeš-kiŋ₂-ti",0,"guza[chair]N_ŋeškiŋti[workshop]N"
"Q000039",453,"404","siŋar[bolt]N guʾe[textile]N","{ŋeš}si-ŋar gu₂-e₃",0,"siŋar[bolt]N_guʾe[textile]N"
"P271301",228,"o v 1'","{ŋeš}x[NA]NA","{ŋeš}x",0,"{ŋeš}x[NA]NA"
"P347814",8,"a i 6'","ig[door]N gi[reed]N GAM-ma[NA]NA","{ŋeš}ig gi GAM-ma",0,"ig[door]N_gi[reed]N_GAM-ma[NA]NA"
"P459218",4,"unknown","unknown","unknown",999,"unknown"
"P447996",105,"o v 30","ŋešnimbar[palm]N","{ŋeš}ŋešnimbar",0,"ŋešnimbar[palm]N"
"P229426",29,"r ii 3","ma[ship]N 15[NA]NA gur[unit]N","{ŋeš}ma₂ 15 gur",0,"ma[ship]N_15[NA]NA_gur[unit]N"
"P271301",259,"o v 32'","guza[chair]N šag[heart]N hul[rejoice]V/i","{ŋeš}gu-za šag₄ hul₂",0,"guza[chair]N_šag[heart]N_hul[rejoice]V/i"
"P250364",148,"r iii 14'","{ŋeš}ra-x-x[NA]NA","{ŋeš}ra-x-x",0,"{ŋeš}ra-x-x[NA]NA"
"P459217",52,"iii 2","mes[tree]N Kiengir[1]GN","{ŋeš}mes ki-en-gi",0,"mes[tree]N_Kiengir[1]GN"
"P346714",84,"r iii 06'","kur[wood]N","{ŋeš}kur",0,"kur[wood]N"
"P388265",390,"r vi 31","ŋešdi[rung]N banšur[table]N","ŋeš-di₅ banšurₓ(|URU×IGI|)",0,"ŋešdi[rung]N_banšur[table]N"
"P271320",48,"r i' 14'","{ŋeš}x[NA]NA","{ŋeš}x",0,"{ŋeš}x[NA]NA"
"P459231",2,"o 1","{ŋeš}x-x[NA]NA gigir[chariot]N","{ŋeš}x-x gigir",0,"{ŋeš}x-x[NA]NA_gigir[chariot]N"
"P273880",236,"b ii 25","garig[comb]N pa[branch]N mušen[bird]N","{ŋeš}ga-rig₂ pa mušen",0,"garig[comb]N_pa[branch]N_mušen[bird]N"
"P247864",127,"o iii 1","leʾum[board]N apin[plow]N","{ŋeš}le apin",0,"leʾum[board]N_apin[plow]N"
"P271301",120,"o iii 8","girim[flower]N","{ŋeš}gi-ri₂-num₂",0,"girim[flower]N"
"P250736",252,"r iii 13","epig[vessel]N udu[sheep]N","{dug}epig udu",0,"epig[vessel]N_udu[sheep]N"
"P388265",72,"iii 22","numun[seed]N usuh[tree]N","{ŋeš}numun u₃-suh₅",0,"numun[seed]N_usuh[tree]N"
"P388265",213,"r ii 41","lubi[ax]N","{ŋeš}li-bi-da",0,"lubi[ax]N"
"P273880",233,"b ii 22","garig[comb]N munus[woman]N","{ŋeš}ga-rig₂ munus",0,"garig[comb]N_munus[woman]N"
"P273880",696,"unknown","unknown","unknown",8,"unknown"
"P235262",118,"d ii 23'","{ŋeš}x-da[NA]NA margida[cart]N","{ŋeš}x-da mar-gid₂-da",0,"{ŋeš}x-da[NA]NA_margida[cart]N"
"P250364",38,"o ii 13","apin[plow]N gud[ox]N limmu[four]NU la[hang]V/t","{ŋeš}apin gud limmu₂ la₂",0,"apin[plow]N_gud[ox]N_limmu[four]NU_la[hang]V/t"
"P247864",94,"o ii 31","šinig[tamarisk]N","{ŋeš}šinig",0,"šinig[tamarisk]N"
"P247864",9,"o i 6","ŋešaʾabak[tree]N","ŋeš-ab-ba",0,"ŋešaʾabak[tree]N"
"Q000001",218,"218","ab[cow]N šugi[senior]N","ab₂ šu-gi₄",0,"ab[cow]N_šugi[senior]N"
"P250736",291,"r iv 9","im[clay]N U[NA]NA","im U",0,"im[clay]N_U[NA]NA"
"P250363",4,"o 3'","ig[door]N papah[cella]N","{ŋeš}ig pap-pah",0,"ig[door]N_papah[cella]N"
"P271301",130,"o iii 18","isimu[sprout]N","{ŋeš}isimu₃{+mu₂}",0,"isimu[sprout]N"
"P459226",27,"o ii 7'","{ŋeš}x[NA]NA","{ŋeš}x",0,"{ŋeš}x[NA]NA"
"P250736",271,"r iii 32","ubur[breast]N dili[single]V/i","{dug}ubur dili",0,"ubur[breast]N_dili[single]V/i"
"P271911",266,"o iv 32","eš[three]NU giŋ[unit]N","eš₅ giŋ₄",0,"eš[three]NU_giŋ[unit]N"
"P247864",294,"o v 42","buniŋ[trough]N x[NA]NA","{ŋeš}|A.LAGAB×A| x",0,"buniŋ[trough]N_x[NA]NA"
"P388265",356,"r v 46","illar[weapon]N a[arm]N gab[left]N","{ŋeš}illar a₂ gab₂-ba",0,"illar[weapon]N_a[arm]N_gab[left]N"
"P429503",62,"o iii 1","tiʾarum[tree]N","{ŋeš}ti-a-lum",0,"tiʾarum[tree]N"
"P228596",8,"8","matgan[stand]N","{ŋeš}ma-at-gan",0,"matgan[stand]N"
"Q000039",128,"105","asal[poplar]N","{ŋeš}asal₂",0,"asal[poplar]N"
"P370399",203,"o viii 4'","x-si-x[NA]NA","x-si-x",0,"x-si-x[NA]NA"
"P271301",302,"r i 30","ŋešnud[bed]N zig[rise]V/t","ŋeš-nud zig₃",0,"ŋešnud[bed]N_zig[rise]V/t"
"P332934",147,"o ii 63","ŋešnimbar[palm]N","{ŋeš}ŋešnimbar",0,"ŋešnimbar[palm]N"
"P346714",63,"r ii 31'","u[ride]V/t ŋušur[harrow]N","{ŋeš}u₅ gana₂-ur₃",0,"u[ride]V/t_ŋušur[harrow]N"
"Q000039",446,"397","nukušu[~door]N kita[lower]AJ","{ŋeš}nu-kuš₂-u₃ ki-ta",0,"nukušu[~door]N_kita[lower]AJ"
"P429503",64,"o iii 3","ilianum[tree]N","{ŋeš}i-li-ia-nu-um",0,"ilianum[tree]N"
"P437074",89,"b ii 13''","guza[chair]N munus[woman]N","{ŋeš}gu-za munus",0,"guza[chair]N_munus[woman]N"
"P332934",346,"r iv 3","gigir[chariot]N mah[great]V/i","{ŋeš}gigir {d}mah",0,"gigir[chariot]N_mah[great]V/i"
"P447996",91,"o v 16","nurma[pomegranate]N dar[split]V/t","{ŋeš}nu-ur₂-ma dar",0,"nurma[pomegranate]N_dar[split]V/t"
"P459226",40,"o iii 4'","{ŋeš}x[NA]NA","{ŋeš}x",0,"{ŋeš}x[NA]NA"
"P253866",110,"r i 13","ma[ship]N tur[small]V/i","{ŋeš}ma₂ tur",0,"ma[ship]N_tur[small]V/i"
"P271301",143,"o iii 31","ŋešnimbar[palm]N uš[die]V/i","{ŋeš}ŋešnimbar uš₂",0,"ŋešnimbar[palm]N_uš[die]V/i"
"P271911",269,"o iv 35","1/2[NA]NA giŋ[unit]N","1/2 giŋ₄",0,"1/2[NA]NA_giŋ[unit]N"
"Q000039",412,"367","gag[nail]N šudul[yoke]N margida[cart]N","{ŋeš}gag šudul₄ mar-gid₂-da",0,"gag[nail]N_šudul[yoke]N_margida[cart]N"
"P247864",84,"o ii 21","{ŋeš}x-x[NA]NA ŋešnimbar[palm]N","{ŋeš}x-x ŋešnimbar",0,"{ŋeš}x-x[NA]NA_ŋešnimbar[palm]N"
"P247864",123,"o ii 60","gag[nail]N ninda[seed-funnel]N apin[plow]N","{ŋeš}gag |NINDA₂×NUMUN| apin",0,"gag[nail]N_ninda[seed-funnel]N_apin[plow]N"
"P388265",21,"i 23","halub[tree]N","{ŋeš}ha-lu-ub",0,"halub[tree]N"
"P271911",503,"r iii 37","zena[weapon]N x[NA]NA","ze₂-na x",0,"zena[weapon]N_x[NA]NA"
"P437074",179,"c ii 12'","{ŋeš}x[NA]NA x[NA]NA","{ŋeš}x x",0,"{ŋeš}x[NA]NA_x[NA]NA"
"P388265",400,"r vi 41","mud[stump]N x[NA]NA MUŠ₃[NA]NA","{ŋeš}mud x MUŠ₃",0,"mud[stump]N_x[NA]NA_MUŠ₃[NA]NA"
"P447996",210,"r iii 11","x-na[NA]NA","x-na",0,"x-na[NA]NA"
"P273880",394,"b iv 62","gag[nail]N eškiri[rope]N","{ŋeš}gag eškiri₂",0,"gag[nail]N_eškiri[rope]N"
"P297194",7,"o 6","numun[seed]N usuh[tree]N","{ŋeš}numun u₃-suh₅",0,"numun[seed]N_usuh[tree]N"
"P253866",81,"o iii 14'","naŋasikaz[pestle]N","{ŋeš}naŋa₃-zi₃-gaz",0,"naŋasikaz[pestle]N"
"P271911",120,"o ii 41","gur[rim]N","{+gu-ur}gur₂",0,"gur[rim]N"
"X100003",5,"o 4","halub[tree]N","{ŋeš}ha-lu-ub₂",0,"halub[tree]N"
"P332934",120,"o ii 37","mes[tree]N halub[tree]N harran[route]N","{ŋeš}mes ha-lu-ub₂ har-ra-an",0,"mes[tree]N_halub[tree]N_harran[route]N"
"P429503",86,"o iii 25","ŋešnimbar[palm]N x[NA]NA","{ŋeš}ŋešnimbar x",0,"ŋešnimbar[palm]N_x[NA]NA"
"P273880",189,"b i 39'","ŋešnud[bed]N siki[hair]N uzud[goat]N sig[put]V/t","ŋeš-nud siki uzud sig₁₀",0,"ŋešnud[bed]N_siki[hair]N_uzud[goat]N_sig[put]V/t"
"P447996",191,"r ii 28","ma[ship]N til[live]V/i","{ŋeš}ma₂ til",0,"ma[ship]N_til[live]V/i"
"P273880",38,"a ii 5'","dubla[tower]N apin[plow]N","{ŋeš}dub-la₂ apin",0,"dubla[tower]N_apin[plow]N"
"Q000039",728,"655a","pa[branch]N kud[cut]V/t ug[die]V/t","{ŋeš}pa kud ug₅-ga",0,"pa[branch]N_kud[cut]V/t_ug[die]V/t"
"P273880",119,"a iv 7'","eš[rope]N saŋkul[bolt]N","{ŋeš}eš₂ saŋ-kul",0,"eš[rope]N_saŋkul[bolt]N"
"P447996",127,"r i 9","ŋešnimbar[palm]N ug[die]V/t","{ŋeš}ŋešnimbar al-ug₅-ga",0,"ŋešnimbar[palm]N_ug[die]V/t"
"P271301",45,"o i 42","hašhur[apple]N armanu[tree]N","{ŋeš}hašhur ar-ma-nu-um",0,"hašhur[apple]N_armanu[tree]N"
"Q000039",38,"31","lamgal[nut]N","{ŋeš}lam-gal",0,"lamgal[nut]N"
"P459220",4,"3","ig[door]N i[oil]N","{ŋeš}ig i₃",0,"ig[door]N_i[oil]N"
"Q000039",215,"181","guza[chair]N malah[sailor]N","{ŋeš}gu-za ma₂-lah₄",0,"guza[chair]N_malah[sailor]N"
"P273880",494,"c ii 39","gag[nail]N ma[ship]N","{ŋeš}gag ma₂",0,"gag[nail]N_ma[ship]N"
"Q000039",383,"340","šudul[yoke]N gigir[chariot]N","{ŋeš}šu₂-dul₄ gigir",0,"šudul[yoke]N_gigir[chariot]N"
"P253233",26,"o ii 9","dilim[spoon]N banšur[table]N","{ŋeš}dilim₂ banšur",0,"dilim[spoon]N_banšur[table]N"
"Q000039",231,"196","guza[chair]N gar[knob]N kugbabbar[silver]N ŋar[place]V/t","{ŋeš}gu-za gar₃ kug-babbar ŋar",0,"guza[chair]N_gar[knob]N_kugbabbar[silver]N_ŋar[place]V/t"
"Q000039",438,"391","barda[crossbar]N ig[door]N","{ŋeš}bar-da₃ ig",0,"barda[crossbar]N_ig[door]N"
"P273880",331,"b iii 59","sigsig[musical-instrument]N eban[pair]N","{ŋeš}sig₃-sig₃ e₂-pa-an",0,"sigsig[musical-instrument]N_eban[pair]N"
"Q000039",650,"584","mar[shovel]N niŋsur[beer]N","{ŋeš}mar niŋ₂-sur",0,"mar[shovel]N_niŋsur[beer]N"
"P459216",112,"r i 17'","šuʾa[stool]N x[NA]NA","{ŋeš}šu₂-a x",0,"šuʾa[stool]N_x[NA]NA"
"P271301",165,"o iii 53","ŋešnimbar[palm]N ŋeštin[vine]N","{ŋeš}ŋešnimbar ŋeštin",0,"ŋešnimbar[palm]N_ŋeštin[vine]N"
"P332934",379,"r iv 13'","gu[neck]N margida[cart]N","{ŋeš}gu₂ mar-gid₂-da",0,"gu[neck]N_margida[cart]N"
"P247864",283,"o v 31","{ŋeš}x-na[NA]NA","{ŋeš}x-na",0,"{ŋeš}x-na[NA]NA"
"P250364",101,"r i 1'","{ŋeš}x-x[NA]NA","{ŋeš}x-x",0,"{ŋeš}x-x[NA]NA"
"P271771",119,"r ii 6'","dilim[spoon]N banšur[table]N","{ŋeš}dilim₂ banšur",0,"dilim[spoon]N_banšur[table]N"
"P271911",55,"unknown","unknown","unknown",1,"unknown"
"Q000039",405,"360","gag[nail]N zara[pivot]N margida[cart]N","{ŋeš}gag za-ra mar-gid₂-da",0,"gag[nail]N_zara[pivot]N_margida[cart]N"
"P459216",170,"r iv 2'","umbin[wheel]N x[NA]NA gigir[chariot]N","{ŋeš}umbin x gigir",0,"umbin[wheel]N_x[NA]NA_gigir[chariot]N"
"P429504",44,"r i 7'","guza[chair]N gar[knob]N","{ŋeš}gu-za gar₃",0,"guza[chair]N_gar[knob]N"
"P247864",82,"o ii 19","{ŋeš}x[NA]NA ŋešnimbar[palm]N","{ŋeš}x ŋešnimbar",0,"{ŋeš}x[NA]NA_ŋešnimbar[palm]N"
"P370399",153,"o v 7'","{ŋeš}EZEN[NA]NA","{ŋeš}EZEN",0,"{ŋeš}EZEN[NA]NA"
"P429503",182,"r iii' 25'","umbin[wheel]N margida[cart]N","{ŋeš}umbin mar-gid₂-da",0,"umbin[wheel]N_margida[cart]N"
"P247864",176,"o iii 50","e[house]N gigir[chariot]N","{ŋeš}e₂ gigir",0,"e[house]N_gigir[chariot]N"
"P459225",8,"r i 3'","e[house]N pana[bow]N","{ŋeš}e₂ pana",0,"e[house]N_pana[bow]N"
"P492330",9,"o i 7","ŋeš[tree]N šuš[cut]V/t","ŋeš šu₄",0,"ŋeš[tree]N_šuš[cut]V/t"
"Q000001",214,"214","ab[cow]N ŋeš[penis]N zu[know]V/t","ab₂ ŋeš₃ zu",0,"ab[cow]N_ŋeš[penis]N_zu[know]V/t"
"Q000001",399,"398","kisim[insect]N","|DAG.KISIM₅|",0,"kisim[insect]N"
"P253245",8,"o 4","hedu[ornament]N kan[gate]N","{ŋeš}he₂-du₇ kan₄",0,"hedu[ornament]N_kan[gate]N"
"P332939",37,"unknown","unknown","unknown",999,"unknown"
"P347814",169,"c i 24'","ganum[stand]N","{ŋeš}ga-an-nu-u₂",0,"ganum[stand]N"
"P247864",72,"o ii 9","ŋešnimbar[palm]N kur[mountain]N","{ŋeš}ŋešnimbar kur",0,"ŋešnimbar[palm]N_kur[mountain]N"
"P271911",605,"r v 1","ganum[stand]N ga[milk]N","{ŋeš}ŋa₂-an-nu ga",0,"ganum[stand]N_ga[milk]N"
"P253238",26,"r 3","ildag[poplar]N šitan[water-channel]N","{ŋeš}ildag₂ šita₃",0,"ildag[poplar]N_šitan[water-channel]N"
"P271301",102,"o ii 50","KID.da[twig]N","{ŋeš}šed-da",0,"KID.da[twig]N"
"P271911",563,"r iv 27","kag[mouth]N umbin[implement]N","ka umbin-na",0,"kag[mouth]N_umbin[implement]N"
"Q000039",396,"353","umbin[wheel]N gagsila[harness]N","{ŋeš}umbin gag-sal₄",0,"umbin[wheel]N_gagsila[harness]N"
"P312012",5,"5","{ŋeš}e₂-ba-lum-ma[NA]NA","{ŋeš}e₂-ba-lum-ma",0,"{ŋeš}e₂-ba-lum-ma[NA]NA"
"P273880",557,"c iii 42","ugu[skull]N ŋešnimbar[palm]N","{ŋeš}ugu ŋešnimbar",0,"ugu[skull]N_ŋešnimbar[palm]N"
"P247864",122,"o ii 59","ninda[seed-funnel]N apin[plow]N","{ŋeš}|NINDA₂×NUMUN| apin",0,"ninda[seed-funnel]N_apin[plow]N"
"P459225",15,"r ii 2'","ŋisal[rudder]N ŋiri[foot]N","{ŋeš}ŋisal ŋiri₃",0,"ŋisal[rudder]N_ŋiri[foot]N"
"Q000039",669,"603","sabitum[instrument]N","{ŋeš}sa-bi₂-tum",0,"sabitum[instrument]N"
"P347814",286,"unknown","unknown","unknown",9,"unknown"
"P247864",307,"o v 55","dim[post]N ma[ship]N","{ŋeš}dim ma₂",0,"dim[post]N_ma[ship]N"
"Q000039",691,"623","ebir[vessel-stand]N kaš[beer]N","{ŋeš}ebir kaš",0,"ebir[vessel-stand]N_kaš[beer]N"
"P332934",317,"r iii 20'","ki[place]N ma[ship]N","{ŋeš}ki ma₂",0,"ki[place]N_ma[ship]N"
"P271911",383,"r ii 2","balaŋ[instrument]N a-x[NA]NA","balaŋ a-x",0,"balaŋ[instrument]N_a-x[NA]NA"
"P447996",213,"r iii 14","x[NA]NA ma[ship]N","x ma₂",0,"x[NA]NA_ma[ship]N"
"P388265",73,"iii 23","an[sky]N usuh[tree]N","{ŋeš}an u₃-suh₅",0,"an[sky]N_usuh[tree]N"
"P247864",46,"o i 43","manu[wood]N izi[fire]N","{ŋeš}ma-nu izi",0,"manu[wood]N_izi[fire]N"
"P459217",32,"ii 8'","ildag[poplar]N kur[mountain]N","{ŋeš}ildag₂ kur",0,"ildag[poplar]N_kur[mountain]N"
"Q000039",198,"164","guza[chair]N malah[sailor]N","{ŋeš}gu-za ma₂-lah₅",0,"guza[chair]N_malah[sailor]N"
"P250736",171,"r i 25","gi[reed]N bar[outside]V/t x[NA]NA hi[mix]V/t","gi bar x hi",0,"gi[reed]N_bar[outside]V/t_x[NA]NA_hi[mix]V/t"
"Q000039",115,"93","su[fibers]N gal[big]V/i ŋešnimbar[palm]N","{ŋeš}su₁₁ gu-la ŋešnimbar",0,"su[fibers]N_gal[big]V/i_ŋešnimbar[palm]N"
"P253230",9,"o i 5","apin[plow]N zir[break]V/t","{ŋeš}apin zi",0,"apin[plow]N_zir[break]V/t"
"P459218",64,"o iii 15","apin[plow]N šu-mu-du₇[NA]NA","{ŋeš}apin šu-mu-du₇",0,"apin[plow]N_šu-mu-du₇[NA]NA"
"Q000001",454,"453","uzu[flesh]N tuhul[hip]N kud[cut]V/t","uzu tugul(|NAGAR.ZA@t|) kud",0,"uzu[flesh]N_tuhul[hip]N_kud[cut]V/t"
"P250364",125,"r ii 10'","{ŋeš}x[NA]NA","{ŋeš}x",0,"{ŋeš}x[NA]NA"
"P332939",16,"o i 13","ŋeštin[vine]N","{ŋeš}ŋeštin",0,"ŋeštin[vine]N"
"P247864",411,"o vii 30'","{ŋeš}x-za-ab[NA]NA MI[NA]NA","{ŋeš}x-za-ab MI",0,"{ŋeš}x-za-ab[NA]NA_MI[NA]NA"
"P271301",246,"o v 19'","guza[chair]N nimala[~chair]N","{ŋeš}gu-za ni₂-ma-la₂",0,"guza[chair]N_nimala[~chair]N"
"P332934",93,"o ii 10","manu[wood]N sissig[green]V/i","{ŋeš}ma-nu sig₇-sig₇",0,"manu[wood]N_sissig[green]V/i"
"P273880",497,"c ii 42","ma[ship]N id[river]N","{ŋeš}ma₂ id₂",0,"ma[ship]N_id[river]N"
"P271301",47,"o i 44","hašhur[apple]N damšelum[plant]N","{ŋeš}hašhur dam-ši-lum",0,"hašhur[apple]N_damšelum[plant]N"
"P247864",179,"o iii 53","sahargi[dust-guard]N gigir[chariot]N","{ŋeš}sahar-gi gigir",0,"sahargi[dust-guard]N_gigir[chariot]N"
"P388265",342,"r v 27","ušub[brick-mold]N arhum[half-brick]N","{ŋeš}u₃-šub ar-hu-um",0,"ušub[brick-mold]N_arhum[half-brick]N"
"P332934",338,"r iii 41'","{ŋeš}x[NA]NA","{ŋeš}x",0,"{ŋeš}x[NA]NA"
"P250364",141,"r iii 7'","{ŋeš}x[NA]NA","{ŋeš}x",0,"{ŋeš}x[NA]NA"
"P253863",6,"unknown","unknown","unknown",1,"unknown"
"P459216",113,"r i 18'","šuʾa[stool]N x[NA]NA","{ŋeš}šu₂-a x",0,"šuʾa[stool]N_x[NA]NA"
"P271301",150,"o iii 38","ŋešnimbar[palm]N šeŋ[cook]V/t","{ŋeš}ŋešnimbar šeŋ₆",0,"ŋešnimbar[palm]N_šeŋ[cook]V/t"
"P346872",2,"o 1","na[box]N","{ŋeš}na₅",0,"na[box]N"
"P271301",188,"o iv 22","su[fibers]N kiri[orchard]N ŋešnimbar[palm]N","{ŋeš}zi {ŋeš}kiri₆ ŋešnimbar",0,"su[fibers]N_kiri[orchard]N_ŋešnimbar[palm]N"
"Q000001",45,"45","udu[sheep]N zusiga[~sheep]N MAR.TU[westerner]N","udu zu₂-si-ga MAR-TU",0,"udu[sheep]N_zusiga[~sheep]N_MAR.TU[westerner]N"
"P273880",185,"b i 35'","ŋešnud[bed]N taškarin[boxwood]N","ŋeš-nud {ŋeš}taškarin",0,"ŋešnud[bed]N_taškarin[boxwood]N"
"P253230",24,"o ii 2","apin[plow]N šudu[equipped]AJ","{ŋeš}apin šu-du₇",0,"apin[plow]N_šudu[equipped]AJ"
"P447996",141,"r i 23","{ŋeš}x[NA]NA ŋešnimbar[palm]N","{ŋeš}x ŋešnimbar",0,"{ŋeš}x[NA]NA_ŋešnimbar[palm]N"
"Q000039",310,"273","ma[ship]N šu[hand]N gi[turn]V/i","{ŋeš}ma₂ šu gi₄",0,"ma[ship]N_šu[hand]N_gi[turn]V/i"
"Q000039",53,"45","nurma[pomegranate]N","{ŋeš}nu-ur₂-ma",0,"nurma[pomegranate]N"
"P271911",491,"unknown","unknown","unknown",1,"unknown"
"P271911",214,"o iii 55'","al[hoe]N zu[tooth]N min[two]NU","al zu₂ min₅",0,"al[hoe]N_zu[tooth]N_min[two]NU"
"P235262",77,"d i 20'","gag[nail]N ma[ship]N","{ŋeš}gag ma₂",0,"gag[nail]N_ma[ship]N"
"P332934",35,"o i 31","peš[fig]N šergu[string]N","{ŋeš}peš₃ še-er-kum",0,"peš[fig]N_šergu[string]N"
"P271301",157,"o iii 45","ŋešnimbar[palm]N izi[fire]N gu[eat]V/t","{ŋeš}ŋešnimbar izi gu₇",0,"ŋešnimbar[palm]N_izi[fire]N_gu[eat]V/t"
"P271301",348,"r ii 32","naŋa[mortar]N ŋeši[sesame]N","{ŋeš}naŋa₃ {še}ŋeš-i₃",0,"naŋa[mortar]N_ŋeši[sesame]N"
"Q000039",481,"430","madal[pole]N","{ŋeš}madla(BU)",0,"madal[pole]N"
"P271771",141,"unknown","unknown","unknown",999,"unknown"
"Q000039",203,"169","guza[chair]N anše[equid]N","{ŋeš}gu-za anše",0,"guza[chair]N_anše[equid]N"
"P432448",11,"o 5'","šagkal[tree]N","{ŋeš}šag₄-kal",0,"šagkal[tree]N"
"Q000039",619,"554b","illar[weapon]N DU@s[NA]NA DU-a[NA]NA","{ŋeš}illar DU@s DU-a",0,"illar[weapon]N_DU@s[NA]NA_DU-a[NA]NA"
"P273880",243,"b ii 36","ba[tool]N šidim[builder]N","{ŋeš}ba šidim",0,"ba[tool]N_šidim[builder]N"
"P332934",35,"o i 31","peš[fig]N šergu[string]N","{ŋeš}peš₃ še-er-kum",0,"peš[fig]N_šergu[string]N"
"P388265",309,"r iv 50","{ŋeš}NE-x[NA]NA","{ŋeš}NE-x",0,"{ŋeš}NE-x[NA]NA"
"P247864",146,"o iii 20","endur[navel?]N margida[cart]N","{ŋeš}en₃-dur mar-gid₂-da",0,"endur[navel?]N_margida[cart]N"
"P459218",51,"o iii 2","ŋešpu[rim]N","ŋeš-bu",0,"ŋešpu[rim]N"
"Q000001",14,"14","udu[sheep]N gukkal[sheep]N niga[fattened]V/i sag[rare]V/i","udu gukkal niga sag₁₀",0,"udu[sheep]N_gukkal[sheep]N_niga[fattened]V/i_sag[rare]V/i"
"Q000001",277,"277","muš[snake]N saŋ[head]N imin[seven]NU","muš saŋ imin",0,"muš[snake]N_saŋ[head]N_imin[seven]NU"
"P247864",255,"o v 3","sumungi[tool]N","{ŋeš}sumun-gi",0,"sumungi[tool]N"
"P250736",15,"o i 11","gi[reed]N gal[big]V/i","gi gal-gal",0,"gi[reed]N_gal[big]V/i"
"P437074",99,"b iii 3'","guza[chair]N gidim[ghost]N","{ŋeš}gu-za gidim",0,"guza[chair]N_gidim[ghost]N"
"Q000039",31,"26","še[cone]N usuh[tree]N","{ŋeš}še u₃-suh₅",0,"še[cone]N_usuh[tree]N"
"P273880",321,"b iii 49","{ŋeš}LAGAB[NA]NA illar[weapon]N","{ŋeš}LAGAB illar",0,"{ŋeš}LAGAB[NA]NA_illar[weapon]N"
"Q000039",138,"115","samana[tree]N","{ŋeš}sa-ma-na₂",0,"samana[tree]N"
"P332934",335,"r iii 38'","{ŋeš}x[NA]NA","{ŋeš}x",0,"{ŋeš}x[NA]NA"
"P271911",21,"o i 14'","ig[door]N sumun[old]V/i","ig sumun",0,"ig[door]N_sumun[old]V/i"
"P429503",91,"unknown","unknown","unknown",999,"unknown"
"P332934",14,"o i 10","{ŋeš}bar-ŋeš[NA]NA gunu[speckled]V/i","{ŋeš}bar-ŋeš gun₃",0,"{ŋeš}bar-ŋeš[NA]NA_gunu[speckled]V/i"
"P271771",55,"o iv 11","zena[midrib]N ŋešnimbar[palm]N","{ŋeš}zi-na ŋešnimbar",0,"zena[midrib]N_ŋešnimbar[palm]N"
"P273880",513,"c ii 58","ŋešnimbar[palm]N dar[split]V/t","{ŋeš}ŋešnimbar dar",0,"ŋešnimbar[palm]N_dar[split]V/t"
"P250371",8,"o 6","saŋ[head]N gigir[chariot]N","{ŋeš}saŋ gigir",0,"saŋ[head]N_gigir[chariot]N"
"P253228",27,"o ii 8","saŋkul[bolt]N gigir[chariot]N","{ŋeš}sag-gul gigir",0,"saŋkul[bolt]N_gigir[chariot]N"
"P332939",4,"o i 1","taškarin[boxwood]N","{ŋeš}taškarin",0,"taškarin[boxwood]N"
"P346869",2,"o 1","ur[root]N guza[chair]N","{ŋeš}ur₂ gu-za",0,"ur[root]N_guza[chair]N"
"Q000001",500,"496","uzu[flesh]N zingi[ankle-bone]N","uzu zi-in-gi₄",0,"uzu[flesh]N_zingi[ankle-bone]N"
"P271301",110,"o ii 58","mes[tree]N dubran[juniper]N","{ŋeš}mes dub-ra-an",0,"mes[tree]N_dubran[juniper]N"
"Q000039",442,"394a","suhub[bolt]N","{ŋeš}|ŠU.DI|",0,"suhub[bolt]N"
"P437074",129,"b iii 15''","{ŋeš}x-x[NA]NA","{ŋeš}x-x",0,"{ŋeš}x-x[NA]NA"
"P253866",46,"o ii 10'","guza[chair]N anše[equid]N","{ŋeš}gu-za anše",0,"guza[chair]N_anše[equid]N"
"P271771",11,"o ii 9","šimgig[tree]N","{ŋeš}šim-gig",0,"šimgig[tree]N"
"P271301",333,"r ii 17","murzanum[wooden-object]N","{ŋeš}u₅-za-nu-um",0,"murzanum[wooden-object]N"
"P388265",357,"r v 47","{ŋeš}LAGAB[NA]NA illar[weapon]N","{ŋeš}LAGAB illar",0,"{ŋeš}LAGAB[NA]NA_illar[weapon]N"
"P235262",6,"a i 2'","ŋeštin[vine]N kaʾa[fox]N","{ŋeš}ŋeštin ka₅-a",0,"ŋeštin[vine]N_kaʾa[fox]N"
"P271911",459,"r ii 59","gam[haft]N ŋiri[dagger]N ašgab[leatherworker]N","kin ŋiri₂ ašgab",0,"gam[haft]N_ŋiri[dagger]N_ašgab[leatherworker]N"
"P273880",536,"c iii 21","{ŋeš}saŋ-LAGAB[NA]NA ŋešnimbar[palm]N","{ŋeš}saŋ-LAGAB ŋešnimbar",0,"{ŋeš}saŋ-LAGAB[NA]NA_ŋešnimbar[palm]N"
"P247864",158,"o iii 32","gag[nail]N zara[pivot]N margida[cart]N","{ŋeš}gag za-ra mar-gid₂-da",0,"gag[nail]N_zara[pivot]N_margida[cart]N"
"P459217",46,"ii 22'","KID.da[twig]N","{ŋeš}KID-da",0,"KID.da[twig]N"
"P271301",370,"r iii 3","ma[ship]N hedu[ornament]N","{ŋeš}ma₂ he₂-du₇",0,"ma[ship]N_hedu[ornament]N"
"P388265",298,"r iv 38","dur[balk]N peš[thick]V/i","{ŋeš}dur peš",0,"dur[balk]N_peš[thick]V/i"
"Q000039",717,"648","gam[crook]N","{ŋeš}kab",0,"gam[crook]N"
"P250736",250,"r iii 11","epig[vessel]N mušen[bird]N","{dug}epig mušen",0,"epig[vessel]N_mušen[bird]N"
"P332934",87,"o ii 4","manu[wood]N","{ŋeš}ma-nu",0,"manu[wood]N"
"P273880",107,"a iii 46'","ig[door]N papah[cella]N","{ŋeš}ig pa-pah",0,"ig[door]N_papah[cella]N"
"Q000001",299,"299","nig[dog]N","nig",0,"nig[dog]N"
"P273880",51,"a ii 25'","bandudu[basket]N apin[plow]N","{ŋeš}ba-an-du₈-du₈ apin",0,"bandudu[basket]N_apin[plow]N"
"Q000039",525,"469","ŋušur[harrow]N sar[garden]N","{ŋeš}gana₂-ur₃ sar",0,"ŋušur[harrow]N_sar[garden]N"
"P459216",31,"i 29","{ŋeš}x[NA]NA","{ŋeš}x",0,"{ŋeš}x[NA]NA"
"P247864",98,"o ii 35","ildag[poplar]N kur[mountain]N","{ŋeš}ildag₂ kur",0,"ildag[poplar]N_kur[mountain]N"
"P250736",243,"r iii 4","utul[tureen]N tur[small]V/i","{dug}utul₂ tur",0,"utul[tureen]N_tur[small]V/i"
"P271301",269,"o v 42'","guza[chair]N taškarin[boxwood]N","{ŋeš}gu-za {ŋeš}taškarin",0,"guza[chair]N_taškarin[boxwood]N"
"Q000039",101,"80","ŋešnimbar[palm]N sissig[green]V/i šeŋ[cook]V/t","{ŋeš}ŋešnimbar sig₇-sig₇ šeŋ₆",0,"ŋešnimbar[palm]N_sissig[green]V/i_šeŋ[cook]V/t"
"P332934",111,"o ii 28","KID.da[twig]N","{ŋeš}šed-du",0,"KID.da[twig]N"
"P347814",213,"c ii 19","niŋ[thing]N x[NA]NA","{ŋeš}niŋ₂ x",0,"niŋ[thing]N_x[NA]NA"
"P271911",97,"unknown","unknown","unknown",1,"unknown"
"P273880",375,"b iv 42","niŋna[incense]N mud[blood]N","{ŋeš}niŋ₂-na mud₂",0,"niŋna[incense]N_mud[blood]N"
"P437074",91,"b ii 15''","guza[chair]N izzi[wall]N x[NA]NA","{ŋeš}gu-za i-zi x",0,"guza[chair]N_izzi[wall]N_x[NA]NA"
"P347814",280,"d ii 8'","{ŋeš}x[NA]NA","{ŋeš}x",0,"{ŋeš}x[NA]NA"
"P247864",185,"o iii 59","{ŋeš}|LAGAB×KUL|[NA]NA gigir[chariot]N","{ŋeš}|LAGAB×KUL| gigir",0,"{ŋeš}|LAGAB×KUL|[NA]NA_gigir[chariot]N"
"P271301",202,"o iv 36","ad[bush]N","{ŋeš}ad₂",0,"ad[bush]N"
"P271911",464,"r iii 2","gam[crook]N ŋiri[dagger]N ad.KID[weaver]N","{ŋeš}kin ŋiri₂ ad-KID",0,"gam[crook]N_ŋiri[dagger]N_ad.KID[weaver]N"
"P459217",73,"iii 23","ŋešnimbar[palm]N kur[mountain]N","{ŋeš}ŋešnimbar kur",0,"ŋešnimbar[palm]N_kur[mountain]N"
"P273880",709,"unknown","unknown","unknown",999,"unknown"
"P273880",147,"a iv 44'","guza[chair]N kešed[bind]V/t","{ŋeš}gu-za keš₂-d·a",0,"guza[chair]N_kešed[bind]V/t"
"Q000001",130,"130","uzud[goat]N ŋeš[penis]N zu[know]V/t","uzud ŋeš₃ zu",0,"uzud[goat]N_ŋeš[penis]N_zu[know]V/t"
"P346714",152,"r iv 35'","illar[weapon]N $DU-a[NA]NA","{ŋeš}illar $DU-a",0,"illar[weapon]N_$DU-a[NA]NA"
"P273880",705,"d ii 49'","{ŋeš}nin₉-x[NA]NA","{ŋeš}nin₉-x",0,"{ŋeš}nin₉-x[NA]NA"
"P346714",97,"r iii 19'","kim[willow]N","{ŋeš}{+gi}kim₃",0,"kim[willow]N"
"P271771",54,"o iv 10","dala[thorn]N ŋešnimbar[palm]N","{ŋeš}dala₂ ŋešnimbar",0,"dala[thorn]N_ŋešnimbar[palm]N"
"P250363",18,"r 5","{ŋeš}x[NA]NA","{ŋeš}x",0,"{ŋeš}x[NA]NA"
"P271911",232,"o iv 6","gag[nail]N šum[garlic]N širdili[~garlic]N","gag šum₂ šir-dili",0,"gag[nail]N_šum[garlic]N_širdili[~garlic]N"
"P253238",34,"r 11","manu[wood]N x[NA]NA sag[good]V/i","{ŋeš}ma-nu x sag₁₀",0,"manu[wood]N_x[NA]NA_sag[good]V/i"
"P429504",34,"unknown","unknown","unknown",999,"unknown"
"Q000039",13,"11","ŋeštinguruma[~vine]N","{ŋeš}ŋeštin-gurum-ma",0,"ŋeštinguruma[~vine]N"
"P346714",69,"r ii 37'","tugtug[~loom]N","{ŋeš}tug₂-tug₂",0,"tugtug[~loom]N"
"P247864",273,"o v 21","{ŋeš}x-x[NA]NA","{ŋeš}x-x",0,"{ŋeš}x-x[NA]NA"
"Q000039",116,"94","tubala[harness]N ŋešnimbar[palm]N","{ŋeš}tubaₓ(TUG₂) ŋešnimbar",0,"tubala[harness]N_ŋešnimbar[palm]N"
"P271771",101,"r i 7'","na[box]N gal[big]V/i","{ŋeš}na gal",0,"na[box]N_gal[big]V/i"
"P247864",415,"o vii 34'","{ŋeš}gal-HI-LUM-E₂-LAM[NA]NA","{ŋeš}gal-HI-LUM-E₂-LAM",0,"{ŋeš}gal-HI-LUM-E₂-LAM[NA]NA"
"P271911",309,"r i 2'","gag[nail]N usakar[moon]N","gag u₄-sakar",0,"gag[nail]N_usakar[moon]N"
"P332939",16,"o i 13","ŋeštin[vine]N","{ŋeš}ŋeštin",0,"ŋeštin[vine]N"
"P273880",486,"c ii 30","ma[ship]N ušu[thirty]NU gur[unit]N","{ŋeš}ma₂ ušu₃ gur",0,"ma[ship]N_ušu[thirty]NU_gur[unit]N"
"Q000039",495,"443","apin[plow]N šu[hand]N","{ŋeš}apin šu",0,"apin[plow]N_šu[hand]N"
"P250370",7,"7","zarsi[plant]N","{ŋeš}zar-si",0,"zarsi[plant]N"
"P388265",67,"iii 17","{ŋeš}su-ra-ra[NA]NA","{ŋeš}su-ra-ra",0,"{ŋeš}su-ra-ra[NA]NA"
"P459217",82,"iv 4","ŋešnimbar[palm]N x[NA]NA","{ŋeš}ŋešnimbar x",0,"ŋešnimbar[palm]N_x[NA]NA"
"P271301",224,"o iv 58","arina[madder]N","{ŋeš}i-ri₉-na",0,"arina[madder]N"
"P332934",152,"o ii 68","ŋešnimbar[palm]N x[NA]NA","{ŋeš}ŋešnimbar x",0,"ŋešnimbar[palm]N_x[NA]NA"
"P271911",218,"unknown","unknown","unknown",1,"unknown"
"P253238",39,"r 16","KID.da[twig]N","{ŋeš}KID-da",0,"KID.da[twig]N"
"P271301",197,"o iv 31","asal[poplar]N","{ŋeš}asal₂",0,"asal[poplar]N"
"P273712",23,"r i 13","ušub[brick-mold]N šeg[brick]N alura[baked]AJ","{ŋeš}u₃-šub šeg₁₂ al-ur₅-ra",0,"ušub[brick-mold]N_šeg[brick]N_alura[baked]AJ"
"P271911",623,"r v 2'","argibil[structure]N","{ŋeš}ar-ga-bi-nu",0,"argibil[structure]N"
"P273880",117,"a iv 5'","saŋkul[bolt]N","{ŋeš}saŋ-kul",0,"saŋkul[bolt]N"
"P332939",69,"r ii' 13'","endur[navel?]N margida[cart]N","{ŋeš}en₃-dur mar-gid₂-da",0,"endur[navel?]N_margida[cart]N"
"P447996",169,"r ii 6","ma[ship]N","{ŋeš}ma₂",0,"ma[ship]N"
"Q000039",407,"362","saŋdur[seat]N margida[cart]N","{ŋeš}saŋ-dur₂ mar-gid₂-da",0,"saŋdur[seat]N_margida[cart]N"
"P388265",387,"r vi 28","banšurzaggula[table]N","{ŋeš}banšurₓ(|URU×IGI|)-zag-ku-la₂",0,"banšurzaggula[table]N"
"P247864",152,"o iii 26","{ŋeš}x-x[NA]NA x[NA]NA x[NA]NA","{ŋeš}x-x x x",0,"{ŋeš}x-x[NA]NA_x[NA]NA_x[NA]NA"
"P273880",122,"a iv 10'","e[house]N ur[root]N gu₂-x[NA]NA","{ŋeš}e₂ ur₂ gu₂-x",0,"e[house]N_ur[root]N_gu₂-x[NA]NA"
"P247864",18,"o i 15","ŋešgana[tree]N giggi[black]V/i","ŋeš-kin₂ giggi",0,"ŋešgana[tree]N_giggi[black]V/i"
"P250736",260,"r iii 21","zagšela[container]N","{dug}zag-še₃-la₂",0,"zagšela[container]N"
"P247864",456,"r i 16","ŋešnud[bed]N šu[hand]N du[suitable]V/i","ŋeš-nud šu du₇",0,"ŋešnud[bed]N_šu[hand]N_du[suitable]V/i"
"Q000039",550,"494","I.LU[~irrigation]N","{ŋeš}|I.LU|",0,"I.LU[~irrigation]N"
"P253866",38,"o ii 2'","gag[nail]N šibir[staff]N","{ŋeš}gag šibir",0,"gag[nail]N_šibir[staff]N"
"P273880",79,"a iii 10'","e[house]N gigir[chariot]N","{ŋeš}e₂ gigir",0,"e[house]N_gigir[chariot]N"
"P253228",49,"r i 13","{ŋeš}PA-da[NA]NA","{ŋeš}PA-da",0,"{ŋeš}PA-da[NA]NA"
"P273880",699,"d ii 42'","{ŋeš}x[NA]NA","{ŋeš}x",0,"{ŋeš}x[NA]NA"
"P332930",29,"r 8","ma[ship]N ninnu[fifty]NU gur[unit]N","{ŋeš}ma₂ ninnu gur",0,"ma[ship]N_ninnu[fifty]NU_gur[unit]N"
"P271301",28,"o i 25","ŋeštin[vine]N garan[bunch]N","{ŋeš}ŋeštin ga-ra-an",0,"ŋeštin[vine]N_garan[bunch]N"
"P271911",120,"o ii 41","gur[rim]N","{+gu-ur}gur₂",0,"gur[rim]N"
"P273880",290,"b iii 14","naŋa[mortar]N ŋeši[sesame]N","{ŋeš}naŋa₃ {še}ŋeš-i₃",0,"naŋa[mortar]N_ŋeši[sesame]N"
"P273880",19,"a i 16'","ŋeštin[vine]N nim[high]V/i","{ŋeš}ŋeštin nim",0,"ŋeštin[vine]N_nim[high]V/i"
"P388265",207,"r ii 34","niŋ[thing]N u[ten]NU giŋ[unit]N","{ŋeš}niŋ₂ u giŋ₄",0,"niŋ[thing]N_u[ten]NU_giŋ[unit]N"
"P346714",40,"r ii 08'","eme[tongue]N apin[plow]N","{ŋeš}eme apin",0,"eme[tongue]N_apin[plow]N"
"Q000039",499,"447","apin[plow]N saŋ[head]N e[leave]V/i","{ŋeš}apin saŋ e₃",0,"apin[plow]N_saŋ[head]N_e[leave]V/i"
"P370399",166,"o v 20'","gazinbu[pole]N","{ŋeš}gazinbu(BU)",0,"gazinbu[pole]N"
"P271320",39,"r i' 6'","kun[tail]N gigir[chariot]N","{ŋeš}kun gigir",0,"kun[tail]N_gigir[chariot]N"
"P247864",47,"o i 44","usuh[tree]N","{ŋeš}u₃-suh₅(EŠ₂)",0,"usuh[tree]N"
"P332934",12,"o i 8","ŋešgana[tree]N giggi[black]V/i","ŋeš-kin₂ giggi",0,"ŋešgana[tree]N_giggi[black]V/i"
"P250736",78,"o iii 12","gigur[container]N amuš[unmng]N","gi-gur a-muš",0,"gigur[container]N_amuš[unmng]N"
"P247864",223,"o iv 34","zara[pivot]N x[NA]NA ig[door]N","{ŋeš}za-ra x ig",0,"zara[pivot]N_x[NA]NA_ig[door]N"
"Q000039",263,"227","ŋešdi[rung]N ŋešnud[bed]N","ŋeš-di₅ nud",0,"ŋešdi[rung]N_ŋešnud[bed]N"
"P253866",77,"o iii 10'","{ŋeš}a[NA]NA in-x-x[NA]NA","{ŋeš}a in-x-x",0,"{ŋeš}a[NA]NA_in-x-x[NA]NA"
"Q000001",403,"402","uzu[flesh]N","uzu",0,"uzu[flesh]N"
"Q000039",580,"523","ŋeš[tree]N šanabi[two-thirds]N sila[unit]N","ŋeš šanabi sila₃",0,"ŋeš[tree]N_šanabi[two-thirds]N_sila[unit]N"
"P370399",68,"o iii 7'","guza[chair]N kimah[grave]N","{ŋeš}gu-za ki-mah",0,"guza[chair]N_kimah[grave]N"
"P459217",75,"iii 25","ŋešnimbar[palm]N Dilmun[1]GN","{ŋeš}ŋešnimbar dilmun-na",0,"ŋešnimbar[palm]N_Dilmun[1]GN"
"P273880",247,"b ii 40","bariga[unit]N","{ŋeš}ba-ri₂-ga",0,"bariga[unit]N"
"P250736",70,"o iii 4","kid[mat]N titab[~beer]N","{gi}kid titab₂",0,"kid[mat]N_titab[~beer]N"
"P388265",33,"ii 16","isimu[sprout]N","{ŋeš}isi₂-mu₂",0,"isimu[sprout]N"
"P346714",81,"r iii 03'","ellag[ball]N","{ŋeš}ellag",0,"ellag[ball]N"
"P271301",207,"o iv 41","samazum[tree]N","{ŋeš}sa-ma-zum",0,"samazum[tree]N"
"P437074",60,"b ii 3'","ila[elevation]N","{ŋeš}i-il₃",0,"ila[elevation]N"
"P250736",260,"r iii 21","zagšela[container]N","{dug}zag-še₃-la₂",0,"zagšela[container]N"
"P273880",77,"a iii 8'","{ŋeš}lu₂-DU[NA]NA margida[cart]N","{ŋeš}lu₂-DU mar-gid₂-da",0,"{ŋeš}lu₂-DU[NA]NA_margida[cart]N"
"P347516",4,"o 3","ŋešnud[bed]N kinud[bedroom]N","ŋeš-nud ki-nud",0,"ŋešnud[bed]N_kinud[bedroom]N"
"P273880",655,"d i 38'","{ŋeš}TU-TU[NA]NA","{ŋeš}TU-TU",0,"{ŋeš}TU-TU[NA]NA"
"P447996",218,"r iii 19","x-la[NA]NA ma[ship]N","x-la ma₂",0,"x-la[NA]NA_ma[ship]N"
"P250361",10,"o 8'","guza[chair]N kaskal[way]N","{ŋeš}gu-za kaskal",0,"guza[chair]N_kaskal[way]N"
"Q000039",644,"578","nisakar[agricultural-tool]N","{ŋeš}ni₃-sakar",0,"nisakar[agricultural-tool]N"
"P271911",206,"o iii 48'","u[ride]V/t ŋušur[harrow]N","u₅ niŋ₂-gan₂-ur₃",0,"u[ride]V/t_ŋušur[harrow]N"
"P128345",3,"o 2","garig[comb]N siki-siki[NA]NA","{ŋeš}ga-rig₂ siki-siki",0,"garig[comb]N_siki-siki[NA]NA"
"P273712",15,"r i 5","al[hoe]N zu[tooth]N","{ŋeš}al zu₂",0,"al[hoe]N_zu[tooth]N"
"P447996",161,"r i 43","mud[stump]N gaz[kill]V/t ŋešnimbar[palm]N","{ŋeš}mud gaz ŋešnimbar",0,"mud[stump]N_gaz[kill]V/t_ŋešnimbar[palm]N"
"P388265",86,"iv 3","numun[seed]N asal[poplar]N","{ŋeš}numun asal₂",0,"numun[seed]N_asal[poplar]N"
"P346714",171,"r v 07'","mar[shovel]N urud[copper]N","{ŋeš}mar urud",0,"mar[shovel]N_urud[copper]N"
"P271301",305,"r i 33","ŋešnud[bed]N umbin[nail]N gud[ox]N","ŋeš-nud umbin gud",0,"ŋešnud[bed]N_umbin[nail]N_gud[ox]N"
"Q000001",349,"349","nim[fly]N urgir[dog]N","nim ur-gir₁₅",0,"nim[fly]N_urgir[dog]N"
"P273880",512,"c ii 57","ŋešnimbar[palm]N suhuš[offshoot]N","{ŋeš}ŋešnimbar suhušₓ(TUR)",0,"ŋešnimbar[palm]N_suhuš[offshoot]N"
"P388265",383,"r vi 24","ba[tool]N","{ŋeš}ba",0,"ba[tool]N"
"P273880",596,"c iv 30","gur[rim]N bandudu[basket]N","{ŋeš}gur₂ ba-an-du₈",0,"gur[rim]N_bandudu[basket]N"
"P388265",171,"r i 49","margida[cart]N","{ŋeš}mar-gid₂-da",0,"margida[cart]N"
"P247864",67,"o ii 4","nurma[pomegranate]N","{ŋeš}nu-ur₂-ma",0,"nurma[pomegranate]N"
"P388265",246,"r iii 25","ŋešnud[bed]N umbin[nail]N sal[thin]V/i","ŋeš-nud umbin sal",0,"ŋešnud[bed]N_umbin[nail]N_sal[thin]V/i"
"P235262",75,"d i 18'","ma[ship]N u[ten]NU gur[unit]N","{ŋeš}ma₂ u gur",0,"ma[ship]N_u[ten]NU_gur[unit]N"
"P459218",30,"o ii 9'","{ŋeš}il₂-sik₂[NA]NA","{ŋeš}il₂-sik₂",0,"{ŋeš}il₂-sik₂[NA]NA"
"P459226",18,"o i 15'","hašhur[apple]N kurdilum[fruit-tree]N","{ŋeš}hašhur kur-di-lum",0,"hašhur[apple]N_kurdilum[fruit-tree]N"
"P388265",271,"r iv 11","dilim[spoon]N tunbar[moustache]N","{ŋeš}dilim₂ tun₃-bar",0,"dilim[spoon]N_tunbar[moustache]N"
"P429503",152,"r ii' 28'","umbin[wheel]N","{ŋeš}umbin",0,"umbin[wheel]N"
"P332930",23,"r 2","ma[ship]N sig[weak]V/i ma-zi-ig[NA]NA","{ŋeš}ma₂ sig ma-zi-ig",0,"ma[ship]N_sig[weak]V/i_ma-zi-ig[NA]NA"
"P388265",290,"r iv 30","{ŋeš}šu-mi-x[NA]NA","{ŋeš}šu-mi-x",0,"{ŋeš}šu-mi-x[NA]NA"
"P271911",524,"r iii 53","ubila[charcoal]N","u₅-bil₂-la₂",0,"ubila[charcoal]N"
"P347814",93,"b i 18'","{ŋeš}x-KA[NA]NA apin[plow]N","{ŋeš}x-KA apin",0,"{ŋeš}x-KA[NA]NA_apin[plow]N"
"P247864",109,"o ii 46","{ŋeš}x-zi[NA]NA BAD-x[NA]NA","{ŋeš}x-zi BAD-x",0,"{ŋeš}x-zi[NA]NA_BAD-x[NA]NA"
"P271911",557,"unknown","unknown","unknown",1,"unknown"
"P273880",656,"d i 39'","{ŋeš}x[NA]NA tur[small]V/i","{ŋeš}x tur",0,"{ŋeš}x[NA]NA_tur[small]V/i"
"P447996",2,"unknown","unknown","unknown",999,"unknown"
"P250736",70,"o iii 4","kid[mat]N titab[~beer]N","{gi}kid titab₂",0,"kid[mat]N_titab[~beer]N"
"P253233",52,"r ii 2'","lamtur[nut]N","{ŋeš}lam-tur",0,"lamtur[nut]N"
"P250736",81,"o iii 15","gigur[container]N ara[grind]V/t","gi-gur ar₃-ra",0,"gigur[container]N_ara[grind]V/t"
"P228105",27,"unknown","unknown","unknown",999,"unknown"
"P271911",456,"r ii 56","gam[haft]N ŋiri[dagger]N","kin ŋiri₂",0,"gam[haft]N_ŋiri[dagger]N"
"P429503",103,"r i' 7'","{ŋeš}x[NA]NA","{ŋeš}x",0,"{ŋeš}x[NA]NA"
"P273880",509,"c ii 54","{ŋeš}x-x[NA]NA aga[ax]N","{ŋeš}x-x aga",0,"{ŋeš}x-x[NA]NA_aga[ax]N"
"P370399",136,"o iv 33'","ig[door]N uma[triumph]N","{ŋeš}ig u₃-ma",0,"ig[door]N_uma[triumph]N"
"P459217",162,"r iii 19","guza[chair]N niŋniŋina[assembly]N","{ŋeš}gu-za niŋ₂-niŋin₂-na",0,"guza[chair]N_niŋniŋina[assembly]N"
"Q000039",207,"173","guza[chair]N namen[priesthood]N","{ŋeš}gu-za nam-en",0,"guza[chair]N_namen[priesthood]N"
"P273880",187,"b i 37'","ŋešnud[bed]N {ŋeš}x[NA]NA","ŋeš-nud {ŋeš}x",0,"ŋešnud[bed]N_{ŋeš}x[NA]NA"
"P247864",12,"o i 9","šagkal[tree]N","{ŋeš}šag₄-kal",0,"šagkal[tree]N"
"P271771",123,"r ii 10'","maštakda[wooden-object]N","{ŋeš}maš-tak-didli",0,"maštakda[wooden-object]N"
"P273880",81,"a iii 12'","gaba[chest]N gigir[chariot]N","{ŋeš}gaba gigir",0,"gaba[chest]N_gigir[chariot]N"
"P271911",599,"r iv 54","x[NA]NA","x",0,"x[NA]NA"
"P459216",14,"i 12","ŋeštinkaʾa[grape]N","{ŋeš}ŋeštin-ka₅-a",0,"ŋeštinkaʾa[grape]N"
"Q000001",216,"216","ab[cow]N šag[heart]N sur[press]V/t","ab₂ šag₄ sur",0,"ab[cow]N_šag[heart]N_sur[press]V/t"
"P332934",291,"r iii 18","ma[ship]N x[NA]NA","{ŋeš}ma₂ x",0,"ma[ship]N_x[NA]NA"
"P347814",121,"b ii 5'","ŋidru[scepter]N harmušen[snare]N","{ŋeš}ŋidru har-mušen-na",0,"ŋidru[scepter]N_harmušen[snare]N"
"P346714",64,"r ii 32'","sa[sinew]N ŋušur[harrow]N","{ŋeš}sa gana₂-ur₃",0,"sa[sinew]N_ŋušur[harrow]N"
"P388265",391,"r vi 32","banšur[table]N","{ŋeš}banšurₓ(|URU×IGI|){zabar}",0,"banšur[table]N"
"P228105",16,"unknown","unknown","unknown",999,"unknown"
"P253228",45,"r i 9","dada[tree]N","{ŋeš}da-da",0,"dada[tree]N"
"P459217",19,"i 18'","šinig[tamarisk]N","{ŋeš}šinig",0,"šinig[tamarisk]N"
"P447996",90,"o v 15","nurma[pomegranate]N ka-ŋar-ra[NA]NA","{ŋeš}nu-ur₂-ma ka-ŋar-ra",0,"nurma[pomegranate]N_ka-ŋar-ra[NA]NA"
"P273880",360,"b iv 23","ŋidru[scepter]N harmušen[snare]N","{ŋeš}ŋidru har-mušen-na",0,"ŋidru[scepter]N_harmušen[snare]N"
"P332934",131,"o ii 48","girim[flower]N","{ŋeš}gi-rim",0,"girim[flower]N"
"P459226",34,"o ii 14'","manu[wood]N šu[hand]N ak[do]V/t","{ŋeš}ma-nu šu ak",0,"manu[wood]N_šu[hand]N_ak[do]V/t"
"P347814",113,"b i 43'","gu[neck]N zirigum[irrigation-device]N","{ŋeš}gu₂ zi-ri₂-gum",0,"gu[neck]N_zirigum[irrigation-device]N"
"P271771",85,"o v 15","{ŋeš}u₃-ŋa₂-la₂[NA]NA","{ŋeš}u₃-ŋa₂-la₂",0,"{ŋeš}u₃-ŋa₂-la₂[NA]NA"
"P235262",23,"unknown","unknown","unknown",999,"unknown"
"P388265",276,"r iv 16","ig[door]N","{ŋeš}ig",0,"ig[door]N"
"P247864",374,"o vi 58","{ŋeš}gu₂-bar-ra[NA]NA simug[smith]N","{ŋeš}gu₂-bar-ra simug",0,"{ŋeš}gu₂-bar-ra[NA]NA_simug[smith]N"
"P347814",159,"c i 14'","zigan[rudder]N","{ŋeš}zi-gan",0,"zigan[rudder]N"
"P247864",202,"o iv 13","{ŋeš}x-x-x[NA]NA","{ŋeš}x-x-x",0,"{ŋeš}x-x-x[NA]NA"
"P271911",541,"r iv 11","x[NA]NA","x",0,"x[NA]NA"
"P271911",140,"o ii 59","dilim[spoon]N ŋešrin[scales]N","dilim₂ rin₂",0,"dilim[spoon]N_ŋešrin[scales]N"
"Q000001",425,"424","uzu[flesh]N si[horn]N masila[heel]N","uzu si ma-sila₃",0,"uzu[flesh]N_si[horn]N_masila[heel]N"
"P271301",304,"r i 32","ŋešnud[bed]N umbin[nail]N","ŋeš-nud umbin",0,"ŋešnud[bed]N_umbin[nail]N"
"P247864",225,"o iv 36","saŋkul[bolt]N ig[door]N","{ŋeš}sag-gul ig",0,"saŋkul[bolt]N_ig[door]N"
"P492330",41,"unknown","unknown","unknown",999,"unknown"
"P271911",33,"o i 23'","nukušu[~door]N kita[lower]AJ","nu-kuš₂ ki-ta",0,"nukušu[~door]N_kita[lower]AJ"
"P459216",55,"ii 23","elammakum[tree]N","{ŋeš}e-lam-ma-kum",0,"elammakum[tree]N"
"Q000039",399,"355","DUB.du₃[~vehicle]N bar[outside]V/t","{ŋeš}kišib₃-du₃ bar",0,"DUB.du₃[~vehicle]N_bar[outside]V/t"
"P272243",10,"o i' 6'","x[NA]NA","x",0,"x[NA]NA"
"P271301",40,"o i 37","peš[fig]N šergu[string]N","{ŋeš}peš₃ še-er-kum",0,"peš[fig]N_šergu[string]N"
"Q000001",219,"219","ab[cow]N si[horn]N ŋal[be]V/i","ab₂ si ŋal₂",0,"ab[cow]N_si[horn]N_ŋal[be]V/i"
"P271301",211,"o iv 45","zarsi[plant]N","{ŋeš}zar",0,"zarsi[plant]N"
"P271301",229,"o v 2'","{ŋeš}x[NA]NA","{ŋeš}x",0,"{ŋeš}x[NA]NA"
"P346714",73,"r ii 41'","nura[~loom]N","{ŋeš}nir-ra",0,"nura[~loom]N"
"X100003",30,"r 14","peš[fig]N Martu[1]GN","{ŋeš}peš₃ mar-tu{ki}",0,"peš[fig]N_Martu[1]GN"
"P253230",12,"o i 7","apin[plow]N šudu[equipped]AJ","{ŋeš}apin šu-du₇",0,"apin[plow]N_šudu[equipped]AJ"
"P347814",41,"a ii 12'","{ŋeš}x[NA]NA","{ŋeš}x",0,"{ŋeš}x[NA]NA"
"P447996",96,"o v 21","šagkal[tree]N","{ŋeš}šag₄-kal",0,"šagkal[tree]N"
"P437074",112,"unknown","unknown","unknown",999,"unknown"
"Q000001",392,"391","dadamul[animal]N","da-da-mul",0,"dadamul[animal]N"
"P251686",12,"unknown","unknown","unknown",2,"unknown"
"P250364",27,"o ii 2","gag[nail]N umbin[wheel]N margida[cart]N","{ŋeš}gag umbin mar-gid₂-da",0,"gag[nail]N_umbin[wheel]N_margida[cart]N"
"P332934",291,"r iii 18","ma[ship]N x[NA]NA","{ŋeš}ma₂ x",0,"ma[ship]N_x[NA]NA"
"P229426",2,"o 1","la[hang]V/t la-a[NA]NA LA₂[NA]NA","la₂ la-a LA₂",0,"la[hang]V/t_la-a[NA]NA_LA₂[NA]NA"
"P388265",119,"iv 36","suhur[tuft]N ŋešnimbar[palm]N","{ŋeš}suhur ŋešnimbar",0,"suhur[tuft]N_ŋešnimbar[palm]N"
"P271911",137,"unknown","unknown","unknown",1,"unknown"
"P273880",465,"c ii 9","tug[textile]N ma[ship]N","{ŋeš}tug₂ ma₂",0,"tug[textile]N_ma[ship]N"
"Q000039",239,"203","umbin[base]N guza[chair]N","{ŋeš}umbin gu-za",0,"umbin[base]N_guza[chair]N"
"P250364",154,"r iii 20'","{ŋeš}še-x-da-ne[NA]NA","{ŋeš}še-x-da-ne",0,"{ŋeš}še-x-da-ne[NA]NA"
"P253866",65,"o ii 29'","{ŋeš}x[NA]NA guza[chair]N","{ŋeš}x gu-za",0,"{ŋeš}x[NA]NA_guza[chair]N"
"Q000001",137,"137","maš[goat]N zu[tooth]N rah[beat]V/t","maš₂ zu₂ ra-ah",0,"maš[goat]N_zu[tooth]N_rah[beat]V/t"
"P271771",50,"o iv 6","šag[heart]N ŋešnimbar[palm]N","{ŋeš}šag₄ ŋešnimbar",0,"šag[heart]N_ŋešnimbar[palm]N"
"P332934",246,"o iv 17'","mašgurum[plant]N","{ŋeš}maš-gurum-ma",0,"mašgurum[plant]N"
"P346714",109,"r iii 31'","al[hoe]N saŋ[head]N ŋal[be]V/i","{ŋeš}al saŋ ŋal₂",0,"al[hoe]N_saŋ[head]N_ŋal[be]V/i"
"P389437",4,"o 3","ŋeš[tree]N min[two]NU giŋ[unit]N","ŋeš min giŋ₄",0,"ŋeš[tree]N_min[two]NU_giŋ[unit]N"
"P429503",79,"o iii 18","ŋešnimbar[palm]N x[NA]NA","{ŋeš}ŋešnimbar x",0,"ŋešnimbar[palm]N_x[NA]NA"
"P273880",638,"d i 18'","kun[tail]N niŋ₂-il₂[NA]NA","{ŋeš}kun niŋ₂-il₂",0,"kun[tail]N_niŋ₂-il₂[NA]NA"
"P271911",171,"o iii 18'","niŋŋeštug[~plow]N apin[plow]N","niŋ₂-ŋeštug apin",0,"niŋŋeštug[~plow]N_apin[plow]N"
"Q000039",325,"287","ma[ship]N tur[small]V/i","{ŋeš}ma₂ tur",0,"ma[ship]N_tur[small]V/i"
"P271301",424,"r iv 5","gigir[chariot]N x[NA]NA sa₂-ab[NA]NA","{ŋeš}gigir x sa₂-ab",0,"gigir[chariot]N_x[NA]NA_sa₂-ab[NA]NA"
"Q000001",243,"243","anše[equid]N KA-x[NA]NA","anše KA-x",0,"anše[equid]N_KA-x[NA]NA"
"P250363",3,"o 2'","ig[door]N šu-ur₂-tum[NA]NA","{ŋeš}ig šu-ur₂-tum",0,"ig[door]N_šu-ur₂-tum[NA]NA"
"P459216",53,"ii 21","šurmen[cypress]N","{ŋeš}šu-ur₂-min₃",0,"šurmen[cypress]N"
"P271771",98,"r i 4'","izzi[wall]N guza[chair]N","{ŋeš}i-zi gu-za",0,"izzi[wall]N_guza[chair]N"
"P235262",70,"d i 13'","ma[ship]N ninnu[fifty]NU gur[unit]N","{ŋeš}ma₂ ninnu gur",0,"ma[ship]N_ninnu[fifty]NU_gur[unit]N"
"P447996",212,"r iii 13","x[NA]NA ma[ship]N","x ma₂",0,"x[NA]NA_ma[ship]N"
"P459226",8,"o i 5'","ŋešgana[tree]N babbar[white]V/i","ŋeš-kin₂ babbar",0,"ŋešgana[tree]N_babbar[white]V/i"
"P347814",102,"unknown","unknown","unknown",1,"unknown"
"P247864",409,"o vii 28'","{ŋeš}sukud[NA]NA x[NA]NA RU[NA]NA","{ŋeš}sukud x RU",0,"{ŋeš}sukud[NA]NA_x[NA]NA_RU[NA]NA"
"P388265",406,"r vi 50","{ŋeš}ur-x-x[NA]NA","{ŋeš}ur-x-x",0,"{ŋeš}ur-x-x[NA]NA"
"P459216",55,"ii 23","elammakum[tree]N","{ŋeš}e-lam-ma-kum",0,"elammakum[tree]N"
"P437074",91,"b ii 15''","guza[chair]N izzi[wall]N x[NA]NA","{ŋeš}gu-za i-zi x",0,"guza[chair]N_izzi[wall]N_x[NA]NA"
"P253866",103,"r i 6","illar[weapon]N eban[pair]N","{ŋeš}illar e₂-ba-an-na",0,"illar[weapon]N_eban[pair]N"
"P271301",289,"r i 17","šuʾa[stool]N","{ŋeš}šuaₓ(|ŠU₂×(A.DIŠ)|)",0,"šuʾa[stool]N"
"Q000001",326,"326","azalulu[multitude]N","a-za-lu-lu",0,"azalulu[multitude]N"
"P459216",186,"r iv 18'","umbin[wheel]N margida[cart]N","{ŋeš}umbin mar-gid₂-da",0,"umbin[wheel]N_margida[cart]N"
"P459217",10,"i 9'","hašhur[apple]N","{ŋeš}hašhur",0,"hašhur[apple]N"
"P235262",37,"c ii 10'","{ŋeš}x[NA]NA banšur[table]N","{ŋeš}x banšur",0,"{ŋeš}x[NA]NA_banšur[table]N"
"P388265",352,"r v 42","illar[weapon]N du[build]V/t","{ŋeš}illar du₃",0,"illar[weapon]N_du[build]V/t"
"P253233",7,"o i 2","dilim[spoon]N kag[mouth]N","{ŋeš}dilim₂ ka",0,"dilim[spoon]N_kag[mouth]N"
"Q000039",353,"311","{ŋeš}uš₂[NA]NA madu[~boat]N","{ŋeš}uš₂ ma₂-du₃",0,"{ŋeš}uš₂[NA]NA_madu[~boat]N"
"P229426",40,"r ii 14","magur[barge]N nu-ub-x[NA]NA","{ŋeš}ma₂-gur₈ nu-ub-x",0,"magur[barge]N_nu-ub-x[NA]NA"
"P459218",27,"o ii 6'","ŋešgina[~loom]N","{ŋeš}niŋ₂-gi-na",0,"ŋešgina[~loom]N"
"P332934",397,"r iv 31'","x[NA]NA margida[cart]N","x mar-gid₂-da",0,"x[NA]NA_margida[cart]N"
"P429503",64,"o iii 3","ilianum[tree]N","{ŋeš}i-li-ia-nu-um",0,"ilianum[tree]N"
"P346714",155,"r iv 38'","pana[bow]N","{ŋeš}pana",0,"pana[bow]N"
"P273880",521,"c iii 6","zena[midrib]N ŋešnimbar[palm]N","{ŋeš}ze₂-na ŋešnimbar",0,"zena[midrib]N_ŋešnimbar[palm]N"
"P388265",219,"r ii 47","guza[chair]N šuniŋin[total]N","{ŋeš}gu-za šu-niŋin₂",0,"guza[chair]N_šuniŋin[total]N"
"P332930",9,"o 7","ma[ship]N ri₂-ga[NA]NA","{ŋeš}ma₂ ri₂-ga",0,"ma[ship]N_ri₂-ga[NA]NA"
"P253866",12,"o i 7'","{ŋeš}x[NA]NA |SAG×X|[NA]NA","{ŋeš}x |SAG×X|",0,"{ŋeš}x[NA]NA_|SAG×X|[NA]NA"
"P228105",16,"unknown","unknown","unknown",999,"unknown"
"P271911",52,"o i 35'","eš[rope]N aškud[~door]N","eš₂ aškudₓ(|A₂.ZA.AN.MUŠ₃|)",0,"eš[rope]N_aškud[~door]N"
"P273880",592,"c iv 26","gam[crook]N x-x[NA]NA","{ŋeš}gam₃ x-x",0,"gam[crook]N_x-x[NA]NA"
"P437074",124,"b iii 10''","bad[leg]N guza[chair]N","{ŋeš}bad gu-za",0,"bad[leg]N_guza[chair]N"
"P253238",30,"r 7","ŋipar[tree]N","{ŋeš}ŋi₆-par₄",0,"ŋipar[tree]N"
"P247864",370,"o vi 54","{ŋeš}bil₂-ga[NA]NA","{ŋeš}bil₂-ga",0,"{ŋeš}bil₂-ga[NA]NA"
"P332939",53,"r i' 12'","gigir[chariot]N x[NA]NA","{ŋeš}gigir x",0,"gigir[chariot]N_x[NA]NA"
"Q000001",419,"418","uzu[flesh]N gumur[spine]N","uzu gu₂-mur₇",0,"uzu[flesh]N_gumur[spine]N"
"P388265",435,"t.e. iii 7","{ŋeš}x[NA]NA","{ŋeš}x",0,"{ŋeš}x[NA]NA"
"P253896",4,"o 3","isimu[sprout]N","{ŋeš}isimu₃{+mu₂}",0,"isimu[sprout]N"
"P447996",24,"o iii 20","ildag[poplar]N kur[mountain]N","{ŋeš}ildag₂ kur",0,"ildag[poplar]N_kur[mountain]N"
"P253230",29,"o ii 7","apin[plow]N šudu[equipped]AJ","{ŋeš}apin šu-du₇",0,"apin[plow]N_šudu[equipped]AJ"
"Q000039",725,"653","halba[bucket]N","{ŋeš}halba₅",0,"halba[bucket]N"
"P447996",202,"r ii 39","ma[ship]N addir[ferry]N","{ŋeš}ma₂ addir",0,"ma[ship]N_addir[ferry]N"
"P271771",61,"o iv 17","su[fibers]N sig[weak]V/i ŋešnimbar[palm]N","{ŋeš}su₁₁ sig₂ ŋešnimbar",0,"su[fibers]N_sig[weak]V/i_ŋešnimbar[palm]N"
"P271911",356,"r i 40'","mar[shovel]N ninda[bread]N","mar ninda",0,"mar[shovel]N_ninda[bread]N"
"P429503",94,"unknown","unknown","unknown",999,"unknown"
"P235262",112,"d ii 17'","dub[knee]N bar[outside]V/t margida[cart]N","{ŋeš}dub₃ bar mar-gid₂-da",0,"dub[knee]N_bar[outside]V/t_margida[cart]N"
"P349893",1,"1","ma[ship]N","{ŋeš}ma₂",0,"ma[ship]N"
"P228096",10,"o i 8","nisiki[comb]N","{ŋeš}UMBIN",0,"nisiki[comb]N"
"P273880",715,"d iii 6'","zana[doll]N","{ŋeš}za-na",0,"zana[doll]N"
"P459218",25,"o ii 4'","tugtug[~loom]N","{ŋeš}KU-KU",0,"tugtug[~loom]N"
"P250364",132,"r ii 17'","kur[wood]N","{ŋeš}kur",0,"kur[wood]N"
"P459216",24,"i 22","šenu[tree]N","{ŋeš}še-nu",0,"šenu[tree]N"
"P332930",23,"r 2","ma[ship]N sig[weak]V/i ma-zi-ig[NA]NA","{ŋeš}ma₂ sig ma-zi-ig",0,"ma[ship]N_sig[weak]V/i_ma-zi-ig[NA]NA"
"P271301",47,"o i 44","hašhur[apple]N damšelum[plant]N","{ŋeš}hašhur dam-ši-lum",0,"hašhur[apple]N_damšelum[plant]N"
"Q000039",105,"84","{ŋeš}KU[NA]NA kiri[orchard]N ŋešnimbar[palm]N","{ŋeš}KU {ŋeš}kiri₆ ŋešnimbar",0,"{ŋeš}KU[NA]NA_kiri[orchard]N_ŋešnimbar[palm]N"
"P370399",8,"o i 5'","x[NA]NA ŋešnimbar[palm]N","x ŋešnimbar",0,"x[NA]NA_ŋešnimbar[palm]N"
"P253238",38,"r 15","KID.da[twig]N","{ŋeš}KID-da",0,"KID.da[twig]N"
"P229426",30,"r ii 4","ma[ship]N u[ten]NU gur[unit]N","{ŋeš}ma₂ u gur",0,"ma[ship]N_u[ten]NU_gur[unit]N"
"P347814",145,"unknown","unknown","unknown",4,"unknown"
"Q000039",15,"13","hašhur[apple]N","{ŋeš}hašhur",0,"hašhur[apple]N"
"P271771",64,"o iv 20","{ŋeš}lagab[NA]NA ŋešnimbar[palm]N","{ŋeš}lagab ŋešnimbar",0,"{ŋeš}lagab[NA]NA_ŋešnimbar[palm]N"
"P388265",134,"r i 12","šu[hand]N burud[perforate]V/t apin[plow]N","{ŋeš}šu bur₃-bur₃ apin",0,"šu[hand]N_burud[perforate]V/t_apin[plow]N"
"Q000001",255,"255","eme[donkey]N šag[heart]N","eme₅ šag₄",0,"eme[donkey]N_šag[heart]N"
"P250736",209,"r ii 13","gir[jar]N","{dug}gir₉",0,"gir[jar]N"
"P437074",118,"b iii 4''","{ŋeš}x[NA]NA","{ŋeš}x",0,"{ŋeš}x[NA]NA"
"P273880",274,"b ii 67","banšur[table]N murzanum[wooden-object]N","{ŋeš}banšurₓ(|URU×IGI.URUDA|) u₄-ru-za-nu-um",0,"banšur[table]N_murzanum[wooden-object]N"
"P250736",231,"r ii 35","burzi[bowl]N tunbar[moustache]N","{dug}bur-zi tun₃-bar",0,"burzi[bowl]N_tunbar[moustache]N"
"P273880",103,"a iii 42'","x[NA]NA","x",0,"x[NA]NA"
"P250364",100,"unknown","unknown","unknown",999,"unknown"
"P273880",257,"b ii 50","{ŋeš}$GIR₃[NA]NA","{ŋeš}$GIR₃",0,"{ŋeš}$GIR₃[NA]NA"
"P250364",73,"o iv 13","al[hoe]N zu[tooth]N","{ŋeš}al zu₂",0,"al[hoe]N_zu[tooth]N"
"P388265",375,"r vi 16","emerah[jug]N gal[big]V/i","{ŋeš}emerah gal",0,"emerah[jug]N_gal[big]V/i"
"P225065",5,"o i 2","ig[door]N x[NA]NA","{ŋeš}ig x",0,"ig[door]N_x[NA]NA"
"P271771",68,"o iv 24","x[NA]NA x[NA]NA ŋešnimbar[palm]N","x x ŋešnimbar",0,"x[NA]NA_x[NA]NA_ŋešnimbar[palm]N"
"P271301",274,"r i 2","guza[chair]N x[NA]NA","{ŋeš}gu-za x",0,"guza[chair]N_x[NA]NA"
"P253228",76,"r ii 15'","hašhur[apple]N","{ŋeš}hašhur",0,"hašhur[apple]N"
"P332934",49,"o i 45","hašhur[apple]N še[barley]N kud[cut]V/t","{ŋeš}hašhur še kud",0,"hašhur[apple]N_še[barley]N_kud[cut]V/t"
"P459217",38,"ii 14'","ŋipar[tree]N","{ŋeš}ŋi₆-par₄",0,"ŋipar[tree]N"
"P247864",355,"o vi 39","al[hoe]N","{ŋeš}al",0,"al[hoe]N"
"Q000001",328,"328","niŋziŋal[living-creature]N eden[back]N","niŋ₂-zi-ŋal₂ eden",0,"niŋziŋal[living-creature]N_eden[back]N"
"P253927",2,"o 1","taškarin[boxwood]N","{ŋeš}taškarin",0,"taškarin[boxwood]N"
"P235262",92,"d i 35'","x[NA]NA gigir[chariot]N","x gigir",0,"x[NA]NA_gigir[chariot]N"
"P437074",174,"c ii 7'","buniŋ[trough]N x[NA]NA","{ŋeš}buniŋ x",0,"buniŋ[trough]N_x[NA]NA"
"P250736",273,"r iii 34","šurin[oven]N","{im}šu-rin",0,"šurin[oven]N"
"P447996",201,"r ii 38","ma[ship]N sil[split]V/i","{ŋeš}ma₂ zil",0,"ma[ship]N_sil[split]V/i"
"P250736",103,"o iii 37","bisaŋ[basket]N","{gi}bisaŋ",0,"bisaŋ[basket]N"
"Q000001",109,"109","u[ewe]N šagpeš[pregnant]AJ","u₈ šag₄-peš₄",0,"u[ewe]N_šagpeš[pregnant]AJ"
"P332934",223,"o iii 61","hara[shoot]N ŋešnimbar[palm]N","{ŋeš}ha-ra ŋešnimbar",0,"hara[shoot]N_ŋešnimbar[palm]N"
"P271911",583,"unknown","unknown","unknown",1,"unknown"
"P429503",77,"o iii 16","ŋešnimbar[palm]N x-x[NA]NA","{ŋeš}ŋešnimbar x-x",0,"ŋešnimbar[palm]N_x-x[NA]NA"
"P253228",24,"o ii 5","al[hoe]N zu[tooth]N min[two]NU","{ŋeš}al zu₂ min",0,"al[hoe]N_zu[tooth]N_min[two]NU"
"Q000039",259,"223","zag[side]N andul[shade]N ŋešnud[bed]N","{ŋeš}zag an-dul₃ nud",0,"zag[side]N_andul[shade]N_ŋešnud[bed]N"
"Q000039",381,"338","mud[tube]N gigir[chariot]N","{ŋeš}mud gigir",0,"mud[tube]N_gigir[chariot]N"
"P271911",49,"unknown","unknown","unknown",1,"unknown"
"P459217",20,"i 19'","šinig[tamarisk]N kur[mountain]N","{ŋeš}šinig kur",0,"šinig[tamarisk]N_kur[mountain]N"
"P271301",124,"o iii 12","mirišŋara[tree]N","{ŋeš}mi-ri-iš-ma-nu",0,"mirišŋara[tree]N"
"P250736",93,"o iii 27","gurdub[basket]N x-x[NA]NA","{gi}gur-dub x-x",0,"gurdub[basket]N_x-x[NA]NA"
"P271911",93,"o ii 19","e[house]N balak[spindle]N","e₂ balak",0,"e[house]N_balak[spindle]N"
"P447996",10,"o iii 6'","allanum[oak]N","{ŋeš}al-la-nu-um",0,"allanum[oak]N"
"P253228",37,"r i 1","x[NA]NA","x",0,"x[NA]NA"
"P247864",40,"o i 37","KID.da[twig]N","{ŋeš}KID-da",0,"KID.da[twig]N"
"P273880",128,"unknown","unknown","unknown",10,"unknown"
"P459217",162,"r iii 19","guza[chair]N niŋniŋina[assembly]N","{ŋeš}gu-za niŋ₂-niŋin₂-na",0,"guza[chair]N_niŋniŋina[assembly]N"
"P271911",212,"o iii 53'","al[hoe]N saŋ[head]N","al saŋ",0,"al[hoe]N_saŋ[head]N"
"P271549",14,"9'","x[NA]NA","x",0,"x[NA]NA"
"P253233",68,"r ii 18'","hašhur[apple]N","{ŋeš}hašhur",0,"hašhur[apple]N"
"P429503",126,"r ii' 2'","ma[ship]N Idnirŋal[1]ON","{ŋeš}ma₂ {d}id₂-nir-ŋal₂",0,"ma[ship]N_Idnirŋal[1]ON"
"P271911",565,"unknown","unknown","unknown",1,"unknown"
"P250736",292,"r iv 10","im[clay]N dul[cover]V/t","im dul",0,"im[clay]N_dul[cover]V/t"
"P250364",119,"r ii 4'","magaz[bench]N","{ŋeš}ma-gaz",0,"magaz[bench]N"
"P437074",171,"c ii 4'","buniŋ[trough]N","{ŋeš}buniŋ",0,"buniŋ[trough]N"
"P273880",601,"c iv 35","tulubum[tree]N","{ŋeš}dili-bu",0,"tulubum[tree]N"
"Q000039",85,"67","ŋešnimbar[palm]N kur[mountain]N","{ŋeš}ŋešnimbar kur",0,"ŋešnimbar[palm]N_kur[mountain]N"
"P235262",125,"unknown","unknown","unknown",2,"unknown"
"X100003",20,"r 4","ŋeštinguruma[~vine]N","{ŋeš}ŋeštin-gurum-ma",0,"ŋeštinguruma[~vine]N"
"P429503",77,"o iii 16","ŋešnimbar[palm]N x-x[NA]NA","{ŋeš}ŋešnimbar x-x",0,"ŋešnimbar[palm]N_x-x[NA]NA"
"P459218",38,"o ii 18'","e[house]N balak[spindle]N","{ŋeš}e₂ balak",0,"e[house]N_balak[spindle]N"
"P459226",12,"o i 9'","peš[fig]N","{ŋeš}peš₃",0,"peš[fig]N"
"P370399",40,"o ii 13'","{ŋeš}bara₂-x[NA]NA","{ŋeš}bara₂-x",0,"{ŋeš}bara₂-x[NA]NA"
"P370399",98,"o iii 37'","leʾum[board]N apin[plow]N","{ŋeš}le apin",0,"leʾum[board]N_apin[plow]N"
"P388265",389,"r vi 30","dilim[spoon]N banšur[table]N","{ŋeš}dilim₂ banšurₓ(|URU×IGI|)",0,"dilim[spoon]N_banšur[table]N"
"P429503",173,"r iii' 16'","hara[container]N margida[cart]N","{ŋeš}ha-ra mar-gid₂-da",0,"hara[container]N_margida[cart]N"
"P271911",581,"r iv 40","dilim[spoon]N zigan[rudder]N","dilim₂ si-kam₂",0,"dilim[spoon]N_zigan[rudder]N"
"P251867",3,"o 2","Maʾašte[1]ON","{ŋeš}ma₂-aš-te",0,"Maʾašte[1]ON"
"P250363",17,"r 4","{ŋeš}ŠU[NA]NA siŋar[bolt]N","{ŋeš}ŠU si-ŋar",0,"{ŋeš}ŠU[NA]NA_siŋar[bolt]N"
"Q000039",202,"168","guza[chair]N gigir[chariot]N","{ŋeš}gu-za {ŋeš}gigir",0,"guza[chair]N_gigir[chariot]N"
"Q000001",251,"251","anše[equid]N barag[sack]N la[hang]V/t","anše barag la₂",0,"anše[equid]N_barag[sack]N_la[hang]V/t"
"Q000001",234,"234","amar[young]N giggi[black]V/i","amar giggi",0,"amar[young]N_giggi[black]V/i"
"P273880",477,"c ii 21","magaz[bench]N","{ŋeš}ma₂-gaz",0,"magaz[bench]N"
"P346714",94,"r iii 16'","malalum[container]N","{ŋeš}malla",0,"malalum[container]N"
"P253233",74,"r iii 13'","girinum[plant]N","{ŋeš}gi-ri-num₂",0,"girinum[plant]N"
"Q000039",412,"367","gag[nail]N šudul[yoke]N margida[cart]N","{ŋeš}gag šudul₄ mar-gid₂-da",0,"gag[nail]N_šudul[yoke]N_margida[cart]N"
"Q000001",218,"218","ab[cow]N šugi[senior]N","ab₂ šu-gi₄",0,"ab[cow]N_šugi[senior]N"
"P273880",555,"c iii 40","ŋešnimbar[palm]N x-x-e[NA]NA","{ŋeš}ŋešnimbar x-x-e",0,"ŋešnimbar[palm]N_x-x-e[NA]NA"
"P492330",7,"o i 5","ŋeš[tree]N sal[thin]V/i","ŋeš sal",0,"ŋeš[tree]N_sal[thin]V/i"
"P347814",32,"a ii 3'","balak[spindle]N x-x[NA]NA","{ŋeš}balak x-x",0,"balak[spindle]N_x-x[NA]NA"
"P250364",33,"o ii 8","DUB.du₃[~vehicle]N x-x[NA]NA","{ŋeš}kišib₃-du₁₀ x-x",0,"DUB.du₃[~vehicle]N_x-x[NA]NA"
"P271911",547,"r iv 15","ŋušur[beam]N","gu-šu-ur",0,"ŋušur[beam]N"
"P459217",21,"i 20'","šinig[tamarisk]N dili[single]V/i","{ŋeš}šinig dili",0,"šinig[tamarisk]N_dili[single]V/i"
"P271771",122,"r ii 9'","kaŋeškarak[table]N zu[tooth]N amsi[elephant]N","{ŋeš}ka-kara₄ zu₂ am-si",0,"kaŋeškarak[table]N_zu[tooth]N_amsi[elephant]N"
"P250736",320,"r iv 38","bad[wall]N gal[big]V/i","bad₃ gu-la",0,"bad[wall]N_gal[big]V/i"
"P347814",41,"a ii 12'","{ŋeš}x[NA]NA","{ŋeš}x",0,"{ŋeš}x[NA]NA"
"P273880",285,"b iii 9","kaŋeškarak[table]N nita[male]N","{ŋeš}ka-kara₄ nita₂",0,"kaŋeškarak[table]N_nita[male]N"
"P271771",42,"o iii 19","ilianum[tree]N","{ŋeš}i-li-ia-nu-um",0,"ilianum[tree]N"
"Q000039",626,"560","esad[trap]N","{ŋeš}es₂-ad",0,"esad[trap]N"
"P347814",21,"a i 36'","saŋkul[bolt]N nim[high]V/i","{ŋeš}saŋ-kul nim",0,"saŋkul[bolt]N_nim[high]V/i"
"P228196",5,"5","ganum[stand]N a[water]N","{ŋeš}gan-nu a",0,"ganum[stand]N_a[water]N"
"P247864",180,"o iii 54","ŋirigub[footstool]N gigir[chariot]N","{ŋeš}ŋiri₃-gub gigir",0,"ŋirigub[footstool]N_gigir[chariot]N"
"P250736",18,"o i 14","gi[reed]N tur[small]V/i","gi tur-tur",0,"gi[reed]N_tur[small]V/i"
"P247864",47,"o i 44","usuh[tree]N","{ŋeš}u₃-suh₅(EŠ₂)",0,"usuh[tree]N"
"P297194",2,"o 1","lam[tree]N","{ŋeš}lam",0,"lam[tree]N"
"P273880",313,"b iii 41","ušub[brick-mold]N ab[window]N","{ŋeš}u₃-šub ab",0,"ušub[brick-mold]N_ab[window]N"
"P273880",197,"b i 47'","saŋdu[beam]N","{ŋeš}saŋ-du",0,"saŋdu[beam]N"
"P273880",146,"a iv 43'","guza[chair]N sirda[cnne]N","{ŋeš}gu-za sir₃-da",0,"guza[chair]N_sirda[cnne]N"
"P388265",371,"r vi 12","{ŋeš}niŋ₂-x[NA]NA","{ŋeš}niŋ₂-x",0,"{ŋeš}niŋ₂-x[NA]NA"
"P271911",464,"r iii 2","gam[crook]N ŋiri[dagger]N ad.KID[weaver]N","{ŋeš}kin ŋiri₂ ad-KID",0,"gam[crook]N_ŋiri[dagger]N_ad.KID[weaver]N"
"P273880",259,"b ii 52","{ŋeš}SAL-am₃[NA]NA","{ŋeš}SAL-am₃",0,"{ŋeš}SAL-am₃[NA]NA"
"P250361",4,"o 2'","{ŋeš}x[NA]NA zid[right]V/i ŋešnud[bed]N","{ŋeš}x zid nud",0,"{ŋeš}x[NA]NA_zid[right]V/i_ŋešnud[bed]N"
"P271301",249,"o v 22'","guza[chair]N niŋba[gift]N","{ŋeš}gu-za niŋ₂-ba",0,"guza[chair]N_niŋba[gift]N"
"P388265",161,"r i 39","ŋešellag[tool]N","ŋeš-ellag",0,"ŋešellag[tool]N"
"P332934",225,"o iii 63","{ŋeš}BU-da[NA]NA x-x[NA]NA","{ŋeš}BU-da x-x",0,"{ŋeš}BU-da[NA]NA_x-x[NA]NA"
"P389511",8,"o 7","šiqdum[almond]N","{ŋeš}ši-iq-du-um",0,"šiqdum[almond]N"
"P247864",310,"o v 58","ma[ship]N tur[small]V/i","{ŋeš}ma₂ tur",0,"ma[ship]N_tur[small]V/i"
"P253866",78,"o iii 11'","DUB[pole-pin]N |LAGAB×X|-x[NA]NA","{ŋeš}DUB |LAGAB×X|-x",0,"DUB[pole-pin]N_|LAGAB×X|-x[NA]NA"
"P271911",235,"o iv 8","gu[neck]N zirigum[irrigation-device]N","gu₂ zi-ri-kum",0,"gu[neck]N_zirigum[irrigation-device]N"
"P459218",61,"o iii 12","apin[plow]N x[NA]NA","{ŋeš}apin x",0,"apin[plow]N_x[NA]NA"
"P273880",281,"b iii 5","sumur[roof]N banšur[table]N","{ŋeš}sumur₂ {ŋeš}banšurₓ(|URU×IGI.URUDA|)",0,"sumur[roof]N_banšur[table]N"
"P273880",328,"b iii 56","{ŋeš}$RU[NA]NA ra-x[NA]NA","{ŋeš}$RU ra-x",0,"{ŋeš}$RU[NA]NA_ra-x[NA]NA"
"P273880",87,"a iii 25'","marhuša[stone]N gigir[chariot]N","{ŋeš}mar-hu-šum gigir",0,"marhuša[stone]N_gigir[chariot]N"
"Q000001",198,"198","gud[ox]N dumu[child]N {d}utu[NA]NA","gud dumu {d}utu",0,"gud[ox]N_dumu[child]N_{d}utu[NA]NA"
"P271911",231,"o iv 5","gag[nail]N šum[garlic]N sal[thin]V/i","gag šum₂ sal",0,"gag[nail]N_šum[garlic]N_sal[thin]V/i"
"P273880",336,"b iii 64","dagsi[hook]N pa[branch]N mušen[bird]N","{ŋeš}dag-si pa mušen",0,"dagsi[hook]N_pa[branch]N_mušen[bird]N"
"P388265",407,"r vi 51","tukul[weapon]N ŋeši[sesame]N","{ŋeš}tukul {še}ŋeš-i₃",0,"tukul[weapon]N_ŋeši[sesame]N"
"P332934",34,"o i 30","peš[fig]N Martu[1]GN","{ŋeš}peš₃ mar-tu{ki}",0,"peš[fig]N_Martu[1]GN"
"P492330",18,"o ii 1","tukul[weapon]N ŋeš-UD-x[NA]NA","{ŋeš}tukul ŋeš-UD-x",0,"tukul[weapon]N_ŋeš-UD-x[NA]NA"
"P224980",6,"o i 3","e[house]N usan[whip]N gigir[chariot]N","{ŋeš}e₂ usan₃ gigir",0,"e[house]N_usan[whip]N_gigir[chariot]N"
"Q000039",680,"612","dub[tablet]N zamin[lyre]N","{ŋeš}dub za₃-mi₂",0,"dub[tablet]N_zamin[lyre]N"
"P346714",157,"r iv 40'","gagsisa[arrow]N","{ŋeš}gag-si-sa₂",0,"gagsisa[arrow]N"
"P250364",119,"r ii 4'","magaz[bench]N","{ŋeš}ma-gaz",0,"magaz[bench]N"
"P370399",80,"o iii 19'","banšur[table]N hu-un-nu-um[NA]NA","{ŋeš}banšur hu-un-nu-um",0,"banšur[table]N_hu-un-nu-um[NA]NA"
"P459225",12,"r i 7'","maršu[spade]N","{ŋeš}mar-šu",0,"maršu[spade]N"
"P423759",3,"o 2","nig[~plow]N apin[plow]N","{ŋeš}nig apin",0,"nig[~plow]N_apin[plow]N"
"P250736",90,"o iii 24","gigurda[basket]N","gi-gur-da",0,"gigurda[basket]N"
"P388265",220,"r ii 48","guza[chair]N gid[long]V/i","{ŋeš}gu-za gid₂",0,"guza[chair]N_gid[long]V/i"
"P271301",320,"r ii 4","kaŋeškarak[table]N","{ŋeš}ka-kara₄",0,"kaŋeškarak[table]N"
"P332939",60,"r ii' 4'","niŋgida[rod?]N margida[cart]N","{ŋeš}niŋ₂-gid₂-da mar-gid₂-da",0,"niŋgida[rod?]N_margida[cart]N"
"Q000001",402,"401","šaran[pestle-bottom]N","|DAG.KISIM₅×SI|",0,"šaran[pestle-bottom]N"
"P437074",68,"b ii 11'","{ŋeš}ha-ia₃[NA]NA","{ŋeš}ha-ia₃",0,"{ŋeš}ha-ia₃[NA]NA"
"P271301",9,"o i 6","esi[tree]N Tukriš[1]GN","{ŋeš}esi tu-uk-ri-iš{ki}",0,"esi[tree]N_Tukriš[1]GN"
"P271911",407,"r ii 19","ab[cow]N zamin[lyre]N","ab₂ za₃-mi₂",0,"ab[cow]N_zamin[lyre]N"
"P273880",95,"a iii 33'","GUL[~chariot]N gigir[chariot]N","{ŋeš}GUL gigir",0,"GUL[~chariot]N_gigir[chariot]N"
"P273880",207,"b i 57'","dupsik[basket]N zala[smashed]N","{ŋeš}dupsik za₃-la₂-la₂-a",0,"dupsik[basket]N_zala[smashed]N"
"P253233",37,"r i 5'","ŋipar[tree]N duru[wet]V/i","{ŋeš}ŋi₆-par₄ duru₅",0,"ŋipar[tree]N_duru[wet]V/i"
"P247864",259,"o v 7","ban[unit]N","{ŋeš}ba-an",0,"ban[unit]N"
"P447996",217,"r iii 18","x-KA[NA]NA ma[ship]N","x-KA ma₂",0,"x-KA[NA]NA_ma[ship]N"
"P332930",27,"r 6","ma[ship]N dirig[float]V/i","{ŋeš}ma₂ dirig",0,"ma[ship]N_dirig[float]V/i"
"Q000039",232,"196a","guza[chair]N gar[knob]N kugsig[gold]N ŋar[place]V/t","{ŋeš}gu-za gar₃ kug-sig₁₇ ŋar",0,"guza[chair]N_gar[knob]N_kugsig[gold]N_ŋar[place]V/t"
"P247864",166,"o iii 40","ŋušur[harrow]N","{ŋeš}gana₂-ur₃",0,"ŋušur[harrow]N"
"P273880",647,"d i 27'","{ŋeš}x-x[NA]NA","{ŋeš}x-x",0,"{ŋeš}x-x[NA]NA"
"P271911",385,"r ii 3","ala[drum]N","a₂-la₂",0,"ala[drum]N"
"P250364",171,"unknown","unknown","unknown",1,"unknown"
"P388265",194,"r ii 21","mar[shovel]N x[NA]NA x[NA]NA","{ŋeš}mar x x",0,"mar[shovel]N_x[NA]NA_x[NA]NA"
"P247864",423,"o vii 42'","guza[chair]N gid[drag]V/t imin[seven]NU kuš[skin]N","{ŋeš}gu-za gid₂ imin kuš",0,"guza[chair]N_gid[drag]V/t_imin[seven]NU_kuš[skin]N"
"P346714",40,"r ii 08'","eme[tongue]N apin[plow]N","{ŋeš}eme apin",0,"eme[tongue]N_apin[plow]N"
"P273880",310,"b iii 38","al[hoe]N zu[tooth]N eš[three]NU","{ŋeš}al zu₂ eš₅",0,"al[hoe]N_zu[tooth]N_eš[three]NU"
"P253228",18,"o i 14","al[hoe]N zu[tooth]N diš[one]NU","{ŋeš}al zu₂ diš",0,"al[hoe]N_zu[tooth]N_diš[one]NU"
"P432448",15,"o 9'","ŋeš[tree]N giggi[black]V/i","ŋeš giggi",0,"ŋeš[tree]N_giggi[black]V/i"
"P253233",64,"r ii 14'","ŋeštinguruma[~vine]N","{ŋeš}ŋeštin-GAM",0,"ŋeštinguruma[~vine]N"
"P429505",6,"4'","ŋešnimbar[palm]N šeŋ[cook]V/t","{ŋeš}ŋešnimbar šeŋ₆",0,"ŋešnimbar[palm]N_šeŋ[cook]V/t"
"P273880",77,"a iii 8'","{ŋeš}lu₂-DU[NA]NA margida[cart]N","{ŋeš}lu₂-DU mar-gid₂-da",0,"{ŋeš}lu₂-DU[NA]NA_margida[cart]N"
"P273880",287,"b iii 11","x[NA]NA kaŋeškarak[table]N x[NA]NA","x ka-kara₄ x",0,"x[NA]NA_kaŋeškarak[table]N_x[NA]NA"
"P370399",151,"o v 5'","{ŋeš}DIB-QA-BUR[NA]NA","{ŋeš}DIB-QA-BUR",0,"{ŋeš}DIB-QA-BUR[NA]NA"
"P271301",368,"r iii 1","ma[ship]N id[river]N nirŋal[authoritative]AJ","{ŋeš}ma₂ id₂ nir-ŋal₂",0,"ma[ship]N_id[river]N_nirŋal[authoritative]AJ"
"P273880",321,"b iii 49","{ŋeš}LAGAB[NA]NA illar[weapon]N","{ŋeš}LAGAB illar",0,"{ŋeš}LAGAB[NA]NA_illar[weapon]N"
"P429503",72,"o iii 11","ŋešnimbar[palm]N","{ŋeš}ŋešnimbar",0,"ŋešnimbar[palm]N"
"P273880",21,"a i 18'","ŋeštin[vine]N x[NA]NA","{ŋeš}ŋeštin x",0,"ŋeštin[vine]N_x[NA]NA"
"P271301",384,"r iii 17","ma[ship]N Uri[Akkad]GN","{ŋeš}ma₂ uri-ma",0,"ma[ship]N_Uri[Akkad]GN"
"P225006",5,"o i 2","suku[pole]N ig[door]N","{ŋeš}suku₅ ig",0,"suku[pole]N_ig[door]N"
"Q000001",369,"369","pešniŋgilima[rodent]N","peš₂-niŋ₂-gilim-gilim-ma",0,"pešniŋgilima[rodent]N"
"P273880",196,"b i 46'","x-x[NA]NA","x-x",0,"x-x[NA]NA"
"P388265",331,"r v 16","alŋarsur[drumstick]N","{ŋeš}al-ŋar-sur",0,"alŋarsur[drumstick]N"
"Q000001",449,"448","uzu[flesh]N ur[root]N","uzu ur₂",0,"uzu[flesh]N_ur[root]N"
"P273880",381,"b iv 48","kakaku[profession]N mu[grow]V/t","{ŋeš}kak-a-ku mu₂",0,"kakaku[profession]N_mu[grow]V/t"
"P271301",258,"o v 31'","guza[chair]N gidim[ghost]N","{ŋeš}gu-za gidim",0,"guza[chair]N_gidim[ghost]N"
"P271301",463,"r iv 44","margida[cart]N","{ŋeš}mar-gid₂-da",0,"margida[cart]N"
"P273880",89,"a iii 27'","šudul[yoke]N gigir[chariot]N","{ŋeš}šu₂-dul₄ gigir",0,"šudul[yoke]N_gigir[chariot]N"
"P250736",228,"r ii 32","burzi[bowl]N","{dug}bur-zi",0,"burzi[bowl]N"
"P459217",17,"i 16'","šedug[tree]N","{ŋeš}še-dug₃",0,"šedug[tree]N"
"P273880",695,"d ii 31'","{ŋeš}ga-ga-lum[NA]NA","{ŋeš}ga-ga-lum",0,"{ŋeš}ga-ga-lum[NA]NA"
"Q000001",229,"229","amar[young]N banda[junior]V/i","amar banda₃{da}",0,"amar[young]N_banda[junior]V/i"
"P346714",124,"r iv 04'","niŋ[thing]N ya[five]NU sila[unit]N","{ŋeš}niŋ₂ ia₂ sila₃",0,"niŋ[thing]N_ya[five]NU_sila[unit]N"
"P332934",170,"o iii 6","ŋešnimbar[palm]N x[NA]NA","{ŋeš}ŋešnimbar x",0,"ŋešnimbar[palm]N_x[NA]NA"
"P332939",50,"r i' 9'","šag[heart]N hul[rejoice]V/i","{ŋeš}šag₄ hul₂",0,"šag[heart]N_hul[rejoice]V/i"
"P273880",251,"b ii 44","ŋeš[tree]N 1/2[NA]NA sila[unit]N","ŋeš 1/2 sila₃",0,"ŋeš[tree]N_1/2[NA]NA_sila[unit]N"
"P271771",53,"o iv 9","pa[branch]N kud[cut]V/t ŋešnimbar[palm]N","{ŋeš}pa kud ŋešnimbar",0,"pa[branch]N_kud[cut]V/t_ŋešnimbar[palm]N"
"Q000001",375,"374a","x-LAGAB[NA]NA","x-LAGAB",0,"x-LAGAB[NA]NA"
"P253238",6,"o 3'","šinig[tamarisk]N kur[mountain]N","{ŋeš}šinig kur",0,"šinig[tamarisk]N_kur[mountain]N"
"P271301",89,"o ii 37","manu[wood]N kalag[strong]V/i","{ŋeš}ma-nu kalag",0,"manu[wood]N_kalag[strong]V/i"
"P253866",87,"o iii 20'","ba[tool]N še[barley]N","{ŋeš}ba še",0,"ba[tool]N_še[barley]N"
"P271301",217,"o iv 51","tulubum[tree]N","{ŋeš}dal-bu-um",0,"tulubum[tree]N"
"P225109",6,"o i 3","ŋešdal[crossbar]N margida[cart]N","ŋeš-dal mar-gid₂-da",0,"ŋešdal[crossbar]N_margida[cart]N"
"P253874",10,"o 7","umbin[wheel]N gigir[chariot]N","{ŋeš}umbin gigir",0,"umbin[wheel]N_gigir[chariot]N"
"P250736",126,"o iv 19","masab[basket]N guru[store]N","{gi}ma-sa₂-ab guru₇",0,"masab[basket]N_guru[store]N"
"P271911",557,"unknown","unknown","unknown",1,"unknown"
"P346714",107,"r iii 29'","alšub[tool]N","{ŋeš}al-šub",0,"alšub[tool]N"
"P459226",4,"o i 1'","{ŋeš}x[NA]NA","{ŋeš}x",0,"{ŋeš}x[NA]NA"
"P271911",386,"r ii 4","alŋar[instrument]N","a-la₂-kar₂",0,"alŋar[instrument]N"
"Q000001",127,"127","uzud[goat]N utud[bear]V/t","uzud u₃-tud",0,"uzud[goat]N_utud[bear]V/t"
"Q000001",474,"471","uzu[flesh]N i[oil]N udu[sheep]N","uzu i₃ udu",0,"uzu[flesh]N_i[oil]N_udu[sheep]N"
"P492330",15,"o i 13","{ŋeš}x-la₂[NA]NA","{ŋeš}x-la₂",0,"{ŋeš}x-la₂[NA]NA"
"P459218",86,"o iv 4","gaba[chest]N apin[plow]N","{ŋeš}gaba apin",0,"gaba[chest]N_apin[plow]N"
"P346897",2,"o 1","gigir[chariot]N","{ŋeš}gigir",0,"gigir[chariot]N"
"P247864",116,"o ii 53","apin[plow]N","{ŋeš}apin",0,"apin[plow]N"
"P312012",2,"2","naŋa[mortar]N še[barley]N","{ŋeš}naŋa₃ še",0,"naŋa[mortar]N_še[barley]N"
"P332934",315,"r iii 18'","adus[plank]N ma[ship]N","{ŋeš}ad-du₅ ma₂",0,"adus[plank]N_ma[ship]N"
"P459226",30,"o ii 10'","manu[wood]N x[NA]NA","{ŋeš}ma-nu x",0,"manu[wood]N_x[NA]NA"
"P253228",106,"r iii 23'","mud[blood]N eren[cedar]N","{ŋeš}mud₂ eren",0,"mud[blood]N_eren[cedar]N"
"P271301",101,"o ii 49","KID.da[twig]N","{ŋeš}šed-da",0,"KID.da[twig]N"
"Q000039",150,"126","buzunuma[plant]N","{ŋeš}bu-zu₂-num₂-ma",0,"buzunuma[plant]N"
"P388265",347,"r v 32","miritum[instrument]N","ma-ri₂-tum",0,"miritum[instrument]N"
"P370399",200,"o viii 1'","x-kin[NA]NA","x-kin",0,"x-kin[NA]NA"
"P370399",165,"o v 19'","malalum[container]N","{ŋeš}malla(BU)",0,"malalum[container]N"
"P447996",22,"o iii 18","kur[wood]N","{ŋeš}kur",0,"kur[wood]N"
"P273880",193,"b i 43'","ŋešnud[bed]N kuš[hide]N du[build]V/t","ŋeš-nud kuš du₃",0,"ŋešnud[bed]N_kuš[hide]N_du[build]V/t"
"P388265",33,"ii 16","isimu[sprout]N","{ŋeš}isi₂-mu₂",0,"isimu[sprout]N"
"P271301",358,"r ii 42","ma[ship]N tur[small]V/i","{ŋeš}ma₂ tur",0,"ma[ship]N_tur[small]V/i"
"Q000001",156,"156","sila[lamb]N gabaria[offering]N","sila₄ gaba-ri-a",0,"sila[lamb]N_gabaria[offering]N"
"P250736",220,"r ii 24","sila[unit]N GAR[NA]NA","{dug}niŋ₂-sila₃ GAR",0,"sila[unit]N_GAR[NA]NA"
"P271911",40,"o i 27'","saŋkul[bolt]N nim[high]V/i","saŋ-kul nim",0,"saŋkul[bolt]N_nim[high]V/i"
"P273880",548,"c iii 33","ŋešnimbar[palm]N x[NA]NA","{ŋeš}ŋešnimbar x",0,"ŋešnimbar[palm]N_x[NA]NA"
"P250736",145,"o iv 38","gi[reed]N DI-x[NA]NA","gi DI-x",0,"gi[reed]N_DI-x[NA]NA"
"Q000039",156,"132","guruʾuš[tree-trunk]N","{ŋeš}guru₅-uš",0,"guruʾuš[tree-trunk]N"
"P250736",128,"o iv 21","dur[ax]N dili[single]V/i","{gi}dur₁₀ dili",0,"dur[ax]N_dili[single]V/i"
"Q000039",333,"294a","Manuri[1]ON banda[junior]V/i","{ŋeš}ma₂-nu-ri banda₃{da}",0,"Manuri[1]ON_banda[junior]V/i"
"P492330",26,"o ii 9","{ŋeš}AMA-gal[NA]NA","{ŋeš}AMA-gal",0,"{ŋeš}AMA-gal[NA]NA"
"P273880",478,"c ii 22","magaz[bench]N burud[perforate]V/t","{ŋeš}ma₂-gaz bur₃-bur₃",0,"magaz[bench]N_burud[perforate]V/t"
"P346714",86,"r iii 08'","{ŋeš}KAL[NA]NA","{ŋeš}KAL",0,"{ŋeš}KAL[NA]NA"
"P273880",442,"c i 47","zena[weapon]N mah[great]V/i","{ŋeš}ze₂-na mah",0,"zena[weapon]N_mah[great]V/i"
"P429503",142,"r ii' 18'","murgu[shoulder]N $SIG₄[NA]NA ma[ship]N","{ŋeš}mu-kun $SIG₄ ma₂",0,"murgu[shoulder]N_$SIG₄[NA]NA_ma[ship]N"
"P271771",62,"o iv 18","su[fibers]N gal[big]V/i ŋešnimbar[palm]N","{ŋeš}su₁₁ gu-la ŋešnimbar",0,"su[fibers]N_gal[big]V/i_ŋešnimbar[palm]N"
"P346714",152,"r iv 35'","illar[weapon]N $DU-a[NA]NA","{ŋeš}illar $DU-a",0,"illar[weapon]N_$DU-a[NA]NA"
"P271911",115,"unknown","unknown","unknown",1,"unknown"
"P271911",459,"r ii 59","gam[haft]N ŋiri[dagger]N ašgab[leatherworker]N","kin ŋiri₂ ašgab",0,"gam[haft]N_ŋiri[dagger]N_ašgab[leatherworker]N"
"P447996",90,"o v 15","nurma[pomegranate]N ka-ŋar-ra[NA]NA","{ŋeš}nu-ur₂-ma ka-ŋar-ra",0,"nurma[pomegranate]N_ka-ŋar-ra[NA]NA"
"P273880",398,"c i 1","gag[nail]N šibir[staff]N","{ŋeš}gag šibir",0,"gag[nail]N_šibir[staff]N"
"P253230",53,"t.e. 3","x-x-du-um[NA]NA","x-x-du-um",0,"x-x-du-um[NA]NA"
"P253228",59,"r i 23","x[NA]NA x-x[NA]NA","x x-x",0,"x[NA]NA_x-x[NA]NA"
"Q000039",254,"218","ŋešnud[bed]N umbin[nail]N","ŋeš-nud umbin",0,"ŋešnud[bed]N_umbin[nail]N"
"P253238",20,"o 17'","lamtur[nut]N","{ŋeš}lam-tur",0,"lamtur[nut]N"
"P271301",383,"r iii 16","ma[ship]N aʾabak[sea]N","{ŋeš}ma₂ a-ab-ba",0,"ma[ship]N_aʾabak[sea]N"
"P388265",381,"r vi 22","raba[clamp]N","{ŋeš}rab₃",0,"raba[clamp]N"
"P247864",424,"o vii 43'","guza[chair]N gid[drag]V/t ussu[eight]NU kuš[skin]N","{ŋeš}gu-za gid₂ ussu kuš",0,"guza[chair]N_gid[drag]V/t_ussu[eight]NU_kuš[skin]N"
"P388265",338,"r v 23","ŋešpu[rim]N","{ŋeš}ŋešpu₂",0,"ŋešpu[rim]N"
"P273880",685,"d ii 21'","ŋešhur[plan]N saŋtag[~worker]N","ŋeš-hur saŋ-tag",0,"ŋešhur[plan]N_saŋtag[~worker]N"
"P347814",256,"d i 11'","ŋirigub[footstool]N","{ŋeš}ŋiri₃-gub",0,"ŋirigub[footstool]N"
"P370399",191,"o vii 3'","ma[ship]N ya[five]NU gur[unit]N","{ŋeš}ma₂ ia₂ gur",0,"ma[ship]N_ya[five]NU_gur[unit]N"
"P429503",50,"o ii 19","ŋešaʾabak[tree]N Meluhha[1]GN","ŋeš-a-ab-ba me-luh-ha",0,"ŋešaʾabak[tree]N_Meluhha[1]GN"
"P332934",361,"r iv 18","mud[tube]N gigir[chariot]N","{ŋeš}mud gigir",0,"mud[tube]N_gigir[chariot]N"
"Q000039",4,"4","halub[tree]N","{ŋeš}ha-lu-ub₂",0,"halub[tree]N"
"P253238",27,"r 4","kur[wood]N","{ŋeš}kur",0,"kur[wood]N"
"P271911",504,"r iii 38","zena[weapon]N ak[do]V/t","ze₂-na ak",0,"zena[weapon]N_ak[do]V/t"
"Q000001",2,"2","udu[sheep]N niga[fattened]V/i sag[rare]V/i","udu niga sag₁₀",0,"udu[sheep]N_niga[fattened]V/i_sag[rare]V/i"
"P271301",300,"r i 28","ŋeš.nud.AŠ.nud[bed]N","ŋeš-nud-AŠ-nud",0,"ŋeš.nud.AŠ.nud[bed]N"
"P247864",124,"o ii 61","sala[~plow]N apin[plow]N","{ŋeš}sal-la apin",0,"sala[~plow]N_apin[plow]N"
"Q000039",378,"335","saŋkul[bolt]N gigir[chariot]N","{ŋeš}saŋ-kul gigir",0,"saŋkul[bolt]N_gigir[chariot]N"
"P235262",90,"d i 33'","x[NA]NA gigir[chariot]N","x gigir",0,"x[NA]NA_gigir[chariot]N"
"P250736",135,"o iv 28","gi[reed]N gum[crush]V/t","gi gum",0,"gi[reed]N_gum[crush]V/t"
"P250736",248,"r iii 9","epig[vessel]N","{dug}epig",0,"epig[vessel]N"
"P432448",3,"unknown","unknown","unknown",1,"unknown"
"Q000039",399,"355","DUB.du₃[~vehicle]N bar[outside]V/t","{ŋeš}kišib₃-du₃ bar",0,"DUB.du₃[~vehicle]N_bar[outside]V/t"
"P253887",11,"r 3","ma[ship]N x[NA]NA gur[unit]N","ma₂ x gur",0,"ma[ship]N_x[NA]NA_gur[unit]N"
"P370399",150,"o v 4'","sumungi[tool]N","{ŋeš}šu-me₃-gi",0,"sumungi[tool]N"
"P429503",179,"r iii' 22'","sudin[~chariot]N margida[cart]N","{ŋeš}šu-din mar-gid₂-da",0,"sudin[~chariot]N_margida[cart]N"
"P273880",709,"unknown","unknown","unknown",999,"unknown"
"P247864",402,"o vii 21'","{ŋeš}še-x[NA]NA","{ŋeš}še-x",0,"{ŋeš}še-x[NA]NA"
"Q000001",135,"135","maš[goat]N saŋ[head]N","maš₂ saŋ",0,"maš[goat]N_saŋ[head]N"
"P253866",75,"o iii 8'","{ŋeš}HI-KU[NA]NA","{ŋeš}HI-KU",0,"{ŋeš}HI-KU[NA]NA"
"Q000039",653,"587","mar[shovel]N še[barley]N DU₃[NA]NA","{ŋeš}mar še DU₃",0,"mar[shovel]N_še[barley]N_DU₃[NA]NA"
"P250364",173,"r v 1'","mu[year]N Samsuʾiluna[01]RN lugal[king]N","mu sa-am-su-i-lu-na lugal",0,"mu[year]N_Samsuʾiluna[01]RN_lugal[king]N"
"P271301",243,"o v 16'","guza[chair]N gid[long]V/i","{ŋeš}gu-za gid₂",0,"guza[chair]N_gid[long]V/i"
"Q000039",76,"59","urnum[cedar]N","{ŋeš}ur-nu-um",0,"urnum[cedar]N"
"P447996",203,"unknown","unknown","unknown",1,"unknown"
"P273880",688,"d ii 24'","gu₂.NE.saŋ.ŋa₂[container]N","{ŋeš}gu₂-ne-saŋ",0,"gu₂.NE.saŋ.ŋa₂[container]N"
"P253233",41,"r i 9'","dada[tree]N","{ŋeš}da-da",0,"dada[tree]N"
"Q000039",197,"163a","guza[chair]N munus[woman]N","{ŋeš}gu-za munus",0,"guza[chair]N_munus[woman]N"
"P225059",4,"o i 1","emerah[jug]N","{ŋeš}emerah",0,"emerah[jug]N"
"P347814",68,"a ii 39'","{ŋeš}da-x[NA]NA","{ŋeš}da-x",0,"{ŋeš}da-x[NA]NA"
"P347814",64,"a ii 35'","gur[rim]N mansim[sieve]N","{ŋeš}gur₂ {gi}ma-an-sim",0,"gur[rim]N_mansim[sieve]N"
"P332934",150,"o ii 66","ŋešnimbar[palm]N x[NA]NA","{ŋeš}ŋešnimbar x",0,"ŋešnimbar[palm]N_x[NA]NA"
"Q000039",32,"27","pa[branch]N usuh[tree]N","{ŋeš}pa u₃-suh₅",0,"pa[branch]N_usuh[tree]N"
"P271301",403,"r iii 36","ma[ship]N nimin[forty]NU gur[unit]N","{ŋeš}ma₂ nimin gur",0,"ma[ship]N_nimin[forty]NU_gur[unit]N"
"P247864",389,"o vii 8'","šuʾa[stool]N","{ŋeš}šu₂-a",0,"šuʾa[stool]N"
"P250736",71,"o iii 5","kid[mat]N KA.izi[burning]N","{gi}kid KA-izi",0,"kid[mat]N_KA.izi[burning]N"
"P492330",12,"o i 10","ŋeš[tree]N x-x-bi[NA]NA","ŋeš x-x-bi",0,"ŋeš[tree]N_x-x-bi[NA]NA"
"P347814",163,"c i 18'","ŋisal[rudder]N ŋiri[foot]N","{ŋeš}ŋisal ŋiri₃",0,"ŋisal[rudder]N_ŋiri[foot]N"
"P250363",4,"o 3'","ig[door]N papah[cella]N","{ŋeš}ig pap-pah",0,"ig[door]N_papah[cella]N"
"P253866",73,"o iii 6'","ŋešŋiri[fetters]N","ŋeš-ŋiri₃",0,"ŋešŋiri[fetters]N"
"P346714",50,"r ii 18'","šudul[yoke]N apin[plow]N","{ŋeš}šu₂-dul₄ apin",0,"šudul[yoke]N_apin[plow]N"
"X100003",27,"r 11","peš[fig]N Mari[1]SN","{ŋeš}peš₃ ma₂-ri₂{ki}",0,"peš[fig]N_Mari[1]SN"
"P271301",353,"r ii 37","emesig[plank]N","{ŋeš}eme-ši",0,"emesig[plank]N"
"P247864",360,"o vi 44","{ŋeš}x-x[NA]NA","{ŋeš}x-x",0,"{ŋeš}x-x[NA]NA"
"Q000001",30,"30","udu[sheep]N ib[hips]N gig[sick]V/i","udu ib₂ gig",0,"udu[sheep]N_ib[hips]N_gig[sick]V/i"
"P447996",151,"r i 33","pel[defile]V/t ŋešnimbar[palm]N","pe-l·a₂ ŋešnimbar",0,"pel[defile]V/t_ŋešnimbar[palm]N"
"P247864",287,"o v 35","{ŋeš}x-x[NA]NA","{ŋeš}x-x",0,"{ŋeš}x-x[NA]NA"
"P459218",77,"o iii 28","gag[nail]N har[ring]N apin[plow]N","{ŋeš}gag har apin",0,"gag[nail]N_har[ring]N_apin[plow]N"
"Q000001",127,"127","uzud[goat]N utud[bear]V/t","uzud u₃-tud",0,"uzud[goat]N_utud[bear]V/t"
"P388265",221,"r ii 49","guza[chair]N kaskal[way]N","{ŋeš}gu-za kaskal",0,"guza[chair]N_kaskal[way]N"
"P388265",358,"r v 48","negipum[tool]N","{ŋeš}ne-ki-pu-um",0,"negipum[tool]N"
"P250363",19,"r 6","{ŋeš}HUR-MAŠ₂-ma[NA]NA","{ŋeš}HUR-MAŠ₂-ma",0,"{ŋeš}HUR-MAŠ₂-ma[NA]NA"
"P271911",577,"r iv 37","niŋšuluh[cleaning-equipment]N","niŋ-šu-luh-ha",0,"niŋšuluh[cleaning-equipment]N"
"P347814",177,"c i 33'","al[hoe]N sa[sinew]N la[hang]V/t","{ŋeš}al sa la₂",0,"al[hoe]N_sa[sinew]N_la[hang]V/t"
"P250736",138,"o iv 31","{gi}x-x-a[NA]NA","{gi}x-x-a",0,"{gi}x-x-a[NA]NA"
"P271911",99,"o ii 24","garig[comb]N gal[big]V/i","ga-rig₂ gal",0,"garig[comb]N_gal[big]V/i"
"P349893",6,"6","malalum[container]N","{ŋeš}malla",0,"malalum[container]N"
"P388265",348,"r v 33","urzababitu[instrument]N","{ŋeš}ur-za-ba₄-tum",0,"urzababitu[instrument]N"
"P459216",162,"r iii 29'","ma[ship]N u[ten]NU gur[unit]N","{ŋeš}ma₂ u gur",0,"ma[ship]N_u[ten]NU_gur[unit]N"
"P459216",93,"unknown","unknown","unknown",999,"unknown"
"P271911",183,"o iii 28'","muš[snake]N apin[plow]N","muš apin",0,"muš[snake]N_apin[plow]N"
"P273880",368,"b iv 35","ligima[shoot]N","{ŋeš}ligima",0,"ligima[shoot]N"
"P273880",345,"b iv 8","{ŋeš}niŋ₂-HAR-ra[NA]NA","{ŋeš}niŋ₂-HAR-ra",0,"{ŋeš}niŋ₂-HAR-ra[NA]NA"
"P247864",326,"o vi 10","{ŋeš}x[NA]NA","{ŋeš}x",0,"{ŋeš}x[NA]NA"
"Q000039",161,"137","gilim[foliage]N an[sky]N","{ŋeš}gilim an",0,"gilim[foliage]N_an[sky]N"
"P349171",6,"unknown","unknown","unknown",1,"unknown"
"Q000039",104,"83","ama[mother]N ŋešnimbar[palm]N","{ŋeš}ama ŋešnimbar",0,"ama[mother]N_ŋešnimbar[palm]N"
"P250364",8,"o i 5","gabaŋal[guard]N gigir[chariot]N","{ŋeš}gaba-ŋal₂ gigir",0,"gabaŋal[guard]N_gigir[chariot]N"
"P250364",20,"o i 17","gag[nail]N zara[pivot]N gigir[chariot]N","{ŋeš}gag za-ra gigir",0,"gag[nail]N_zara[pivot]N_gigir[chariot]N"
"P332930",19,"b.e. 3","ma[ship]N kud[cut]V/t","{ŋeš}ma₂ kud",0,"ma[ship]N_kud[cut]V/t"
"P235262",99,"d ii 4'","maš[~wheel]N umbin[wheel]N gigir[chariot]N","{ŋeš}maš₂ umbin gigir",0,"maš[~wheel]N_umbin[wheel]N_gigir[chariot]N"
"P247864",255,"o v 3","sumungi[tool]N","{ŋeš}sumun-gi",0,"sumungi[tool]N"
"P332934",249,"o iv 20'","{ŋeš}šid[NA]NA saŋ-KEŠ[NA]NA","{ŋeš}šid saŋ-KEŠ",0,"{ŋeš}šid[NA]NA_saŋ-KEŠ[NA]NA"
"P250736",184,"r i 38","{gi}u₂-ur₄[NA]NA kud[cut]V/t","{gi}u₂-ur₄ kud",0,"{gi}u₂-ur₄[NA]NA_kud[cut]V/t"
"P273880",522,"c iii 7","mud[stump]N ŋešnimbar[palm]N","{ŋeš}mud ŋešnimbar",0,"mud[stump]N_ŋešnimbar[palm]N"
"P247864",154,"o iii 28","saŋkul[bolt]N margida[cart]N","{ŋeš}saŋ-kul mar-gid₂-da",0,"saŋkul[bolt]N_margida[cart]N"
"P253866",27,"o i 22'","ig[door]N leʾum[board]N","{ŋeš}ig li",0,"ig[door]N_leʾum[board]N"
"Q000039",679,"611","kul[handle]N zamin[lyre]N","{ŋeš}kul za₃-mi₂",0,"kul[handle]N_zamin[lyre]N"
"P273880",312,"b iii 40","ušub[brick-mold]N","{ŋeš}u₃-šub",0,"ušub[brick-mold]N"
"P437074",44,"b i 5''","zutianum[a-tree]N","{ŋeš}zu₃-di-in-nu-um",0,"zutianum[a-tree]N"
"P271301",418,"r iii 51","{ŋeš}zu-x[NA]NA","{ŋeš}zu-x",0,"{ŋeš}zu-x[NA]NA"
"P235262",48,"c ii 24'","buniŋ[trough]N tur[small]V/i","{ŋeš}buniŋ tur",0,"buniŋ[trough]N_tur[small]V/i"
"P247864",46,"o i 43","manu[wood]N izi[fire]N","{ŋeš}ma-nu izi",0,"manu[wood]N_izi[fire]N"
"P271911",66,"o i 45'","nura[~loom]N","nir-ra",0,"nura[~loom]N"
"P312012",2,"2","naŋa[mortar]N še[barley]N","{ŋeš}naŋa₃ še",0,"naŋa[mortar]N_še[barley]N"
"Q000001",47,"47","udu[sheep]N mašdarea[payment]N","udu maš₂-da-ri",0,"udu[sheep]N_mašdarea[payment]N"
"P429503",126,"r ii' 2'","ma[ship]N Idnirŋal[1]ON","{ŋeš}ma₂ {d}id₂-nir-ŋal₂",0,"ma[ship]N_Idnirŋal[1]ON"
"P273880",681,"d ii 16'","{ŋeš}x-ra[NA]NA","{ŋeš}x-ra",0,"{ŋeš}x-ra[NA]NA"
"P247864",384,"o vii 3'","{ŋeš}x[NA]NA","{ŋeš}x",0,"{ŋeš}x[NA]NA"
"P253866",92,"o iii 25'","raba[clamp]N","{ŋeš}raba",0,"raba[clamp]N"
"P271771",16,"o ii 14","lamgal[nut]N","{ŋeš}lam-gal",0,"lamgal[nut]N"
"P437074",84,"b ii 8''","niŋna[incense]N UD[NA]NA","{ŋeš}niŋ₂-na UD",0,"niŋna[incense]N_UD[NA]NA"
"P235262",40,"unknown","unknown","unknown",4,"unknown"
"P271301",87,"o ii 35","manu[wood]N x[NA]NA","{ŋeš}ma-nu x",0,"manu[wood]N_x[NA]NA"
"P271911",173,"o iii 20'","ninda[seed-funnel]N apin[plow]N","ninda₂ apin",0,"ninda[seed-funnel]N_apin[plow]N"
"P271911",399,"r ii 13","harmušen[snare]N","har-mušen",0,"harmušen[snare]N"
"P250736",316,"r iv 34","sahar[dust]N DU-DU[NA]NA","sahar DU-DU",0,"sahar[dust]N_DU-DU[NA]NA"
"P388265",273,"r iv 13","buniŋ[trough]N tur[small]V/i","{ŋeš}buniŋ tur",0,"buniŋ[trough]N_tur[small]V/i"
"P312012",6,"6","{ŋeš}LAGAB-x[NA]NA","{ŋeš}LAGAB-x",0,"{ŋeš}LAGAB-x[NA]NA"
"P459217",75,"iii 25","ŋešnimbar[palm]N Dilmun[1]GN","{ŋeš}ŋešnimbar dilmun-na",0,"ŋešnimbar[palm]N_Dilmun[1]GN"
"Q000039",428,"381","ig[door]N maštab[twin]N","{ŋeš}ig maš-tab",0,"ig[door]N_maštab[twin]N"
"Q000001",464,"462","uzu[flesh]N sam[price]N","uzu sam₂",0,"uzu[flesh]N_sam[price]N"
"P271911",8,"unknown","unknown","unknown",1,"unknown"
"P429503",25,"o i 22","tila[grapevine]N ŋeštin[vine]N","{ŋeš}illat ŋeštin",0,"tila[grapevine]N_ŋeštin[vine]N"
"P370399",157,"o v 11'","sugin[rot]N","{ŋeš}sugin",0,"sugin[rot]N"
"P332934",211,"o iii 47","su[fibers]N ŋešnimbar[palm]N","{ŋeš}su₁₁ ŋešnimbar",0,"su[fibers]N_ŋešnimbar[palm]N"
"P225023",4,"o i 1","{ŋeš}x[NA]NA","{ŋeš}x",0,"{ŋeš}x[NA]NA"
"P447996",83,"o v 8","hašhur[apple]N kurdilum[fruit-tree]N","{ŋeš}hašhur kur-di-lum",0,"hašhur[apple]N_kurdilum[fruit-tree]N"
"P271911",550,"r iv 17","tuluʾangid[tool]N","tu-lu₂-gid₂-gid₂",0,"tuluʾangid[tool]N"
"Q000039",319,"281","ma[ship]N nimin[forty]NU gur[unit]N","{ŋeš}ma₂ nimin gur",0,"ma[ship]N_nimin[forty]NU_gur[unit]N"
"P250736",221,"r ii 25","sila[unit]N gal[big]V/i","{dug}sila₃ gal",0,"sila[unit]N_gal[big]V/i"
"P247864",53,"o i 50","peš[fig]N kur[mountain]N","{ŋeš}peš₃ kur",0,"peš[fig]N_kur[mountain]N"
"P437074",60,"b ii 3'","ila[elevation]N","{ŋeš}i-il₃",0,"ila[elevation]N"
"P346714",36,"r ii 04'","gag[nail]N x-x[NA]NA","{ŋeš}gag x-x",0,"gag[nail]N_x-x[NA]NA"
"P332934",159,"o ii 75","ŋešnimbar[palm]N x[NA]NA","{ŋeš}ŋešnimbar x",0,"ŋešnimbar[palm]N_x[NA]NA"
"P273880",661,"d i 45'","ŋeš[tree]N daŋal[wide]V/i","ŋeš daŋal",0,"ŋeš[tree]N_daŋal[wide]V/i"
"P228196",20,"20","halba[bucket]N","{ŋeš}{+hal-bi}halbi₅",0,"halba[bucket]N"
"P271519",11,"o ii' 3","šuʾa[stool]N šu[hand]N","{ŋeš}šu₂-a šu",0,"šuʾa[stool]N_šu[hand]N"
"P271911",452,"r ii 53","ŋisal[rudder]N mud[tube]N","ŋisal mud",0,"ŋisal[rudder]N_mud[tube]N"
"P235262",96,"d ii 1'","x[NA]NA KAK-x[NA]NA gigir[chariot]N","x KAK-x gigir",0,"x[NA]NA_KAK-x[NA]NA_gigir[chariot]N"
"Q000039",599,"540","ellaŋdu[trap]N tur[small]V/i","{ŋeš}ellaŋ₂-du tur",0,"ellaŋdu[trap]N_tur[small]V/i"
"P229426",22,"o 21","NI[NA]NA","NI",0,"NI[NA]NA"
"P253228",70,"r ii 9'","ŋeštin[vine]N","{ŋeš}ŋeštin",0,"ŋeštin[vine]N"
"P492330",7,"o i 5","ŋeš[tree]N sal[thin]V/i","ŋeš sal",0,"ŋeš[tree]N_sal[thin]V/i"
"P429503",90,"o iii 29","ŋešnimbar[palm]N x[NA]NA","{ŋeš}ŋešnimbar x",0,"ŋešnimbar[palm]N_x[NA]NA"
"P273880",669,"d ii 4'","ŋeš[tree]N dim[create]V/t","ŋeš dim₂",0,"ŋeš[tree]N_dim[create]V/t"
"P247864",272,"o v 20","ebir[vessel-stand]N","{ŋeš}epir₂(BI)",0,"ebir[vessel-stand]N"
"P271301",250,"o v 23'","guza[chair]N niŋšu[goods]N","{ŋeš}gu-za niŋ₂-šu",0,"guza[chair]N_niŋšu[goods]N"
"P250364",86,"o v 7","sašušgal[net]N","{ŋeš}sa-šu₂-uš-gal",0,"sašušgal[net]N"
"P271301",139,"o iii 27","ŋešnimbar[palm]N kud[cut]V/t","{ŋeš}ŋešnimbar kud",0,"ŋešnimbar[palm]N_kud[cut]V/t"
"P273880",402,"c i 5","gag[nail]N usakar[moon]N","{ŋeš}gag u₄-sakar",0,"gag[nail]N_usakar[moon]N"
"P346714",121,"r iv 01'","niŋ[thing]N x[NA]NA","{ŋeš}niŋ₂ x",0,"niŋ[thing]N_x[NA]NA"
"P271771",60,"o iv 16","mud[tube]N su[fibers]N ŋešnimbar[palm]N","{ŋeš}mud su₁₁ ŋešnimbar",0,"mud[tube]N_su[fibers]N_ŋešnimbar[palm]N"
"P273880",363,"unknown","unknown","unknown",5,"unknown"
"P273880",23,"a i 20'","{ŋeš}x[NA]NA","{ŋeš}x",0,"{ŋeš}x[NA]NA"
"P370399",33,"unknown","unknown","unknown",2,"unknown"
"P271911",294,"o iv 55","ŋidru[scepter]N ellaŋdu[trap]N","ŋidru ellaŋ₂-du₃",0,"ŋidru[scepter]N_ellaŋdu[trap]N"
"Q000039",261,"225","bad[leg]N ŋešnud[bed]N","{ŋeš}bad nud",0,"bad[leg]N_ŋešnud[bed]N"
"Q000039",743,"unknown","unknown","unknown",1,"unknown"
"P271301",381,"r iii 14","ma[ship]N Dilmun[1]GN","{ŋeš}ma₂ dilmun-na",0,"ma[ship]N_Dilmun[1]GN"
"P389511",3,"o 2","ŋešaʾabak[tree]N Meluhha[1]GN","ŋeš-a-ab-ba me-luh-ha",0,"ŋešaʾabak[tree]N_Meluhha[1]GN"
"P388265",78,"iii 28","nurma[pomegranate]N","{ŋeš}nu-ur₂-ma",0,"nurma[pomegranate]N"
"P429503",120,"r i' 24'","tukul[weapon]N naŋasikaz[pestle]N","{ŋeš}tukul naŋa₃-si₃-gaz",0,"tukul[weapon]N_naŋasikaz[pestle]N"
"P332934",169,"o iii 5","ŋešnimbar[palm]N x[NA]NA","{ŋeš}ŋešnimbar x",0,"ŋešnimbar[palm]N_x[NA]NA"
"P273880",23,"a i 20'","{ŋeš}x[NA]NA","{ŋeš}x",0,"{ŋeš}x[NA]NA"
"P247864",281,"o v 29","{ŋeš}x-x[NA]NA","{ŋeš}x-x",0,"{ŋeš}x-x[NA]NA"
"P271301",423,"r iv 4","gigir[chariot]N me[battle]N tum[suitable]V/i","{ŋeš}gigir me₃ tum₂",0,"gigir[chariot]N_me[battle]N_tum[suitable]V/i"
"P250364",116,"r ii 1'","{ŋeš}x[NA]NA","{ŋeš}x",0,"{ŋeš}x[NA]NA"
"P273880",163,"b i 6'","guza[chair]N x-x[NA]NA","{ŋeš}gu-za x-x",0,"guza[chair]N_x-x[NA]NA"
"P247864",193,"o iv 4","{ŋeš}x-x[NA]NA gigir[chariot]N","{ŋeš}x-x gigir",0,"{ŋeš}x-x[NA]NA_gigir[chariot]N"
"P247864",454,"r i 14","ŋešnud[bed]N umbin[nail]N sal[thin]V/i","ŋeš-nud umbin sal",0,"ŋešnud[bed]N_umbin[nail]N_sal[thin]V/i"
"Q000039",636,"570","aga[ax]N aʾašŋar[ax]N","{ŋeš}aga a₂-aš-ŋar",0,"aga[ax]N_aʾašŋar[ax]N"
"P250736",295,"r iv 13","im[clay]N hamun[harmony]N","im ha-mun",0,"im[clay]N_hamun[harmony]N"
"P388265",216,"r ii 44","ŋirigub[footstool]N zu[tooth]N amsi[elephant]N tag[touch]V/t","{ŋeš}ŋiri₃-gub za am-si tag-tag",0,"ŋirigub[footstool]N_zu[tooth]N_amsi[elephant]N_tag[touch]V/t"
"P273712",22,"r i 12","ušub[brick-mold]N šeg[brick]N","{ŋeš}u₃-šub šeg₁₂",0,"ušub[brick-mold]N_šeg[brick]N"
"P273880",75,"a iii 6'","ti[rib]N margida[cart]N","{ŋeš}ti mar-gid₂-da",0,"ti[rib]N_margida[cart]N"
"P370399",104,"o iv 1'","{ŋeš}RI[NA]NA x[NA]NA","{ŋeš}RI x",0,"{ŋeš}RI[NA]NA_x[NA]NA"
"P388265",145,"r i 23","muš[snake]N apin[plow]N","{ŋeš}muš apin",0,"muš[snake]N_apin[plow]N"
"Q000001",477,"474","uzu[flesh]N nikid[~food]N","uzu ni₂-kid₂",0,"uzu[flesh]N_nikid[~food]N"
"P271911",464,"r iii 2","gam[crook]N ŋiri[dagger]N ad.KID[weaver]N","{ŋeš}kin ŋiri₂ ad-KID",0,"gam[crook]N_ŋiri[dagger]N_ad.KID[weaver]N"
"P224980",4,"o i 1","gigir[chariot]N","{ŋeš}gigir",0,"gigir[chariot]N"
"Q000001",249,"249","anše[equid]N guza[chair]N","anše {ŋeš}gu-za",0,"anše[equid]N_guza[chair]N"
"P247864",444,"r i 4","{ŋeš}LIŠ[NA]NA ŋešnud[bed]N","{ŋeš}LIŠ nud",0,"{ŋeš}LIŠ[NA]NA_ŋešnud[bed]N"
"P271771",133,"r iii 3'","Dilmun[1]GN","{ŋeš}dilmun-na",0,"Dilmun[1]GN"
"P247864",409,"o vii 28'","{ŋeš}sukud[NA]NA x[NA]NA RU[NA]NA","{ŋeš}sukud x RU",0,"{ŋeš}sukud[NA]NA_x[NA]NA_RU[NA]NA"
"P273880",539,"c iii 24","ŋešnimbar[palm]N sug[empty]V/i","{ŋeš}ŋešnimbar sug₄",0,"ŋešnimbar[palm]N_sug[empty]V/i"
"P247864",44,"o i 41","manu[wood]N kur[mountain]N","{ŋeš}ma-nu kur",0,"manu[wood]N_kur[mountain]N"
"P271771",136,"r iii 6'","Uri[Akkad]GN","{ŋeš}uri-ma{ki}",0,"Uri[Akkad]GN"
"P409465",5,"5","Matuša[1]ON","{ŋeš}ma₂-tuš-a",0,"Matuša[1]ON"
"P388265",209,"r ii 36","niŋ[thing]N diš[one]NU giŋ[unit]N","{ŋeš}niŋ₂ diš giŋ₄",0,"niŋ[thing]N_diš[one]NU_giŋ[unit]N"
"Q000039",768,"697","az[bear]N","{ŋeš}az",0,"az[bear]N"
"P459217",5,"i 4'","ŋeštinkira[berry]N","{ŋeš}ŋeštin-kir₄",0,"ŋeštinkira[berry]N"
"P432448",7,"o 1'","taškarin[boxwood]N","{ŋeš}taškarin",0,"taškarin[boxwood]N"
"P253887",6,"o 3","ma[ship]N ŋeš[sixty]NU gur[unit]N","ma₂ ŋeš₂{+mi-iš?} gur",0,"ma[ship]N_ŋeš[sixty]NU_gur[unit]N"
"P332934",65,"o i 9'","šennur[plum]N gal[big]V/i","{ŋeš}šennur gal",0,"šennur[plum]N_gal[big]V/i"
"P271301",71,"o ii 19","ildag[poplar]N bur[spread]V/t","{ŋeš}ildag₂ bur-ra",0,"ildag[poplar]N_bur[spread]V/t"
"P250736",257,"r iii 18","amam[jar]N","{dug}am-ma-am",0,"amam[jar]N"
"P253233",64,"r ii 14'","ŋeštinguruma[~vine]N","{ŋeš}ŋeštin-GAM",0,"ŋeštinguruma[~vine]N"
"P388265",392,"r vi 33","kaŋeškarak[table]N","{ŋeš}ka-kara₄",0,"kaŋeškarak[table]N"
"P253866",49,"o ii 13'","guza[chair]N zag[side]N us[follow]V/t","{ŋeš}gu-za zag us₂",0,"guza[chair]N_zag[side]N_us[follow]V/t"
"P250364",43,"o ii 18","apin[plow]N šukara[tool]N bir[scatter]V/t","{ŋeš}apin {ŋeš}šu-kara₂ bir-bir",0,"apin[plow]N_šukara[tool]N_bir[scatter]V/t"
"P429503",109,"r i' 13'","buniŋ[trough]N x[NA]NA","{ŋeš}buniŋ x",0,"buniŋ[trough]N_x[NA]NA"
"P271320",23,"o i 15'","guza[chair]N gar[knob]N","{ŋeš}gu-za gar₃",0,"guza[chair]N_gar[knob]N"
"P247864",114,"o ii 51","{ŋeš}x-x-x[NA]NA","{ŋeš}x-x-x",0,"{ŋeš}x-x-x[NA]NA"
"P429503",16,"o i 13","ŋeš[tree]N su[red]V/i","ŋeš sa₅",0,"ŋeš[tree]N_su[red]V/i"
"P247864",103,"o ii 40","ba[tool]N sim[sieve]V/t","{ŋeš}ba sim",0,"ba[tool]N_sim[sieve]V/t"
"P247864",340,"o vi 24","ŋeš-hur-ra[NA]NA nagar[carpenter]N","ŋeš-hur-ra nagar",0,"ŋeš-hur-ra[NA]NA_nagar[carpenter]N"
"P271301",290,"r i 18","šuʾa[stool]N dus[bathroom]N","{ŋeš}šuaₓ(|ŠU₂×(A.DIŠ)|) du₁₀-us₂",0,"šuʾa[stool]N_dus[bathroom]N"
"P271911",288,"o iv 51","igi[eye]N sa[net]N ŋeš[tree]N","igi sa ŋeš",0,"igi[eye]N_sa[net]N_ŋeš[tree]N"
"P250364",109,"r i 9'","{ŋeš}x[NA]NA","{ŋeš}x",0,"{ŋeš}x[NA]NA"
"P429503",29,"o i 26","peš[fig]N Mari[1]SN","{ŋeš}peš₃ ma₂-ri₂{ki}",0,"peš[fig]N_Mari[1]SN"
"P370399",13,"o i 10'","da[side-board]N ŋešnimbar[palm]N","{ŋeš}da ŋešnimbar",0,"da[side-board]N_ŋešnimbar[palm]N"
"P332934",289,"r iii 16","ma[ship]N kud[cut]V/t","{ŋeš}ma₂ kud",0,"ma[ship]N_kud[cut]V/t"
"P388265",211,"r ii 38","niŋ[thing]N šušana[fraction]N giŋ[unit]N","{ŋeš}niŋ₂ šušana giŋ₄",0,"niŋ[thing]N_šušana[fraction]N_giŋ[unit]N"
"P251495",4,"4","al[hoe]N saŋ[head]N ŋal[be]V/i","{ŋeš}al saŋ ŋal₂",0,"al[hoe]N_saŋ[head]N_ŋal[be]V/i"
"P253233",19,"o ii 2","dilim[spoon]N dug[speak]V/t","{ŋeš}dilim₂ dug₄",0,"dilim[spoon]N_dug[speak]V/t"
"P370399",94,"o iii 33'","x[NA]NA saŋ[head]N apin[plow]N","x saŋ apin",0,"x[NA]NA_saŋ[head]N_apin[plow]N"
"P388265",381,"r vi 22","raba[clamp]N","{ŋeš}rab₃",0,"raba[clamp]N"
"P271911",324,"r i 14'","illar[weapon]N de[bring]V/t","illar de₆",0,"illar[weapon]N_de[bring]V/t"
"P370399",58,"o ii 31'","ŋešnud[bed]N umbin[nail]N gud[ox]N","ŋeš-nud umbin gud",0,"ŋešnud[bed]N_umbin[nail]N_gud[ox]N"
"P429504",11,"o ii' 5","ŋešnimbar[palm]N uhin[date]N šag[heart]N ud[sun]N","{ŋeš}ŋešnimbar u₄-hi-in šag₄ ud",0,"ŋešnimbar[palm]N_uhin[date]N_šag[heart]N_ud[sun]N"
"P235262",4,"unknown","unknown","unknown",10,"unknown"
"P273880",657,"unknown","unknown","unknown",2,"unknown"
"P346714",25,"r i 29'","gag[nail]N mud[tube]N margida[cart]N","{ŋeš}gag mud mar-gid₂-da",0,"gag[nail]N_mud[tube]N_margida[cart]N"
"P437074",81,"b ii 5''","{ŋeš}HUB₂[NA]NA","{ŋeš}HUB₂",0,"{ŋeš}HUB₂[NA]NA"
"Q000001",471,"468","uzu[flesh]N suš[grease]N","uzu sul₂(NI)",0,"uzu[flesh]N_suš[grease]N"
"Q000039",723,"651a","gam[crook]N ŋiri[dagger]N muhaldim[cook]N","{ŋeš}kab ŋiri₂ muhaldim",0,"gam[crook]N_ŋiri[dagger]N_muhaldim[cook]N"
"Q000001",24,"24","udu[sheep]N urmah[lion]N gu[eat]V/t","udu ur-mah gu₇",0,"udu[sheep]N_urmah[lion]N_gu[eat]V/t"
"P437074",163,"c i 28'","dilim[spoon]N x-x[NA]NA","{ŋeš}dilim₂ x-x",0,"dilim[spoon]N_x-x[NA]NA"
"P271911",573,"r iv 34","raba[clamp]N","{+ra-ab}rab₃",0,"raba[clamp]N"
"P346714",150,"r iv 33'","illar[weapon]N šub[fall]V/t","{ŋeš}illar šub",0,"illar[weapon]N_šub[fall]V/t"
"P347814",13,"a i 11'","ig[door]N ul[fruit]N","{ŋeš}ig ul-li₂",0,"ig[door]N_ul[fruit]N"
"P247864",199,"o iv 10","gigir[chariot]N šu[hand]N du[suitable]V/i","{ŋeš}gigir šu du₇",0,"gigir[chariot]N_šu[hand]N_du[suitable]V/i"
"P250736",162,"r i 16","gihan[basket]N siki[hair]N","gi-ha-an siki",0,"gihan[basket]N_siki[hair]N"
"P272243",35,"r i 15","ŋešnimbar[palm]N uhin[date]N duru[wet]V/i","{ŋeš}ŋešnimbar u₄-hi-in duru₅",0,"ŋešnimbar[palm]N_uhin[date]N_duru[wet]V/i"
"P253228",77,"r ii 16'","hašhur[apple]N kur[mountain]N","{ŋeš}hašhur kur",0,"hašhur[apple]N_kur[mountain]N"
"P388265",200,"r ii 27","ban[unit]N baneš[container]N","{ŋeš}ba-an baneš",0,"ban[unit]N_baneš[container]N"
"P459216",195,"r iv 27'","{ŋeš}KAM-DAR[NA]NA margida[cart]N","{ŋeš}KAM-DAR mar-gid₂-da",0,"{ŋeš}KAM-DAR[NA]NA_margida[cart]N"
"P247864",221,"o iv 32","ig[door]N","{ŋeš}ig",0,"ig[door]N"
"P347814",10,"a i 8'","ig[door]N zena[midrib]N","{ŋeš}ig ze₂-na",0,"ig[door]N_zena[midrib]N"
"P273880",82,"a iii 13'","gabaŋal[guard]N gigir[chariot]N","{ŋeš}gaba-ŋal₂ gigir",0,"gabaŋal[guard]N_gigir[chariot]N"
"P271301",70,"o ii 18","ildag[poplar]N en-na[NA]NA","{ŋeš}ildag₂ en-na",0,"ildag[poplar]N_en-na[NA]NA"
"P250363",16,"r 3","siŋar[bolt]N","{ŋeš}si-ŋar",0,"siŋar[bolt]N"
"Q000039",765,"694","dur[balk]N si[horn]N","{ŋeš}dur si",0,"dur[balk]N_si[horn]N"
"P271771",6,"unknown","unknown","unknown",4,"unknown"
"P253233",36,"r i 4'","ŋipar[tree]N","{ŋeš}ŋi₆-par₄",0,"ŋipar[tree]N"
"P253896",4,"o 3","isimu[sprout]N","{ŋeš}isimu₃{+mu₂}",0,"isimu[sprout]N"
"P271301",297,"r i 25","ŋirigub[footstool]N lammar[deity]N","{ŋeš}ŋiri₃-gub {d}lamma",0,"ŋirigub[footstool]N_lammar[deity]N"
"P117404",4,"o 3","ig[door]N i[oil]N","{ŋeš}ig i₃",0,"ig[door]N_i[oil]N"
"Q000039",425,"380","ig[door]N sah[mat]N","{ŋeš}ig sah",0,"ig[door]N_sah[mat]N"
"P388265",117,"iv 34","pa[branch]N ŋešnimbar[palm]N","{ŋeš}pa-pa ŋešnimbar",0,"pa[branch]N_ŋešnimbar[palm]N"
"P235262",49,"c ii 25'","buniŋ[trough]N gal[big]V/i","{ŋeš}buniŋ gu-la",0,"buniŋ[trough]N_gal[big]V/i"
"Q000039",320,"282","ma[ship]N ušu[thirty]NU gur[unit]N","{ŋeš}ma₂ ušu₃ gur",0,"ma[ship]N_ušu[thirty]NU_gur[unit]N"
"Q000039",148,"124a","zirdum[olive]N","{ŋeš}zi₂-ir-dum",0,"zirdum[olive]N"
"Q000039",508,"455","sala[~plow]N apin[plow]N","{ŋeš}sal-la apin",0,"sala[~plow]N_apin[plow]N"
"P247864",111,"o ii 48","ŋušur[beam]N","{ŋeš}ŋušur(|GA₂×NUN&NUN|)",0,"ŋušur[beam]N"
"P447996",17,"o iii 13'","guruʾuš[tree-trunk]N","{ŋeš}guru₅-uš",0,"guruʾuš[tree-trunk]N"
"Q000039",143,"120","ŠU.KAL[tree]N","{ŋeš}|ŠU.KAL|",0,"ŠU.KAL[tree]N"
"P459217",96,"iv 18","he₂.BAD[trimmings]N ŋešnimbar[palm]N","{ŋeš}he₂-BAD ŋešnimbar",0,"he₂.BAD[trimmings]N_ŋešnimbar[palm]N"
"P429503",83,"o iii 22","ŋešnimbar[palm]N x[NA]NA","{ŋeš}ŋešnimbar x",0,"ŋešnimbar[palm]N_x[NA]NA"
"P388265",2,"unknown","unknown","unknown",4,"unknown"
"Q000039",177,"147","ŋešdubdim[tool]N","ŋeš-dub-dim₂",0,"ŋešdubdim[tool]N"
"Q000039",135,"112","kišig[acacia]N","{ŋeš}kišig",0,"kišig[acacia]N"
"P347814",4,"unknown","unknown","unknown",2,"unknown"
"Q000001",68,"68","udu[sheep]N zuh[steal]V/t","udu zuh",0,"udu[sheep]N_zuh[steal]V/t"
"P271301",205,"o iv 39","kišighar[tree]N kur[mountain]N","{ŋeš}kišig-ah-ha kur",0,"kišighar[tree]N_kur[mountain]N"
"Q000039",413,"368","umbin[wheel]N margida[cart]N","{ŋeš}umbin mar-gid₂-da",0,"umbin[wheel]N_margida[cart]N"
"P273880",143,"a iv 40'","x[NA]NA","x",0,"x[NA]NA"
"P437074",152,"c i 17'","ŋešnud[bed]N ki-x-a[NA]NA","ŋeš-nud ki-x-a",0,"ŋešnud[bed]N_ki-x-a[NA]NA"
"P388265",375,"r vi 16","emerah[jug]N gal[big]V/i","{ŋeš}emerah gal",0,"emerah[jug]N_gal[big]V/i"
"P247864",176,"o iii 50","e[house]N gigir[chariot]N","{ŋeš}e₂ gigir",0,"e[house]N_gigir[chariot]N"
"P332934",126,"o ii 43","šurmen[cypress]N","{ŋeš}šu-ur₂-min₃",0,"šurmen[cypress]N"
"P447996",10,"o iii 6'","allanum[oak]N","{ŋeš}al-la-nu-um",0,"allanum[oak]N"
"P459225",8,"r i 3'","e[house]N pana[bow]N","{ŋeš}e₂ pana",0,"e[house]N_pana[bow]N"
"P429503",6,"o i 3","ŋešnu[tree]N","ŋeš-BUR₂",0,"ŋešnu[tree]N"
"P247864",358,"o vi 42","{ŋeš}x-x-x[NA]NA","{ŋeš}x-x-x",0,"{ŋeš}x-x-x[NA]NA"
"P271771",81,"o v 11","arina[madder]N","{ŋeš}i-ri₉-na",0,"arina[madder]N"
"P272243",16,"o i' 12'","ŋešnimbar[palm]N šab[cut]V/t","{ŋeš}ŋešnimbar šab",0,"ŋešnimbar[palm]N_šab[cut]V/t"
"P370399",137,"o iv 34'","ig[door]N KAK-AD[NA]NA","{ŋeš}ig KAK-AD",0,"ig[door]N_KAK-AD[NA]NA"
"P347814",68,"a ii 39'","{ŋeš}da-x[NA]NA","{ŋeš}da-x",0,"{ŋeš}da-x[NA]NA"
"P247864",277,"o v 25","{ŋeš}x-bi[NA]NA","{ŋeš}x-bi",0,"{ŋeš}x-bi[NA]NA"
"P250370",6,"6","samazum[tree]N","{ŋeš}sa-ma-zum",0,"samazum[tree]N"
"P271771",35,"o iii 12","girim[flower]N","{ŋeš}gi-rim",0,"girim[flower]N"
"P332934",191,"o iii 27","ŋešnimbar[palm]N uhin[date]N sissig[green]V/i","{ŋeš}ŋešnimbar u₄-hi-in sig₇-sig₇",0,"ŋešnimbar[palm]N_uhin[date]N_sissig[green]V/i"
"Q000039",261,"225","bad[leg]N ŋešnud[bed]N","{ŋeš}bad nud",0,"bad[leg]N_ŋešnud[bed]N"
"P459217",27,"ii 3'","lamgal[nut]N","{ŋeš}lam-gal",0,"lamgal[nut]N"
"P332934",329,"r iii 32'","madu[~boat]N","{ŋeš}ma₂-du-uš",0,"madu[~boat]N"
"P271911",338,"r i 26'","lubi[ax]N tur[small]V/i","lub tur",0,"lubi[ax]N_tur[small]V/i"
"P459216",23,"i 21","hašhur[apple]N šeʾeštub[barley]N","{ŋeš}hašhur eštub",0,"hašhur[apple]N_šeʾeštub[barley]N"
"P228096",15,"o i 13","garig[comb]N saŋdu[head]N","{ŋeš}ga-rig₂ saŋ-du",0,"garig[comb]N_saŋdu[head]N"
"P459227",6,"o i 3'","x-AGA[NA]NA","x-AGA",0,"x-AGA[NA]NA"
"P459218",98,"o iv 19","alšub[tool]N","{ŋeš}al-šub",0,"alšub[tool]N"
"Q000001",177,"177","gud[ox]N ŋeštaga[sacrifice]N","gud ŋeš-tag-ga",0,"gud[ox]N_ŋeštaga[sacrifice]N"
"P247864",408,"o vii 27'","{ŋeš}|(HI×AŠ₂).(HI×AŠ₂)|[NA]NA","{ŋeš}|(HI×AŠ₂).(HI×AŠ₂)|",0,"{ŋeš}|(HI×AŠ₂).(HI×AŠ₂)|[NA]NA"
"P388265",77,"iii 27","hašhur[apple]N armanu[tree]N","{ŋeš}hašhur ar-wa-a-nu-um",0,"hašhur[apple]N_armanu[tree]N"
"P332939",8,"o i 5","šagkal[tree]N","{ŋeš}šag₄-ul₄",0,"šagkal[tree]N"
"P235262",118,"d ii 23'","{ŋeš}x-da[NA]NA margida[cart]N","{ŋeš}x-da mar-gid₂-da",0,"{ŋeš}x-da[NA]NA_margida[cart]N"
"P459216",14,"i 12","ŋeštinkaʾa[grape]N","{ŋeš}ŋeštin-ka₅-a",0,"ŋeštinkaʾa[grape]N"
"P271911",199,"unknown","unknown","unknown",1,"unknown"
"P271301",285,"r i 13","na[box]N gal[big]V/i","{ŋeš}na gal",0,"na[box]N_gal[big]V/i"
"P273880",379,"b iv 46","gag[nail]N šum[garlic]N širdili[~garlic]N","{ŋeš}gag šum₂ šir-dili",0,"gag[nail]N_šum[garlic]N_širdili[~garlic]N"
"Q000039",678,"610","zamin[lyre]N","{ŋeš}za₃-mi₂",0,"zamin[lyre]N"
"Q000001",336,"336","uman[insect]N a[water]N","umanₓ(|HI×AŠ₂|) a",0,"uman[insect]N_a[water]N"
"P273880",379,"b iv 46","gag[nail]N šum[garlic]N širdili[~garlic]N","{ŋeš}gag šum₂ šir-dili",0,"gag[nail]N_šum[garlic]N_širdili[~garlic]N"
"P459218",6,"unknown","unknown","unknown",8,"unknown"
"P253896",4,"o 3","isimu[sprout]N","{ŋeš}isimu₃{+mu₂}",0,"isimu[sprout]N"
"P271771",6,"unknown","unknown","unknown",4,"unknown"
"P253887",5,"o 2","ma[ship]N niš[twenty]NU gur[unit]N","ma₂ niš gur",0,"ma[ship]N_niš[twenty]NU_gur[unit]N"
"P347814",270,"d i 33'","{ŋeš}KUD[NA]NA","{ŋeš}KUD",0,"{ŋeš}KUD[NA]NA"
"P389437",3,"o 2","ŋeš[tree]N ya[five]NU giŋ[unit]N","ŋeš ia₂ giŋ₄",0,"ŋeš[tree]N_ya[five]NU_giŋ[unit]N"
"P271911",89,"o ii 16","x[NA]NA","x",0,"x[NA]NA"
"P271301",4,"o i 1","taškarin[boxwood]N","{ŋeš}taškarin",0,"taškarin[boxwood]N"
"Q000039",557,"501","tukul[weapon]N gaz[kill]V/t","{ŋeš}tukul gaz",0,"tukul[weapon]N_gaz[kill]V/t"
"P388265",384,"r vi 25","ba[tool]N GIN₂[NA]NA","{ŋeš}ba GIN₂",0,"ba[tool]N_GIN₂[NA]NA"
"Q000039",328,"290","magur[barge]N Ninlil[1]DN","{ŋeš}ma₂-gur₈ {d}nin-lil₂",0,"magur[barge]N_Ninlil[1]DN"
"P459784",8,"unknown","unknown","unknown",2,"unknown"
"P447996",217,"r iii 18","x-KA[NA]NA ma[ship]N","x-KA ma₂",0,"x-KA[NA]NA_ma[ship]N"
"P271792",24,"r 19'","x-x-ta[NA]NA","x-x-ta",0,"x-x-ta[NA]NA"
"Q000039",26,"24","eš[tree]N","{ŋeš}eš₂₂",0,"eš[tree]N"
"P271911",614,"r v 11","alan[statue]N","alan",0,"alan[statue]N"
"P388265",262,"r iv 2","{ŋeš}x-x[NA]NA","{ŋeš}x-x",0,"{ŋeš}x-x[NA]NA"
"Q000039",587,"528","sa[net]N gal[big]V/i","{ŋeš}sa gal",0,"sa[net]N_gal[big]V/i"
"P250736",261,"r iii 22","ugur[pot]N bala[turn]V/t","{dug}ugur₂ bala",0,"ugur[pot]N_bala[turn]V/t"
"Q000001",156,"156","sila[lamb]N gabaria[offering]N","sila₄ gaba-ri-a",0,"sila[lamb]N_gabaria[offering]N"
"P347814",5,"a i 3'","ig[door]N x-PA-ra[NA]NA","{ŋeš}ig x-PA-ra",0,"ig[door]N_x-PA-ra[NA]NA"
"P271792",18,"unknown","unknown","unknown",1,"unknown"
"P332934",137,"o ii 54","tiʾarum[tree]N","{ŋeš}ti-ia-lum",0,"tiʾarum[tree]N"
"Q000001",319,"319","amsi[elephant]N","am-si",0,"amsi[elephant]N"
"P247864",103,"o ii 40","ba[tool]N sim[sieve]V/t","{ŋeš}ba sim",0,"ba[tool]N_sim[sieve]V/t"
"P347814",188,"c i 44'","dur[board]N šeg[brick]N","{ŋeš}dur₂ šeg₁₂",0,"dur[board]N_šeg[brick]N"
"Q000039",511,"458","gag[nail]N nig[~plow]N apin[plow]N","{ŋeš}gag nig apin",0,"gag[nail]N_nig[~plow]N_apin[plow]N"
"P332934",224,"o iii 62","ŋali[~palm]N ŋešnimbar[palm]N","{ŋeš}ŋa₂-ŋa₂-na ŋešnimbar",0,"ŋali[~palm]N_ŋešnimbar[palm]N"
"P347814",282,"d ii 10'","{ŋeš}MA-x[NA]NA","{ŋeš}MA-x",0,"{ŋeš}MA-x[NA]NA"
"P228196",23,"23","{ŋeš}{+da-ag}dag[NA]NA","{ŋeš}{+da-ag}dag",0,"{ŋeš}{+da-ag}dag[NA]NA"
"P459216",12,"i 10","ŋeštin[vine]N","{ŋeš}ŋeštin",0,"ŋeštin[vine]N"
"P459217",109,"iv 31","ŋešnimbar[palm]N SI-DU₃-X[NA]NA x[NA]NA","{ŋeš}ŋešnimbar SI-DU₃-X x",0,"ŋešnimbar[palm]N_SI-DU₃-X[NA]NA_x[NA]NA"
"P271301",224,"o iv 58","arina[madder]N","{ŋeš}i-ri₉-na",0,"arina[madder]N"
"P273880",679,"d ii 14'","{ŋeš}x[NA]NA sipad[shepherd]N","{ŋeš}x sipad",0,"{ŋeš}x[NA]NA_sipad[shepherd]N"
"P247864",39,"o i 36","{ŋeš}ŠID-da[NA]NA","{ŋeš}ŠID-da",0,"{ŋeš}ŠID-da[NA]NA"
"P271911",436,"r ii 39","x[NA]NA","x",0,"x[NA]NA"
"P253887",11,"r 3","ma[ship]N x[NA]NA gur[unit]N","ma₂ x gur",0,"ma[ship]N_x[NA]NA_gur[unit]N"
"P247864",103,"o ii 40","ba[tool]N sim[sieve]V/t","{ŋeš}ba sim",0,"ba[tool]N_sim[sieve]V/t"
"P271301",179,"o iv 13","su[fibers]N gal[big]V/i ŋešnimbar[palm]N","{ŋeš}su₁₁ gu-la ŋešnimbar",0,"su[fibers]N_gal[big]V/i_ŋešnimbar[palm]N"
"P247864",307,"o v 55","dim[post]N ma[ship]N","{ŋeš}dim ma₂",0,"dim[post]N_ma[ship]N"
"P370399",6,"o i 3'","x[NA]NA ŋešnimbar[palm]N","x ŋešnimbar",0,"x[NA]NA_ŋešnimbar[palm]N"
"P447996",68,"o iv 37","ŋeštin[vine]N garan[bunch]N","{ŋeš}ŋeštin ga-ra-an",0,"ŋeštin[vine]N_garan[bunch]N"
"P437074",89,"b ii 13''","guza[chair]N munus[woman]N","{ŋeš}gu-za munus",0,"guza[chair]N_munus[woman]N"
"Q000039",464,"415","ŋešgina[~loom]N","{ŋeš}niŋ₂-gi-na",0,"ŋešgina[~loom]N"
"P447996",160,"r i 42","mud[stump]N ŋešnimbar[palm]N","{ŋeš}mud ŋešnimbar",0,"mud[stump]N_ŋešnimbar[palm]N"
"P253866",79,"o iii 12'","innušugura[chopper]N","{ŋeš}in-nu-šu-gur₁₀-a",0,"innušugura[chopper]N"
"P271301",116,"o iii 4","eren[cedar]N babbar[white]V/i","{ŋeš}eren babbar",0,"eren[cedar]N_babbar[white]V/i"
"P447996",27,"o iii 23","ildag[poplar]N x[NA]NA","{ŋeš}ildag₂ x",0,"ildag[poplar]N_x[NA]NA"
"P273880",653,"d i 36'","ŋeš[tree]N kud[cut]V/t","ŋeš kud",0,"ŋeš[tree]N_kud[cut]V/t"
"P253228",20,"o ii 1","saŋkul[bolt]N gigir[chariot]N","{ŋeš}sag-gul gigir₂",0,"saŋkul[bolt]N_gigir[chariot]N"
"Q000039",176,"146","{ŋeš}{d}ha-ia₃[NA]NA","{ŋeš}{d}ha-ia₃",0,"{ŋeš}{d}ha-ia₃[NA]NA"
"P370399",60,"o ii 33'","ŋešnud[bed]N garba[knob]N x-x[NA]NA","ŋeš-nud gar₃-ga x-x",0,"ŋešnud[bed]N_garba[knob]N_x-x[NA]NA"
"Q000039",752,"681","ešgiri[staff]N","ŋeš-giri₁₉",0,"ešgiri[staff]N"
"P271911",154,"o iii 4'","apin[plow]N tugsaga[plow]N","apin šu-uš-saga₁₁",0,"apin[plow]N_tugsaga[plow]N"
"P253866",20,"o i 15'","šerim[~loom]N andul[shade]N","{ŋeš}šerim an-dul₃",0,"šerim[~loom]N_andul[shade]N"
"P429503",28,"o i 25","peš[fig]N","{ŋeš}peš₃",0,"peš[fig]N"
"P429503",21,"o i 18","ŋeštin[vine]N garan[bunch]N","{ŋeš}ŋeštin ga-ra-na",0,"ŋeštin[vine]N_garan[bunch]N"
"Q000039",531,"475","suhur[tool]N","{ŋeš}suhur",0,"suhur[tool]N"
"P271771",106,"r i 12'","šuʾa[stool]N","{ŋeš}šuaₓ(|ŠU₂×(A.DIŠ)|)",0,"šuʾa[stool]N"
"P459217",72,"iii 22","ŋešnimbar[palm]N","{ŋeš}ŋešnimbar",0,"ŋešnimbar[palm]N"
"P250736",258,"r iii 19","amamsab[jar]N","{dug}am-ma-am-sab",0,"amamsab[jar]N"
"P273880",390,"b iv 58","masatum[lance?]N","{ŋeš}ma-sa-tum",0,"masatum[lance?]N"
"Q000001",197,"197","gud[ox]N an[sky]N","gud an",0,"gud[ox]N_an[sky]N"
"P253238",25,"r 2","ildag[poplar]N bur[to-spread-out-cover]V/t","{ŋeš}ildag₂ bu-r·a",0,"ildag[poplar]N_bur[to-spread-out-cover]V/t"
"P388265",131,"r i 9","saŋ[head]N apin[plow]N","{ŋeš}saŋ apin",0,"saŋ[head]N_apin[plow]N"
"P332934",187,"o iii 23","ŋešnimbar[palm]N uhin[date]N šag[heart]N ud[sun]N","{ŋeš}ŋešnimbar u₄-hi-in šag₄ ud",0,"ŋešnimbar[palm]N_uhin[date]N_šag[heart]N_ud[sun]N"
"P250736",6,"o i 2","gi[thicket]N gub[stand]V/i","{ŋeš}gi gub",0,"gi[thicket]N_gub[stand]V/i"
"P437074",44,"b i 5''","zutianum[a-tree]N","{ŋeš}zu₃-di-in-nu-um",0,"zutianum[a-tree]N"
"P447996",88,"o v 13","nurma[pomegranate]N dili[single]V/i","{ŋeš}nu-ur₂-ma dili",0,"nurma[pomegranate]N_dili[single]V/i"
"Q000039",572,"515","lidga[vessel]N","{ŋeš}lid₂-ga",0,"lidga[vessel]N"
"P225023",6,"o i 3","emerah[jug]N x[NA]NA","{ŋeš}emerah x",0,"emerah[jug]N_x[NA]NA"
"P332934",76,"o i 20'","ildag[poplar]N kindar[hole]N","{ŋeš}ildag₂ kin-tur",0,"ildag[poplar]N_kindar[hole]N"
"P437074",177,"c ii 10'","{ŋeš}x[NA]NA x[NA]NA","{ŋeš}x x",0,"{ŋeš}x[NA]NA_x[NA]NA"
"P271301",465,"r iv 46","margida[cart]N Elam[1]GN","{ŋeš}mar-gid₂-da elam-ma{ki}",0,"margida[cart]N_Elam[1]GN"
"P388265",305,"r iv 46","SAL.UŠ[sheath]N x[NA]NA","{ŋeš}|SAL.UŠ| x",0,"SAL.UŠ[sheath]N_x[NA]NA"
"P332939",10,"o i 7","ŋešgana[tree]N babbar[white]V/i","ŋeš-kin₂ babbar",0,"ŋešgana[tree]N_babbar[white]V/i"
"Q000001",36,"36","udu[sheep]N nim[high]V/i","udu nim",0,"udu[sheep]N_nim[high]V/i"
"P250364",43,"o ii 18","apin[plow]N šukara[tool]N bir[scatter]V/t","{ŋeš}apin {ŋeš}šu-kara₂ bir-bir",0,"apin[plow]N_šukara[tool]N_bir[scatter]V/t"
"P271320",24,"o i 16'","guza[chair]N gar[knob]N urud[copper]N ŋar[place]V/t","{ŋeš}gu-za gar₃ uruda ŋar",0,"guza[chair]N_gar[knob]N_urud[copper]N_ŋar[place]V/t"
"P271301",250,"o v 23'","guza[chair]N niŋšu[goods]N","{ŋeš}gu-za niŋ₂-šu",0,"guza[chair]N_niŋšu[goods]N"
"Q000001",193,"193","gud[ox]N a₂.gur.X.X[~oxen]N","gud a₂-gur-x-x",0,"gud[ox]N_a₂.gur.X.X[~oxen]N"
"Q000039",203,"169","guza[chair]N anše[equid]N","{ŋeš}gu-za anše",0,"guza[chair]N_anše[equid]N"
"P273880",324,"b iii 52","tilpanum[bow]N","{ŋeš}ti-il-ba-nu-um",0,"tilpanum[bow]N"
"Q000001",100,"100","udu[sheep]N mašanše[animals]N","udu maš₂-anše",0,"udu[sheep]N_mašanše[animals]N"
"Q000039",769,"698","piriŋ[lion]N","{ŋeš}piriŋ",0,"piriŋ[lion]N"
"P247864",177,"o iii 51","gaba[chest]N gigir[chariot]N","{ŋeš}gaba gigir",0,"gaba[chest]N_gigir[chariot]N"
"P235262",90,"d i 33'","x[NA]NA gigir[chariot]N","x gigir",0,"x[NA]NA_gigir[chariot]N"
"P332934",235,"o iv 6'","zaraštum[plant]N","{ŋeš}zar-aš₂-tum",0,"zaraštum[plant]N"
"P253233",36,"r i 4'","ŋipar[tree]N","{ŋeš}ŋi₆-par₄",0,"ŋipar[tree]N"
"P299509",1,"1","ŋešnud[bed]N","ŋeš-nud",0,"ŋešnud[bed]N"
"P273880",169,"b i 12'","guza[chair]N namdumu[status]N","{ŋeš}gu-za nam-dumu",0,"guza[chair]N_namdumu[status]N"
"P273880",634,"d i 7'","ŋešpu[rim]N mansim[sieve]N","ŋeš-bu {gi}ma-an-sim",0,"ŋešpu[rim]N_mansim[sieve]N"
"P250736",186,"r i 40","usag[bundle]N kud[cut]V/t","{gi}u₂-saga₁₁ kud",0,"usag[bundle]N_kud[cut]V/t"
"Q000039",138,"115","samana[tree]N","{ŋeš}sa-ma-na₂",0,"samana[tree]N"
"Q000001",112,"112","u[ewe]N ŋeš[penis]N zu[know]V/t","u₈ ŋeš₃ zu-zu",0,"u[ewe]N_ŋeš[penis]N_zu[know]V/t"
"P247864",105,"o ii 42","ba[tool]N šab[cut]V/t","{ŋeš}ba sa-ba",0,"ba[tool]N_šab[cut]V/t"
"P273880",452,"c i 57","gimuš[pole]N","{ŋeš}gi-muš",0,"gimuš[pole]N"
"P271301",88,"o ii 36","manu[wood]N kalag[strong]V/i","{ŋeš}ma-nu kalag",0,"manu[wood]N_kalag[strong]V/i"
"P273880",411,"c i 14","tukul[weapon]N imin[seven]NU","{ŋeš}tukul {d}imin",0,"tukul[weapon]N_imin[seven]NU"
"P250364",148,"r iii 14'","{ŋeš}ra-x-x[NA]NA","{ŋeš}ra-x-x",0,"{ŋeš}ra-x-x[NA]NA"
"Q000001",82,"82","udu[sheep]N šu[hand]N saŋ[head]N dug[speak]V/t","udu šu saŋ dug₄",0,"udu[sheep]N_šu[hand]N_saŋ[head]N_dug[speak]V/t"
"P429503",120,"r i' 24'","tukul[weapon]N naŋasikaz[pestle]N","{ŋeš}tukul naŋa₃-si₃-gaz",0,"tukul[weapon]N_naŋasikaz[pestle]N"
"P347814",49,"a ii 20'","{ŋeš}x[NA]NA","{ŋeš}x",0,"{ŋeš}x[NA]NA"
"P271911",412,"unknown","unknown","unknown",1,"unknown"
"P271911",336,"r i 24'","lubi[ax]N","{+la-ab}lub",0,"lubi[ax]N"
"P250736",263,"r iii 24","banmin[vessel]N","{dug}niŋ₂-{+ba-an}banmin",0,"banmin[vessel]N"
"P459217",127,"r i 14'","huš[plant]N","{ŋeš}huš",0,"huš[plant]N"
"Q000001",359,"359","bir[locust]N tur[small]V/i","bir₅ tur-tur",0,"bir[locust]N_tur[small]V/i"
"P332930",25,"r 4","ma[ship]N dirig[float]V/i","{ŋeš}ma₂ dirig",0,"ma[ship]N_dirig[float]V/i"
"P250736",191,"r i 45","dug[pot]N gal[big]V/i","dug gal",0,"dug[pot]N_gal[big]V/i"
"P271301",79,"o ii 27","manu[wood]N duru[wet]V/i","{ŋeš}ma-nu duru₅{+ru}",0,"manu[wood]N_duru[wet]V/i"
"P271301",99,"o ii 47","nurma[pomegranate]N","{ŋeš}nu-ur₂-ma",0,"nurma[pomegranate]N"
"P273880",417,"c i 20","alal[tube]N","{ŋeš}alal",0,"alal[tube]N"
"P271301",148,"o iii 36","ŋešnimbar[palm]N ŋal[be]V/i","{ŋeš}ŋešnimbar ŋal₂",0,"ŋešnimbar[palm]N_ŋal[be]V/i"
"Q000001",254,"254","eme[donkey]N","eme₅",0,"eme[donkey]N"
"Q000039",34,"28","bir.GAM.la.e[tree]N","{ŋeš}bir-GAM-mes-E",0,"bir.GAM.la.e[tree]N"
"P271911",343,"unknown","unknown","unknown",1,"unknown"
"P271301",373,"r iii 6","ma[ship]N addir[ferry]N","{ŋeš}ma₂ addir",0,"ma[ship]N_addir[ferry]N"
"Q000001",508,"504","uzu[flesh]N imma[vulva]N","uzu im-ma",0,"uzu[flesh]N_imma[vulva]N"
"P388265",246,"r iii 25","ŋešnud[bed]N umbin[nail]N sal[thin]V/i","ŋeš-nud umbin sal",0,"ŋešnud[bed]N_umbin[nail]N_sal[thin]V/i"
"P250736",278,"r iii 39","gir[oven]N šuʾi[barber]N","gir₄ šu-i",0,"gir[oven]N_šuʾi[barber]N"
"P271911",475,"r iii 14","tukul[weapon]N lugal[king]N","tukul lugal",0,"tukul[weapon]N_lugal[king]N"
"P370399",83,"o iii 22'","kaŋeškarak[table]N","{ŋeš}ka-ŋeš-kara₄",0,"kaŋeškarak[table]N"
"Q000039",273,"237","banšurzaggula[table]N","{ŋeš}banšur-zag-gu-la",0,"banšurzaggula[table]N"
"P459217",4,"i 3'","ŋeštin[vine]N","{ŋeš}ŋeštin",0,"ŋeštin[vine]N"
"Q000039",547,"491","zirigum[irrigation-device]N","{ŋeš}zi-ri₂-gum",0,"zirigum[irrigation-device]N"
"P332934",20,"o i 16","ŋeštinkira[berry]N","{ŋeš}ŋeštin-ŋir₂-ri-a",0,"ŋeštinkira[berry]N"
"P271911",255,"unknown","unknown","unknown",1,"unknown"
"P251649",11,"o 10","igiŋal[sign]N","{ŋeš}igi-ŋal₂",0,"igiŋal[sign]N"
"P271911",295,"o iv 56","gur[rim]N ellaŋdu[trap]N","gur₂ ellaŋ₂-du₃",0,"gur[rim]N_ellaŋdu[trap]N"
"P459217",38,"ii 14'","ŋipar[tree]N","{ŋeš}ŋi₆-par₄",0,"ŋipar[tree]N"
"P388265",20,"i 22","mirišŋara[tree]N","{ŋeš}mi-ri₂-iš-ŋar-ra",0,"mirišŋara[tree]N"
"P332934",153,"o ii 69","ŋešnimbar[palm]N x[NA]NA","{ŋeš}ŋešnimbar x",0,"ŋešnimbar[palm]N_x[NA]NA"
"P388265",362,"r v 52","{ŋeš}X[NA]NA","{ŋeš}X",0,"{ŋeš}X[NA]NA"
"P247864",85,"o ii 22","{ŋeš}da-sur-x[NA]NA ŋešnimbar[palm]N","{ŋeš}da-sur-x ŋešnimbar",0,"{ŋeš}da-sur-x[NA]NA_ŋešnimbar[palm]N"
"P253245",19,"o 15","ŋirigub[footstool]N","{ŋeš}ŋiri₃-gub",0,"ŋirigub[footstool]N"
"P253228",21,"o ii 2","al[hoe]N","{ŋeš}al",0,"al[hoe]N"
"P388265",138,"r i 16","sala[~plow]N apin[plow]N","{ŋeš}sal-la apin",0,"sala[~plow]N_apin[plow]N"
"P271301",130,"o iii 18","isimu[sprout]N","{ŋeš}isimu₃{+mu₂}",0,"isimu[sprout]N"
"P224994",5,"o i 2","{ŋeš}SI-x[NA]NA","{ŋeš}SI-x",0,"{ŋeš}SI-x[NA]NA"
"P253238",16,"o 13'","bir.GAM.la.e[tree]N","{ŋeš}bir-TAR-AB",0,"bir.GAM.la.e[tree]N"
"P388265",71,"iii 21","še[cone]N usuh[tree]N","{ŋeš}še u₃-suh₅",0,"še[cone]N_usuh[tree]N"
"Q000039",106,"85","{ŋeš}KU[NA]NA kiri[orchard]N x[NA]NA x[NA]NA ŋešnimbar[palm]N","{ŋeš}KU {ŋeš}kiri₆ x x ŋešnimbar",0,"{ŋeš}KU[NA]NA_kiri[orchard]N_x[NA]NA_x[NA]NA_ŋešnimbar[palm]N"
"P447996",13,"o iii 9'","šeše[tree]N","{ŋeš}še-še",0,"šeše[tree]N"
"P332934",115,"o ii 32","mes[tree]N","{ŋeš}mes",0,"mes[tree]N"
"P447996",22,"o iii 18","kur[wood]N","{ŋeš}kur",0,"kur[wood]N"
"P250364",16,"o i 13","izzi[wall]N $GAM[NA]NA gigir[chariot]N","{ŋeš}i-zi $GAM gigir",0,"izzi[wall]N_$GAM[NA]NA_gigir[chariot]N"
"P271911",509,"r iii 41","x[NA]NA limmu[four]NU","x limmu₂",0,"x[NA]NA_limmu[four]NU"
"P447996",137,"r i 19","zena[midrib]N ŋešnimbar[palm]N","{ŋeš}ze₂-an-na ŋešnimbar",0,"zena[midrib]N_ŋešnimbar[palm]N"
"P388265",89,"iv 6","KID.da[twig]N sil[split]V/i","{ŋeš}KID-da za₃-l·a₂",0,"KID.da[twig]N_sil[split]V/i"
"P271301",171,"o iv 5","{ŋeš}x[NA]NA","{ŋeš}x",0,"{ŋeš}x[NA]NA"
"P253233",20,"o ii 3","dilim[spoon]N banšur[table]N","{ŋeš}dilim₂ banšur",0,"dilim[spoon]N_banšur[table]N"
"P247864",346,"o vi 30","x-x[NA]NA","x-x",0,"x-x[NA]NA"
"Q000039",593,"534","sadu[net]N","{ŋeš}sa-du₃",0,"sadu[net]N"
"P250736",81,"o iii 15","gigur[container]N ara[grind]V/t","gi-gur ar₃-ra",0,"gigur[container]N_ara[grind]V/t"
"P271911",186,"o iii 31'","gag[nail]N leʾum[board]N apin[plow]N","gag le-u₅-um apin",0,"gag[nail]N_leʾum[board]N_apin[plow]N"
"P271911",291,"o iv 53","saʾad[trap?]N","sa-ad",0,"saʾad[trap?]N"
"P332934",265,"unknown","unknown","unknown",999,"unknown"
"P253866",51,"o ii 15'","guza[chair]N nita[male]N","{ŋeš}gu-za nita",0,"guza[chair]N_nita[male]N"
"P370399",186,"o vi 33'","ŋidru[scepter]N harmušen[snare]N","{ŋeš}ŋidru har-mušen-na",0,"ŋidru[scepter]N_harmušen[snare]N"
"P250736",71,"o iii 5","kid[mat]N KA.izi[burning]N","{gi}kid KA-izi",0,"kid[mat]N_KA.izi[burning]N"
"P346714",29,"r i 33'","usakar[moon]N margida[cart]N","{ŋeš}u₄-sakar mar-gid₂-da",0,"usakar[moon]N_margida[cart]N"
"P253228",6,"o i 3","zu[tooth]N al[hoe]N","{ŋeš}zu₂ al",0,"zu[tooth]N_al[hoe]N"
"P346897",3,"o 2","e[house]N gigir[chariot]N","{ŋeš}e₂ gigir",0,"e[house]N_gigir[chariot]N"
"Q000001",215,"215","ab[cow]N ib[hips]N gig[sick]V/i","ab₂ ib₂ gig",0,"ab[cow]N_ib[hips]N_gig[sick]V/i"
"P271911",211,"o iii 52'","al[hoe]N sa[sinew]N","al sa",0,"al[hoe]N_sa[sinew]N"
"P250364",30,"o ii 5","ŋirigub[footstool]N margida[cart]N","{ŋeš}ŋiri₃ mar-gid₂-da",0,"ŋirigub[footstool]N_margida[cart]N"
"P253866",95,"o iii 31'","{ŋeš}x[NA]NA x[NA]NA","{ŋeš}x x",0,"{ŋeš}x[NA]NA_x[NA]NA"
"P459216",58,"ii 26","zirdum[olive]N","{ŋeš}zi₂-ir-dum",0,"zirdum[olive]N"
"Q000001",194,"194","gud[ox]N a₂-x-x[NA]NA","gud a₂-x-x",0,"gud[ox]N_a₂-x-x[NA]NA"
"P247864",17,"o i 14","ŋešgana[tree]N babbar[white]V/i","ŋeš-kin₂ babbar",0,"ŋešgana[tree]N_babbar[white]V/i"
"P250364",153,"r iii 19'","{ŋeš}zi-da-ne[NA]NA","{ŋeš}zi-da-ne",0,"{ŋeš}zi-da-ne[NA]NA"
"P332934",214,"o iii 52","šagzu[midwife]N ŋešnimbar[palm]N","{ŋeš}šag₄-zu ŋešnimbar",0,"šagzu[midwife]N_ŋešnimbar[palm]N"
"P437074",43,"b i 4''","peškal[tree]N","{ŋeš}peš₇-kal",0,"peškal[tree]N"
"P271301",69,"o ii 17","ildag[poplar]N dan-na[NA]NA","{ŋeš}ildag₂ dan-na",0,"ildag[poplar]N_dan-na[NA]NA"
"P347814",265,"d i 20'","dur[balk]N","{ŋeš}dur",0,"dur[balk]N"
"P247864",295,"o v 43","{ŋeš}x-x[NA]NA","{ŋeš}x-x",0,"{ŋeš}x-x[NA]NA"
"P332934",369,"r iv 3'","usan[whip]N","{ŋeš}usan₃",0,"usan[whip]N"
"P271301",401,"r iii 34","ma[ship]N ŋeš[sixty]NU gur[unit]N","{ŋeš}ma₂ ŋeš₂ gur",0,"ma[ship]N_ŋeš[sixty]NU_gur[unit]N"
"P409466",8,"o 7","ma[ship]N {d}ud-da-aš[NA]NA x-nu-da[NA]NA","{ŋeš}ma₂ {d}ud-da-aš x-nu-da",0,"ma[ship]N_{d}ud-da-aš[NA]NA_x-nu-da[NA]NA"
"P271911",520,"r iii 50","šag[heart]N ninda[bull]N","šag₄ ninda₂",0,"šag[heart]N_ninda[bull]N"
"Q000039",725,"653","halba[bucket]N","{ŋeš}halba₅",0,"halba[bucket]N"
"P273880",300,"b iii 24","mar[shovel]N gir[oven]N","{ŋeš}mar gir₄",0,"mar[shovel]N_gir[oven]N"
"Q000039",177,"147","ŋešdubdim[tool]N","ŋeš-dub-dim₂",0,"ŋešdubdim[tool]N"
"P271911",172,"o iii 19'","har[ring]N apin[plow]N","har apin",0,"har[ring]N_apin[plow]N"
"P347814",57,"a ii 28'","{ŋeš}x[NA]NA","{ŋeš}x",0,"{ŋeš}x[NA]NA"
"P273880",601,"c iv 35","tulubum[tree]N","{ŋeš}dili-bu",0,"tulubum[tree]N"
"P247864",15,"o i 12","lam[tree]N gal[big]V/i","{ŋeš}lam gal",0,"lam[tree]N_gal[big]V/i"
"P273880",263,"b ii 56","epig[drinking-vessel]N x[NA]NA","{ŋeš}epig x",0,"epig[drinking-vessel]N_x[NA]NA"
"Q000001",472,"469","uzu[flesh]N i[oil]N tab[double]V/t","uzu i₃ tab",0,"uzu[flesh]N_i[oil]N_tab[double]V/t"
"P459218",33,"o ii 13'","garig[comb]N","{ŋeš}ga-rig₂",0,"garig[comb]N"
"Q000039",696,"627a","ebir[vessel-stand]N dug[pot]N imin[seven]NU","{ŋeš}ebir dug imin",0,"ebir[vessel-stand]N_dug[pot]N_imin[seven]NU"
"P271911",314,"r i 6'","šukur[lance]N gal[big]V/i","šu-gur gal",0,"šukur[lance]N_gal[big]V/i"
"P332930",29,"r 8","ma[ship]N ninnu[fifty]NU gur[unit]N","{ŋeš}ma₂ ninnu gur",0,"ma[ship]N_ninnu[fifty]NU_gur[unit]N"
"P271911",233,"unknown","unknown","unknown",1,"unknown"
"P253866",7,"o i 2'","saŋdu[beam]N","{ŋeš}saŋ-du",0,"saŋdu[beam]N"
"Q000001",353,"353","nim[fly]N inun[ghee]N","nim i₃-nun",0,"nim[fly]N_inun[ghee]N"
"P271771",46,"o iv 2","ŋešnimbar[palm]N munus[woman]N","{ŋeš}ŋešnimbar mi",0,"ŋešnimbar[palm]N_munus[woman]N"
"Q000001",446,"445","uzu[flesh]N mehi[tissue]N","uzu me-hi",0,"uzu[flesh]N_mehi[tissue]N"
"P388265",179,"r ii 6","guza[chair]N margida[cart]N","{ŋeš}gu-za mar-gid₂-da",0,"guza[chair]N_margida[cart]N"
"P459217",150,"r ii 19'","tun[container]N muhaldim[cook]N","{ŋeš}tun₃ muhaldim",0,"tun[container]N_muhaldim[cook]N"
"P432448",20,"o 14'","ŋeštinguruma[~vine]N","{ŋeš}ŋeštin-gurum-ma",0,"ŋeštinguruma[~vine]N"
"P388330",6,"o 5","hašhur[apple]N šeŋuš[barley]N","{ŋeš}hašhur še-muš₅",0,"hašhur[apple]N_šeŋuš[barley]N"
"P409466",8,"o 7","ma[ship]N {d}ud-da-aš[NA]NA x-nu-da[NA]NA","{ŋeš}ma₂ {d}ud-da-aš x-nu-da",0,"ma[ship]N_{d}ud-da-aš[NA]NA_x-nu-da[NA]NA"
"P429504",21,"o iii' 2","ad[bush]N","{ŋeš}ad₂",0,"ad[bush]N"
"P247864",346,"o vi 30","x-x[NA]NA","x-x",0,"x-x[NA]NA"
"P271771",96,"r i 2'","x[NA]NA guza[chair]N","x gu-za",0,"x[NA]NA_guza[chair]N"
"P247864",78,"o ii 15","{ŋeš}x-x[NA]NA ŋešnimbar[palm]N","{ŋeš}x-x ŋešnimbar",0,"{ŋeš}x-x[NA]NA_ŋešnimbar[palm]N"
"P273880",464,"c ii 8","si[horn]N ma[ship]N","{ŋeš}si ma₂",0,"si[horn]N_ma[ship]N"
"P437074",89,"b ii 13''","guza[chair]N munus[woman]N","{ŋeš}gu-za munus",0,"guza[chair]N_munus[woman]N"
"Q000001",16,"16","udu[sheep]N TU[sheep]N","udu TU",0,"udu[sheep]N_TU[sheep]N"
"P347814",196,"c ii 2'","ŋeš[tree]N 11[NA]NA x[NA]NA","ŋeš 11 x",0,"ŋeš[tree]N_11[NA]NA_x[NA]NA"
"Q000001",56,"56","udu[sheep]N ŋirtab[scorpion]N","udu ŋir₂-tab",0,"udu[sheep]N_ŋirtab[scorpion]N"
"P250364",65,"o iv 5","e[house]N ŋešrin[scales]N","{ŋeš}e₂ rin₂",0,"e[house]N_ŋešrin[scales]N"
"P346714",82,"r iii 04'","kur[wood]N","{ŋeš}kur",0,"kur[wood]N"
"P332934",159,"o ii 75","ŋešnimbar[palm]N x[NA]NA","{ŋeš}ŋešnimbar x",0,"ŋešnimbar[palm]N_x[NA]NA"
"P253866",40,"o ii 4'","ŋirigub[footstool]N lammar[deity]N","{ŋeš}ŋiri₃-gub {d}lamma",0,"ŋirigub[footstool]N_lammar[deity]N"
"Q000039",383,"340","šudul[yoke]N gigir[chariot]N","{ŋeš}šu₂-dul₄ gigir",0,"šudul[yoke]N_gigir[chariot]N"
"P388265",317,"r v 2","{ŋeš}x[NA]NA ma[ship]N","{ŋeš}x ma₂",0,"{ŋeš}x[NA]NA_ma[ship]N"
"P459230",2,"o 1","ma[ship]N Ninurta[1]DN","{ŋeš}ma₂ {d}nin-urta",0,"ma[ship]N_Ninurta[1]DN"
"P347814",16,"unknown","unknown","unknown",2,"unknown"
"Q000039",413,"368","umbin[wheel]N margida[cart]N","{ŋeš}umbin mar-gid₂-da",0,"umbin[wheel]N_margida[cart]N"
"Q000039",88,"70","ŋešnimbar[palm]N kud[cut]V/t","{ŋeš}ŋešnimbar kud",0,"ŋešnimbar[palm]N_kud[cut]V/t"
"Q000039",416,"371","gag[nail]N usakar[moon]N margida[cart]N","{ŋeš}gag u₄-sakar mar-gid₂-da",0,"gag[nail]N_usakar[moon]N_margida[cart]N"
"P273880",503,"c ii 48","ŋiškim[sign]N","{ŋeš}ŋiškim",0,"ŋiškim[sign]N"
"P229426",33,"r ii 7","ma[ship]N An[1]DN","{ŋeš}ma₂ an-na",0,"ma[ship]N_An[1]DN"
"P271301",357,"r ii 41","ma[ship]N","{ŋeš}ma₂",0,"ma[ship]N"
"Q000001",183,"183","gud[ox]N na[cvne]N deg[collect]V/t","gud na degₓ(RI)",0,"gud[ox]N_na[cvne]N_deg[collect]V/t"
"P247864",87,"o ii 24","kišig[acacia]N","{ŋeš}kišig",0,"kišig[acacia]N"
"P273880",572,"c iv 4","{ŋeš}niŋ₂-x[NA]NA","{ŋeš}niŋ₂-x",0,"{ŋeš}niŋ₂-x[NA]NA"
"P346872",3,"o 2","na[box]N gal[big]V/i","{ŋeš}na₅ gal",0,"na[box]N_gal[big]V/i"
"P429504",43,"r i 6'","guza[chair]N šuniŋin[total]N","{ŋeš}gu-za šu-niŋ₂-n·a",0,"guza[chair]N_šuniŋin[total]N"
"P247864",329,"o vi 13","{ŋeš}x[NA]NA","{ŋeš}x",0,"{ŋeš}x[NA]NA"
"P296528",2,"o 1","{ŋeš}IGI-TUR[NA]NA","{ŋeš}IGI-TUR",0,"{ŋeš}IGI-TUR[NA]NA"
"P370399",134,"o iv 31'","ig[door]N barda[crossbar]N","{ŋeš}ig bar-da",0,"ig[door]N_barda[crossbar]N"
"P273712",17,"r i 7","al[hoe]N zu[tooth]N eš[three]NU","{ŋeš}al zu₂ eš₅",0,"al[hoe]N_zu[tooth]N_eš[three]NU"
"P346714",119,"r iii 41'","kuŋ[stair]N","{ŋeš}kuŋ₄",0,"kuŋ[stair]N"
"Q000039",683,"615","tigidlu[instrument]N sa[sinew]N eš[three]NU","{ŋeš}tigidla sa eš₅",0,"tigidlu[instrument]N_sa[sinew]N_eš[three]NU"
"Q000039",753,"682","kunsig[bristle]N","{ŋeš}kun-sigₓ(UMBIN)",0,"kunsig[bristle]N"
"P273880",4,"unknown","unknown","unknown",999,"unknown"
"Q000039",64,"51e","mes[tree]N giggi[black]V/i","{ŋeš}mes giggi",0,"mes[tree]N_giggi[black]V/i"
"P271301",105,"o ii 53","mes[tree]N","{ŋeš}mes",0,"mes[tree]N"
"P273880",515,"c ii 60","ŋešnimbar[palm]N uš[die]V/i","{ŋeš}ŋešnimbar uš₂",0,"ŋešnimbar[palm]N_uš[die]V/i"
"P273880",483,"c ii 27","ma[ship]N ŋeš[sixty]NU gur[unit]N","{ŋeš}ma₂ ŋeš₂ gur",0,"ma[ship]N_ŋeš[sixty]NU_gur[unit]N"
"Q000001",129,"129","uzud[goat]N ŋeš[penis]N zu[know]V/t","uzud ŋeš₃ zu-zu",0,"uzud[goat]N_ŋeš[penis]N_zu[know]V/t"
"Q000001",222,"222","amar[young]N","amar",0,"amar[young]N"
"P253866",9,"o i 4'","barbar[shuttle]N","{ŋeš}bar-bar",0,"barbar[shuttle]N"
"P459216",130,"r ii 22'","{ŋeš}x[NA]NA","{ŋeš}x",0,"{ŋeš}x[NA]NA"
"P251649",3,"o 2","sa[net]N","{ŋeš}sa",0,"sa[net]N"
"P271911",119,"o ii 40","zub[stick]N","{+zu-u-bi}zubi",0,"zub[stick]N"
"P247864",150,"o iii 24","{ŋeš}x-x[NA]NA margida[cart]N","{ŋeš}x-x mar-gid₂-da",0,"{ŋeš}x-x[NA]NA_margida[cart]N"
"P271301",73,"o ii 21","kur[wood]N","{ŋeš}kur",0,"kur[wood]N"
"X100003",29,"r 13","peš[fig]N Elam[1]GN","{ŋeš}peš₃ elam-ma{ki}",0,"peš[fig]N_Elam[1]GN"
"P273880",583,"c iv 16","x[NA]NA","x",0,"x[NA]NA"
"P273880",354,"b iv 17","{ŋeš}AN-x[NA]NA","{ŋeš}AN-x",0,"{ŋeš}AN-x[NA]NA"
"P247864",56,"o i 53","hašhur[apple]N","{ŋeš}hašhur",0,"hašhur[apple]N"
"P273880",208,"b i 58'","balak[spindle]N","{ŋeš}balak",0,"balak[spindle]N"
"P346714",45,"r ii 13'","gag[nail]N muš[snake]N apin[plow]N","{ŋeš}gag muš apin",0,"gag[nail]N_muš[snake]N_apin[plow]N"
"P271911",170,"unknown","unknown","unknown",1,"unknown"
"P447996",193,"r ii 30","{ŋeš}ma₂-us₂[NA]NA","{ŋeš}ma₂-us₂",0,"{ŋeš}ma₂-us₂[NA]NA"
"P224996",5,"o i 2","guza[chair]N gid[long]V/i","{ŋeš}gu-za gid₂",0,"guza[chair]N_gid[long]V/i"
"P370399",125,"o iv 22'","{ŋeš}x[NA]NA gigir[chariot]N","{ŋeš}x gigir",0,"{ŋeš}x[NA]NA_gigir[chariot]N"
"P346714",153,"r iv 36'","{ŋeš}$LAGAB[NA]NA illar[weapon]N","{ŋeš}$LAGAB illar",0,"{ŋeš}$LAGAB[NA]NA_illar[weapon]N"
"Q000001",392,"391","dadamul[animal]N","da-da-mul",0,"dadamul[animal]N"
"P253245",4,"o 1","siŋar[bolt]N","{ŋeš}si-ŋar",0,"siŋar[bolt]N"
"P235262",5,"a i 1'","ŋeštinkira[berry]N","{ŋeš}ŋeštin-kir₄",0,"ŋeštinkira[berry]N"
"P253228",18,"o i 14","al[hoe]N zu[tooth]N diš[one]NU","{ŋeš}al zu₂ diš",0,"al[hoe]N_zu[tooth]N_diš[one]NU"
"P225132",6,"o i 3","ma[ship]N x[NA]NA","{ŋeš}ma₂ x",0,"ma[ship]N_x[NA]NA"
"Q000039",661,"595","dagsi[hook]N","{ŋeš}dag-si",0,"dagsi[hook]N"
"P459217",22,"i 21'","šaršabid[tree]N","{ŋeš}šarₓ(NE)-ša₄-bid₃",0,"šaršabid[tree]N"
"P332934",28,"o i 24","gurum[bend]V/t ŋeštin[vine]N","{ŋeš}gurum ŋeštin",0,"gurum[bend]V/t_ŋeštin[vine]N"
"P271301",76,"o ii 24","ŋipar[tree]N","{ŋeš}ŋi₆-par₄",0,"ŋipar[tree]N"
"Q000001",59,"59","udu[sheep]N gabaria[offering]N","udu gaba-ri-a",0,"udu[sheep]N_gabaria[offering]N"
"Q000039",420,"375","ig[door]N gal[big]V/i","{ŋeš}ig gal",0,"ig[door]N_gal[big]V/i"
"Q000001",253,"253","eme[donkey]N","eme₃(|SAL.ANŠE|)",0,"eme[donkey]N"
"P370399",118,"o iv 15'","gabaŋal[guard]N gigir[chariot]N","{ŋeš}gaba-ŋal₂ gigir",0,"gabaŋal[guard]N_gigir[chariot]N"
"P271911",213,"o iii 54'","al[hoe]N zu[tooth]N","al zu₂",0,"al[hoe]N_zu[tooth]N"
"P273880",659,"d i 43'","{ŋeš}mu-x[NA]NA","{ŋeš}mu-x",0,"{ŋeš}mu-x[NA]NA"
"Q000039",363,"321","eškiri[rope]N","{ŋeš}eškiri₂",0,"eškiri[rope]N"
"P271301",331,"r ii 15","emerah[jug]N si[horn]N","{ŋeš}emerah si",0,"emerah[jug]N_si[horn]N"
"P250364",97,"unknown","unknown","unknown",999,"unknown"
"P332934",119,"o ii 36","mes[tree]N {ŋeš}|LAGAB×X|[NA]NA","{ŋeš}mes {ŋeš}|LAGAB×X|",0,"mes[tree]N_{ŋeš}|LAGAB×X|[NA]NA"
"P459218",58,"o iii 9","ŋešrin[scales]N x-x[NA]NA","ŋeš-rin₂ x-x",0,"ŋešrin[scales]N_x-x[NA]NA"
"P447996",65,"o iv 34","ŋeštin[vine]N giggi[black]V/i","{ŋeš}ŋeštin giggi",0,"ŋeštin[vine]N_giggi[black]V/i"
"Q000039",210,"176","guza[chair]N šusar[string]N du[build]V/t","{ŋeš}gu-za šu-SAR-e du₃",0,"guza[chair]N_šusar[string]N_du[build]V/t"
"Q000001",13,"13","udu[sheep]N gukkal[sheep]N niga[fattened]V/i","udu gukkal niga",0,"udu[sheep]N_gukkal[sheep]N_niga[fattened]V/i"
"Q000001",162,"162","sila[lamb]N aslum[sheep]N","sila₄ aslumₓ(|A.LUM|)",0,"sila[lamb]N_aslum[sheep]N"
"P271301",207,"o iv 41","samazum[tree]N","{ŋeš}sa-ma-zum",0,"samazum[tree]N"
"Q000039",670,"604","miritum[instrument]N","{ŋeš}mi-ri₂-tum",0,"miritum[instrument]N"
"P247864",433,"o vii 52'","guza[chair]N ma₂-gan-na[NA]NA","{ŋeš}gu-za ma₂-gan-na",0,"guza[chair]N_ma₂-gan-na[NA]NA"
"P250364",131,"r ii 16'","ešgiri[staff]N","ŋeš-giri₁₉",0,"ešgiri[staff]N"
"P388265",359,"r v 49","katapum[object]N","{ŋeš}ka-ta-pu-um",0,"katapum[object]N"
"Q000001",93,"93","udu[sheep]N mu[name]N pad[find]V/t","udu mu pad₃",0,"udu[sheep]N_mu[name]N_pad[find]V/t"
"P253228",44,"r i 8","šedug[tree]N","{ŋeš}še-dug₃",0,"šedug[tree]N"
"P247864",417,"o vii 36'","{ŋeš}x-x-x-kurun[NA]NA","{ŋeš}x-x-x-kurun",0,"{ŋeš}x-x-x-kurun[NA]NA"
"P271301",397,"r iii 30","{ŋeš}uš₂[NA]NA madu[~boat]N","{ŋeš}uš₂ ma₂-du₃",0,"{ŋeš}uš₂[NA]NA_madu[~boat]N"
"P388265",197,"r ii 24","dilim[spoon]N mar[shovel]N","{ŋeš}dilim₂ mar",0,"dilim[spoon]N_mar[shovel]N"
"P347814",225,"c ii 31'","kul[handle]N mar[shovel]N","{ŋeš}kul mar",0,"kul[handle]N_mar[shovel]N"
"P347814",41,"a ii 12'","{ŋeš}x[NA]NA","{ŋeš}x",0,"{ŋeš}x[NA]NA"
"Q000001",271,"271","muš[snake]N sas[grass]N","muš {u₂}|KI.KAL|",0,"muš[snake]N_sas[grass]N"
"P253923",6,"o 4","šudul[yoke]N margida[cart]N","{ŋeš}šudul₄ mar-gid₂-da",0,"šudul[yoke]N_margida[cart]N"
"P273880",395,"b iv 63","šibir[staff]N","{ŋeš}šibirₓ(|EN×GAN₂|)",0,"šibir[staff]N"
"P250736",195,"r i 49","x[NA]NA","x",0,"x[NA]NA"
"P347814",36,"a ii 7'","{ŋeš}x[NA]NA","{ŋeš}x",0,"{ŋeš}x[NA]NA"
"Q000039",520,"464","ninda[seed-funnel]N apin[plow]N","{ŋeš}ninda₂ apin",0,"ninda[seed-funnel]N_apin[plow]N"
"P271911",184,"o iii 29'","gag[nail]N muš[snake]N apin[plow]N","gag muš apin",0,"gag[nail]N_muš[snake]N_apin[plow]N"
"P253863",4,"unknown","unknown","unknown",1,"unknown"
"P346714",113,"r iii 35'","al[hoe]N zu[tooth]N min[two]NU","{ŋeš}al zu₂ min",0,"al[hoe]N_zu[tooth]N_min[two]NU"
"P271320",7,"o i 2'","guza[chair]N x[NA]NA","{ŋeš}gu-za x",0,"guza[chair]N_x[NA]NA"
"P437074",146,"c i 11'","ŋešnud[bed]N umbin[nail]N gud[ox]N","ŋeš-nud umbin gud",0,"ŋešnud[bed]N_umbin[nail]N_gud[ox]N"
"P447996",112,"o v 37","ŋešnimbar[palm]N sissig[green]V/i šeŋ[cook]V/t","{ŋeš}ŋešnimbar sig₇-sig₇ šeŋ₆",0,"ŋešnimbar[palm]N_sissig[green]V/i_šeŋ[cook]V/t"
"P459218",120,"r i 6","tukul[weapon]N","{ŋeš}tukul",0,"tukul[weapon]N"
"P332939",34,"o ii 12","{ŋeš}x[NA]NA","{ŋeš}x",0,"{ŋeš}x[NA]NA"
"P271301",247,"o v 20'","guza[chair]N zag[side]N us[follow]V/t","{ŋeš}gu-za zag us₂",0,"guza[chair]N_zag[side]N_us[follow]V/t"
"P447996",100,"o v 25","isimu[sprout]N","{ŋeš}isimu₃{+mu₂}",0,"isimu[sprout]N"
"P459216",144,"r iii 11'","adus[plank]N ma[ship]N","{ŋeš}ad-us₂ ma₂",0,"adus[plank]N_ma[ship]N"
"P437074",61,"b ii 4'","pa[branch]N kud[cut]V/t","{ŋeš}pa kud",0,"pa[branch]N_kud[cut]V/t"
"P332930",8,"o 6","ma[ship]N peš[thick]V/i","{ŋeš}ma₂ peš-peš",0,"ma[ship]N_peš[thick]V/i"
"Q000039",365,"323","šibir[staff]N","{ŋeš}šibir",0,"šibir[staff]N"
"P346714",57,"r ii 25'","šudu[equipped]AJ apin[plow]N","{ŋeš}šu-du₇ apin",0,"šudu[equipped]AJ_apin[plow]N"
"P347814",229,"c ii 35'","alŋar[instrument]N","{ŋeš}al-ŋar",0,"alŋar[instrument]N"
"P273880",497,"c ii 42","ma[ship]N id[river]N","{ŋeš}ma₂ id₂",0,"ma[ship]N_id[river]N"
"P235262",125,"unknown","unknown","unknown",2,"unknown"
"P389511",13,"o 12","urzinum[tree]N","{ŋeš}ur-zi-nu-um",0,"urzinum[tree]N"
"P273880",69,"unknown","unknown","unknown",999,"unknown"
"Q000039",720,"649b","gam[crook]N ŋiri[dagger]N ad.KID[weaver]N","{ŋeš}kab ŋiri₂ ad-KID",0,"gam[crook]N_ŋiri[dagger]N_ad.KID[weaver]N"
"P271301",351,"r ii 35","tukul[weapon]N naŋasikaz[pestle]N","{ŋeš}tukul naŋa₃-si₃-gaz",0,"tukul[weapon]N_naŋasikaz[pestle]N"
"P235262",100,"d ii 5'","dub[knee]N bar[outside]V/t gigir[chariot]N","{ŋeš}dub₃ bar gigir",0,"dub[knee]N_bar[outside]V/t_gigir[chariot]N"
"P117404",2,"o 1","ig[door]N eren[cedar]N","{ŋeš}ig {ŋeš}eren",0,"ig[door]N_eren[cedar]N"
"P273880",600,"c iv 34","suhub[tread]V/t","{ŋeš}suhub",0,"suhub[tread]V/t"
"Q000039",737,"666","esi[tree]N","{ŋeš}esi",0,"esi[tree]N"
"Q000039",462,"413","tugtug[~loom]N","{ŋeš}tug₂-tug₂",0,"tugtug[~loom]N"
"P271301",113,"o iii 1","mes[tree]N babbar[white]V/i","{ŋeš}mes babbar",0,"mes[tree]N_babbar[white]V/i"
"Q000001",88,"88","udu[sheep]N siškur[prayer]N","udu siškur₂",0,"udu[sheep]N_siškur[prayer]N"
"P253874",7,"o 4","gag[nail]N zara[pivot]N gigir[chariot]N","{ŋeš}gag za-ra gigir",0,"gag[nail]N_zara[pivot]N_gigir[chariot]N"
"P271301",377,"r iii 10","ma[ship]N peš[thick]V/i","{ŋeš}ma₂ peš-peš",0,"ma[ship]N_peš[thick]V/i"
"P253866",43,"o ii 7'","guza[chair]N sag[rare]V/i","{ŋeš}gu-za sag₁₀",0,"guza[chair]N_sag[rare]V/i"
"P271301",95,"o ii 43","tir[forest]N manu[wood]N","{ŋeš}tir {ŋeš}ma-nu",0,"tir[forest]N_manu[wood]N"
"Q000001",473,"470","uzu[flesh]N i[oil]N gud[ox]N","uzu i₃ gud",0,"uzu[flesh]N_i[oil]N_gud[ox]N"
"P388265",161,"r i 39","ŋešellag[tool]N","ŋeš-ellag",0,"ŋešellag[tool]N"
"P117404",3,"o 2","ig[door]N dib[board]N","{ŋeš}ig dib",0,"ig[door]N_dib[board]N"
"Q000039",711,"642","ŋušur[beam]N eš[three]NU","ŋeš-ur₂ eš₅",0,"ŋušur[beam]N_eš[three]NU"
"P271301",156,"o iii 44","ŋešnimbar[palm]N uhin[date]N dub-dub[NA]NA","{ŋeš}ŋešnimbar u₄-hi-in dub-dub",0,"ŋešnimbar[palm]N_uhin[date]N_dub-dub[NA]NA"
"P271911",212,"o iii 53'","al[hoe]N saŋ[head]N","al saŋ",0,"al[hoe]N_saŋ[head]N"
"P273880",696,"unknown","unknown","unknown",8,"unknown"
"P332934",347,"r iv 4","gigir[chariot]N Enlil[1]DN","{ŋeš}gigir {d}50",0,"gigir[chariot]N_Enlil[1]DN"
"P253228",33,"o ii 14","al[hoe]N zu[tooth]N diš[one]NU","{ŋeš}al zu₂ diš",0,"al[hoe]N_zu[tooth]N_diš[one]NU"
"Q000039",706,"637","murgu[shoulder]N gud.si.AŠ[ram]N","{ŋeš}murgu gud-si-AŠ",0,"murgu[shoulder]N_gud.si.AŠ[ram]N"
"P247864",134,"o iii 8","apin[plow]N šu[hand]N","{ŋeš}apin šu",0,"apin[plow]N_šu[hand]N"
"P459216",47,"ii 15","mes[tree]N Meluhha[1]GN","{ŋeš}mes me-luh-ha",0,"mes[tree]N_Meluhha[1]GN"
"P271771",81,"o v 11","arina[madder]N","{ŋeš}i-ri₉-na",0,"arina[madder]N"
"P271301",460,"r iv 41","usan[whip]N anše[equid]N","{ŋeš}usan₃ anše",0,"usan[whip]N_anše[equid]N"
"P437074",105,"b iii 9'","guza[chair]N x[NA]NA x[NA]NA","{ŋeš}gu-za x x",0,"guza[chair]N_x[NA]NA_x[NA]NA"
"P250364",136,"r iii 2'","{ŋeš}x[NA]NA","{ŋeš}x",0,"{ŋeš}x[NA]NA"
"P250736",34,"o ii 6","enbar[reed]N id[river]N","{gi}en₃-bar id₂",0,"enbar[reed]N_id[river]N"
"P273880",182,"b i 32'","ŋešnud[bed]N gu[neck]N zig[rise]V/t","ŋeš-nud gu₂ zig₃",0,"ŋešnud[bed]N_gu[neck]N_zig[rise]V/t"
"Q000039",62,"51c","mes[tree]N ki[place]N ŋar[place]V/t","{ŋeš}mes ki ŋar",0,"mes[tree]N_ki[place]N_ŋar[place]V/t"
"P459216",49,"ii 17","mes[tree]N Kiengir[1]GN","{ŋeš}mes ki-en-gi",0,"mes[tree]N_Kiengir[1]GN"
"P459218",48,"o ii 28'","malalum[container]N","{ŋeš}malla(BU)",0,"malalum[container]N"
"P273880",349,"b iv 12","tigidlu[instrument]N x[NA]NA","{ŋeš}tigidla x",0,"tigidlu[instrument]N_x[NA]NA"
"P271911",414,"r ii 24","tigidlu[instrument]N kaskal[way]N","tigidla kaskal",0,"tigidlu[instrument]N_kaskal[way]N"
"P459216",162,"r iii 29'","ma[ship]N u[ten]NU gur[unit]N","{ŋeš}ma₂ u gur",0,"ma[ship]N_u[ten]NU_gur[unit]N"
"P332934",375,"r iv 9'","margida[cart]N Subir[1]GN","{ŋeš}mar-gid₂-da su-bir₄{ki}",0,"margida[cart]N_Subir[1]GN"
"Q000001",166,"166","sila[lamb]N ga[milk]N sub[rub]V/t","sila₄ ga sub",0,"sila[lamb]N_ga[milk]N_sub[rub]V/t"
"Q000001",427,"426","uzu[flesh]N ti[rib]N","uzu ti",0,"uzu[flesh]N_ti[rib]N"
"Q000001",426,"425","uzu[flesh]N masila[heel]N TUM[NA]NA","uzu ma-sila₃ TUM",0,"uzu[flesh]N_masila[heel]N_TUM[NA]NA"
"P332934",41,"o i 37","hašhur[apple]N kur[mountain]N","{ŋeš}hašhur kur",0,"hašhur[apple]N_kur[mountain]N"
"Q000039",441,"394","suhub[bolt]N ig[door]N","{ŋeš}suhub₄ ig",0,"suhub[bolt]N_ig[door]N"
"P271911",398,"unknown","unknown","unknown",1,"unknown"
"P250736",82,"o iii 16","gigur[container]N šu[hand]N šub[fall]V/t","gi-gur šu šub",0,"gigur[container]N_šu[hand]N_šub[fall]V/t"
"P459217",180,"unknown","unknown","unknown",4,"unknown"
"P347814",34,"a ii 5'","saŋ[head]N balak[spindle]N","{ŋeš}saŋ balak",0,"saŋ[head]N_balak[spindle]N"
"P271301",205,"o iv 39","kišighar[tree]N kur[mountain]N","{ŋeš}kišig-ah-ha kur",0,"kišighar[tree]N_kur[mountain]N"
"P332934",367,"r iv 1'","x-ga[NA]NA","x-ga",0,"x-ga[NA]NA"
"P272243",27,"r i 8","ŋešnimbar[palm]N ŋal[be]V/i","{ŋeš}ŋešnimbar ŋal₂",0,"ŋešnimbar[palm]N_ŋal[be]V/i"
"P273880",500,"c ii 45","{ŋeš}x-kul[NA]NA ma[ship]N","{ŋeš}x-kul ma₂",0,"{ŋeš}x-kul[NA]NA_ma[ship]N"
"Q000039",114,"92","su[fibers]N GA₂-na[NA]NA ŋešnimbar[palm]N","{ŋeš}su₁₁ GA₂-na ŋešnimbar",0,"su[fibers]N_GA₂-na[NA]NA_ŋešnimbar[palm]N"
"Q000039",552,"496","tukul[weapon]N","{ŋeš}tukul",0,"tukul[weapon]N"
"P251867",2,"o 1","Madurahabzu[1]ON","{ŋeš}ma₂-durah-abzu",0,"Madurahabzu[1]ON"
"P272243",39,"r ii 1","x[NA]NA","x",0,"x[NA]NA"
"P250363",6,"o 5'","ig[door]N i[oil]N","{ŋeš}ig i₃",0,"ig[door]N_i[oil]N"
"P273880",166,"b i 9'","guza[chair]N šah[pig]N šum[slaughter]V/t","{ŋeš}gu-za šah₂ šum",0,"guza[chair]N_šah[pig]N_šum[slaughter]V/t"
"P459216",15,"i 13","ŋeštinguruma[~vine]N","{ŋeš}ŋeštin-gurum-ma",0,"ŋeštinguruma[~vine]N"
"Q000001",42,"42","udu[sheep]N si[horn]N min[two]NU la[hang]V/t","udu si min la₂",0,"udu[sheep]N_si[horn]N_min[two]NU_la[hang]V/t"
"P437074",109,"b iii 13'","guza[chair]N gar[knob]N","{ŋeš}gu-za gar₃",0,"guza[chair]N_gar[knob]N"
"P253228",49,"r i 13","{ŋeš}PA-da[NA]NA","{ŋeš}PA-da",0,"{ŋeš}PA-da[NA]NA"
"P271911",539,"r iv 9","{x}URI{ki}[NA]NA","{x}URI{ki}",0,"{x}URI{ki}[NA]NA"
"X100003",6,"o 5","šagkal[tree]N","{ŋeš}šag₄-ul₄",0,"šagkal[tree]N"
"P429503",99,"r i' 3'","{ŋeš}x[NA]NA","{ŋeš}x",0,"{ŋeš}x[NA]NA"
"P388265",431,"t.e. iii 3","šu[handle]N","{ŋeš}šu",0,"šu[handle]N"
"P370399",43,"o ii 16","ŋirigub[footstool]N lammar[deity]N","{ŋeš}ŋiri₃-gub {d}lama",0,"ŋirigub[footstool]N_lammar[deity]N"
"P332934",379,"r iv 13'","gu[neck]N margida[cart]N","{ŋeš}gu₂ mar-gid₂-da",0,"gu[neck]N_margida[cart]N"
"P459218",5,"unknown","unknown","unknown",2,"unknown"
"P250364",110,"r i 10'","{ŋeš}x[NA]NA","{ŋeš}x",0,"{ŋeš}x[NA]NA"
"P271771",46,"o iv 2","ŋešnimbar[palm]N munus[woman]N","{ŋeš}ŋešnimbar mi",0,"ŋešnimbar[palm]N_munus[woman]N"
"P228596",7,"7","ganum[stand]N ki-sig[NA]NA","{ŋeš}gan-nu-um ki-sig",0,"ganum[stand]N_ki-sig[NA]NA"
"P432448",3,"unknown","unknown","unknown",1,"unknown"
"P346714",174,"r v 10'","{ŋeš}ŠID[NA]NA mar[shovel]N","{ŋeš}ŠID mar",0,"{ŋeš}ŠID[NA]NA_mar[shovel]N"
"P271911",366,"r i 49'","lagab[block]N mar[shovel]N","lagab mar",0,"lagab[block]N_mar[shovel]N"
"P332934",397,"r iv 31'","x[NA]NA margida[cart]N","x mar-gid₂-da",0,"x[NA]NA_margida[cart]N"
"P332934",291,"r iii 18","ma[ship]N x[NA]NA","{ŋeš}ma₂ x",0,"ma[ship]N_x[NA]NA"
"P253866",95,"o iii 31'","{ŋeš}x[NA]NA x[NA]NA","{ŋeš}x x",0,"{ŋeš}x[NA]NA_x[NA]NA"
"P271771",110,"r i 16'","šuʾa[stool]N tibira[sculptor]N","{ŋeš}šuaₓ(|ŠU₂×(A.DIŠ)|) tibira(|URUDA.NAGAR|)",0,"šuʾa[stool]N_tibira[sculptor]N"
"P437074",71,"b ii 14'","{ŋeš}gi-x-ba[NA]NA","{ŋeš}gi-x-ba",0,"{ŋeš}gi-x-ba[NA]NA"
"P271301",335,"r ii 19","kuŋ[stair]N","{ŋeš}kuŋ₄",0,"kuŋ[stair]N"
"P247864",140,"o iii 14","guza[chair]N margida[cart]N","{ŋeš}gu-za mar-gid₂-da",0,"guza[chair]N_margida[cart]N"
"P388265",229,"r iii 8","guza[chair]N šusar[string]N du[build]V/t","{ŋeš}gu-za šu-sar du₃",0,"guza[chair]N_šusar[string]N_du[build]V/t"
"P388265",212,"unknown","unknown","unknown",2,"unknown"
"P347814",232,"c ii 38'","miritum[instrument]N","{ŋeš}mi-ri₂-tum",0,"miritum[instrument]N"
"P273880",223,"b ii 12","{ŋeš}x[NA]NA","{ŋeš}x",0,"{ŋeš}x[NA]NA"
"Q000001",434,"433","uzu[flesh]N e[house]N ur[roof]N","uzu e₂ ur₃",0,"uzu[flesh]N_e[house]N_ur[roof]N"
"P370399",4,"unknown","unknown","unknown",1,"unknown"
"P273880",225,"b ii 14","{ŋeš}šu-x[NA]NA","{ŋeš}šu-x",0,"{ŋeš}šu-x[NA]NA"
"P247864",19,"o i 16","ŋešgana[tree]N sissig[green]V/i","ŋeš-kin₂ sig₇-sig₇",0,"ŋešgana[tree]N_sissig[green]V/i"
"P332934",396,"r iv 30'","x[NA]NA margida[cart]N","x mar-gid₂-da",0,"x[NA]NA_margida[cart]N"
"P247864",392,"o vii 11'","šuʾa[stool]N suhsah[sound]N","{ŋeš}šu₂-a suh₃-sah₄",0,"šuʾa[stool]N_suhsah[sound]N"
"P271911",244,"o iv 15","dur[board]N ab[window]N","dur₂ a-ab",0,"dur[board]N_ab[window]N"
"P388265",239,"r iii 18","ŋeš.nud.AŠ.nud[bed]N","ŋeš-nud-AŠ",0,"ŋeš.nud.AŠ.nud[bed]N"
"Q000039",52,"44a","manu[wood]N kal[rare]V/i","{ŋeš}ma-nu kal",0,"manu[wood]N_kal[rare]V/i"
"P459217",103,"unknown","unknown","unknown",1,"unknown"
"P250364",110,"r i 10'","{ŋeš}x[NA]NA","{ŋeš}x",0,"{ŋeš}x[NA]NA"
"P447996",80,"o v 5","hašhur[apple]N aʾabak[sea]N","{ŋeš}hašhur a-ab-ba",0,"hašhur[apple]N_aʾabak[sea]N"
"P347814",68,"a ii 39'","{ŋeš}da-x[NA]NA","{ŋeš}da-x",0,"{ŋeš}da-x[NA]NA"
"P271301",9,"o i 6","esi[tree]N Tukriš[1]GN","{ŋeš}esi tu-uk-ri-iš{ki}",0,"esi[tree]N_Tukriš[1]GN"
"P271301",436,"r iv 17","{ŋeš}kab-MU[NA]NA gigir[chariot]N","{ŋeš}kab-MU gigir",0,"{ŋeš}kab-MU[NA]NA_gigir[chariot]N"
"P459218",45,"o ii 25'","ellag[ball]N","{ŋeš}ellag",0,"ellag[ball]N"
"P459225",9,"r i 4'","sa[sinew]N pana[bow]N","{ŋeš}sa pana",0,"sa[sinew]N_pana[bow]N"
"P388265",413,"r vi 57","kinud[bedroom]N","{ŋeš}ki-nu₂",0,"kinud[bedroom]N"
"P447996",142,"r i 24","dala[thorn]N ŋešnimbar[palm]N","{ŋeš}dala₂ ŋešnimbar",0,"dala[thorn]N_ŋešnimbar[palm]N"
"P370399",197,"o vii 9'","{ŋeš}x[NA]NA","{ŋeš}x",0,"{ŋeš}x[NA]NA"
"P273880",49,"a ii 23'","x[NA]NA apin[plow]N","x apin",0,"x[NA]NA_apin[plow]N"
"P271301",317,"r ii 1","banšurzaggula[table]N","{ŋeš}banšur-zag-gu-la",0,"banšurzaggula[table]N"
"P253228",103,"r iii 20'","tiʾarum[tree]N","{ŋeš}ti-a-ru-um",0,"tiʾarum[tree]N"
"P273880",411,"c i 14","tukul[weapon]N imin[seven]NU","{ŋeš}tukul {d}imin",0,"tukul[weapon]N_imin[seven]NU"
"P250364",21,"o i 18","gabil[beam]N gigir[chariot]N","{ŋeš}gab₂-il₂ gigir",0,"gabil[beam]N_gigir[chariot]N"
"P429504",15,"o ii' 9","ŋešnimbar[palm]N uhin[date]N sissig[green]V/i","{ŋeš}ŋešnimbar u₄-hi-in sig₇-sig₇",0,"ŋešnimbar[palm]N_uhin[date]N_sissig[green]V/i"
"P272243",7,"o i' 2'","x[NA]NA","x",0,"x[NA]NA"
"P253866",75,"o iii 8'","{ŋeš}HI-KU[NA]NA","{ŋeš}HI-KU",0,"{ŋeš}HI-KU[NA]NA"
"P459217",89,"iv 11","ligima[shoot]N ŋešnimbar[palm]N","{ŋeš}ligima ŋešnimbar",0,"ligima[shoot]N_ŋešnimbar[palm]N"
"P250364",170,"unknown","unknown","unknown",9,"unknown"
"Q000039",647,"581","maršu[spade]N","{ŋeš}mar-šu",0,"maršu[spade]N"
"Q000039",293,"257","naŋa[mortar]N ŋeši[sesame]N","{ŋeš}naŋa₃ {še}ŋeš-i₃",0,"naŋa[mortar]N_ŋeši[sesame]N"
"P459217",127,"r i 14'","huš[plant]N","{ŋeš}huš",0,"huš[plant]N"
"P347814",214,"c ii 20'","mar[shovel]N","{ŋeš}mar",0,"mar[shovel]N"
"P347814",285,"d ii 13'","{ŋeš}al-x-MA[NA]NA","{ŋeš}al-x-MA",0,"{ŋeš}al-x-MA[NA]NA"
"Q000039",713,"644","ŋušur[beam]N tal[broad]V/i","ŋeš-ur₂ tal₂",0,"ŋušur[beam]N_tal[broad]V/i"
"P346714",88,"r iii 10'","{ŋeš}URI[NA]NA","{ŋeš}URI",0,"{ŋeš}URI[NA]NA"
"P271301",83,"o ii 31","manu[wood]N a[water]N lu[mix]V/t ŋeš[tree]N ak[do]V/t","{ŋeš}ma-nu a lu₃ ŋeš ak",0,"manu[wood]N_a[water]N_lu[mix]V/t_ŋeš[tree]N_ak[do]V/t"
"P271771",31,"o iii 8","šurmen[cypress]N","{ŋeš}šu-ur₂-min₃",0,"šurmen[cypress]N"
"P273880",82,"a iii 13'","gabaŋal[guard]N gigir[chariot]N","{ŋeš}gaba-ŋal₂ gigir",0,"gabaŋal[guard]N_gigir[chariot]N"
"P388265",142,"r i 20","anzam[vessel]N apin[plow]N","{ŋeš}an-za-am apin",0,"anzam[vessel]N_apin[plow]N"
"P271911",446,"r ii 48","ŋešpu[rim]N gud.si.AŠ[ram]N","ŋešpu₂ gud-si-AŠ",0,"ŋešpu[rim]N_gud.si.AŠ[ram]N"
"P273880",103,"a iii 42'","x[NA]NA","x",0,"x[NA]NA"
"P271771",110,"r i 16'","šuʾa[stool]N tibira[sculptor]N","{ŋeš}šuaₓ(|ŠU₂×(A.DIŠ)|) tibira(|URUDA.NAGAR|)",0,"šuʾa[stool]N_tibira[sculptor]N"
"P247864",308,"o v 56","e[house]N ma[ship]N","{ŋeš}e₂ ma₂",0,"e[house]N_ma[ship]N"
"P247864",320,"o vi 4","tukul[weapon]N ur[root]N","{ŋeš}tukul ur₂",0,"tukul[weapon]N_ur[root]N"
"P332934",354,"r iv 11","KI.KAL[bottom]N gigir[chariot]N","{ŋeš}sasₓ(|KI.KAL|) gigir",0,"KI.KAL[bottom]N_gigir[chariot]N"
"Q000039",588,"529","sa[net]N sig[weak]V/i","{ŋeš}sa sig",0,"sa[net]N_sig[weak]V/i"
"P250364",27,"o ii 2","gag[nail]N umbin[wheel]N margida[cart]N","{ŋeš}gag umbin mar-gid₂-da",0,"gag[nail]N_umbin[wheel]N_margida[cart]N"
"Q000039",206,"172","guza[chair]N namlugal[kingship]N","{ŋeš}gu-za nam-lugal",0,"guza[chair]N_namlugal[kingship]N"
"P271301",56,"o ii 4","pa[branch]N usuh[tree]N","{ŋeš}pa u₃-suh₅",0,"pa[branch]N_usuh[tree]N"
"P459226",8,"o i 5'","ŋešgana[tree]N babbar[white]V/i","ŋeš-kin₂ babbar",0,"ŋešgana[tree]N_babbar[white]V/i"
"Q000039",104,"83","ama[mother]N ŋešnimbar[palm]N","{ŋeš}ama ŋešnimbar",0,"ama[mother]N_ŋešnimbar[palm]N"
"P271911",258,"o iv 25","šušana[fraction]N sila[unit]N","šušana sila₃",0,"šušana[fraction]N_sila[unit]N"
"P388265",91,"iv 8","gilim[foliage]N abzu[water]N","{ŋeš}gilim abzu",0,"gilim[foliage]N_abzu[water]N"
"Q000039",103,"82","suhur[tuft]N ŋešnimbar[palm]N","{ŋeš}suhur ŋešnimbar",0,"suhur[tuft]N_ŋešnimbar[palm]N"
"P447996",50,"o iv 19","manu[wood]N du[build]V/t","{ŋeš}ma-nu du₃-du₃",0,"manu[wood]N_du[build]V/t"
"P271771",47,"o iv 3","ŋešnimbar[palm]N ana[upper]AJ","{ŋeš}ŋešnimbar an-na",0,"ŋešnimbar[palm]N_ana[upper]AJ"
"P273880",90,"a iii 28'","gag[nail]N šudul[yoke]N gigir[chariot]N","{ŋeš}gag šudul gigir",0,"gag[nail]N_šudul[yoke]N_gigir[chariot]N"
"Q000001",361,"361","bir[locust]N ŋen[go]V/i tir[forest]N","bir₅ ŋa₂ tir",0,"bir[locust]N_ŋen[go]V/i_tir[forest]N"
"P388265",26,"unknown","unknown","unknown",2,"unknown"
"P271911",587,"unknown","unknown","unknown",1,"unknown"
"P332934",176,"o iii 12","ŋešnimbar[palm]N nu-al-dar-ra[NA]NA","{ŋeš}ŋešnimbar nu-al-dar-ra",0,"ŋešnimbar[palm]N_nu-al-dar-ra[NA]NA"
"Q000001",393,"392","ŋirtab[scorpion]N","ŋir₂-tab",0,"ŋirtab[scorpion]N"
"P271301",412,"r iii 45","gag[nail]N","{ŋeš}gag",0,"gag[nail]N"
"P250736",177,"r i 31","sun[reed-shoot]N umbin[implement]N","{gi}sun umbin-na",0,"sun[reed-shoot]N_umbin[implement]N"
"P271771",30,"o iii 7","eren[cedar]N babbar[white]V/i","{ŋeš}eren babbar",0,"eren[cedar]N_babbar[white]V/i"
"P271911",385,"r ii 3","ala[drum]N","a₂-la₂",0,"ala[drum]N"
"P388265",214,"r ii 42","ŋirigub[footstool]N","{ŋeš}ŋiri₃-gub",0,"ŋirigub[footstool]N"
"P273880",680,"d ii 15'","{ŋeš}x[NA]NA tab[double]V/t","{ŋeš}x tab",0,"{ŋeš}x[NA]NA_tab[double]V/t"
"Q000001",487,"484","uzu[flesh]N sa[sinew]N","uzu sa",0,"uzu[flesh]N_sa[sinew]N"
"P409466",9,"o 8","ma[ship]N Ninurta[1]DN","{ŋeš}ma₂ {d}nin-urta",0,"ma[ship]N_Ninurta[1]DN"
"P271301",204,"o iv 38","kišighar[tree]N","{ŋeš}kišig-ah-ha",0,"kišighar[tree]N"
"Q000039",568,"511","dur[board]N šeg[brick]N","{ŋeš}dur₂ šeg₁₂",0,"dur[board]N_šeg[brick]N"
"P437074",126,"b iii 12''","{ŋeš}x-x[NA]NA","{ŋeš}x-x",0,"{ŋeš}x-x[NA]NA"
"Q000001",501,"497","uzu[flesh]N inun[ghee]N","uzu i₃-nun",0,"uzu[flesh]N_inun[ghee]N"
"P388265",129,"r i 7","apin[plow]N tugsaga[plow]N","{ŋeš}apin dug₃-sig₁₈",0,"apin[plow]N_tugsaga[plow]N"
"Q000039",204,"170","guza[chair]N kaskal[way]N","{ŋeš}gu-za kaskal",0,"guza[chair]N_kaskal[way]N"
"P437074",32,"unknown","unknown","unknown",999,"unknown"
"P229173",5,"o 4","mes[tree]N halub[tree]N harran[route]N","{ŋeš}mes ha-lu-ub₂ har-ra-an",0,"mes[tree]N_halub[tree]N_harran[route]N"
"P447996",192,"r ii 29","magurgur[large-boat]N","{ŋeš}ma₂-gur-gur",0,"magurgur[large-boat]N"
"P429504",16,"o ii' 10","ŋešnimbar[palm]N uhin[date]N sissig[green]V/i šeŋ[cook]V/t","{ŋeš}ŋešnimbar u₄-hi-in sig₇-sig₇ šeŋ₆",0,"ŋešnimbar[palm]N_uhin[date]N_sissig[green]V/i_šeŋ[cook]V/t"
"P332930",5,"o 3","maʾu[barge]N","{ŋeš}ma₂-u₅",0,"maʾu[barge]N"
"P250371",8,"o 6","saŋ[head]N gigir[chariot]N","{ŋeš}saŋ gigir",0,"saŋ[head]N_gigir[chariot]N"
"P437074",126,"b iii 12''","{ŋeš}x-x[NA]NA","{ŋeš}x-x",0,"{ŋeš}x-x[NA]NA"
"P250736",241,"r iii 2","utul[tureen]N","{dug}utul₂",0,"utul[tureen]N"
"Q000039",618,"554a","illar[weapon]N NUN[NA]NA dili[single]V/i","{ŋeš}illar NUN dili",0,"illar[weapon]N_NUN[NA]NA_dili[single]V/i"
"P271301",440,"r iv 21","mud[tube]N gigir[chariot]N","{ŋeš}mud gigir",0,"mud[tube]N_gigir[chariot]N"
"P250364",154,"r iii 20'","{ŋeš}še-x-da-ne[NA]NA","{ŋeš}še-x-da-ne",0,"{ŋeš}še-x-da-ne[NA]NA"
"Q000039",440,"393","ir[peg]N ig[door]N","{ŋeš}ir ig",0,"ir[peg]N_ig[door]N"
"Q000001",151,"151","maš[goat]N su[red]V/i","maš₂ su₄",0,"maš[goat]N_su[red]V/i"
"P271911",65,"o i 44'","kura[~loom]N","kur₄-ra",0,"kura[~loom]N"
"P228105",11,"o i 9'","kirid[clasp]N","{ŋeš}kirid",0,"kirid[clasp]N"
"P447996",226,"r iii 27","si[horn]N malah[sailor]N","{ŋeš}si ma₂-lah₄",0,"si[horn]N_malah[sailor]N"
"P235262",124,"d ii 29'","{ŋeš}x[NA]NA","{ŋeš}x",0,"{ŋeš}x[NA]NA"
"P271771",33,"o iii 10","elammakum[tree]N","{ŋeš}e-lam-ma-kum",0,"elammakum[tree]N"
"P271911",219,"o iii 59'","alšub[tool]N","al-u₃-šub",0,"alšub[tool]N"
"P459216",7,"i 5","ŋešgana[tree]N babbar[white]V/i","ŋeš-kin₂ babbar",0,"ŋešgana[tree]N_babbar[white]V/i"
"P235262",83,"d i 26'","{ŋeš}šag₄-hi-li-a[NA]NA","{ŋeš}šag₄-hi-li-a",0,"{ŋeš}šag₄-hi-li-a[NA]NA"
"P271911",362,"r i 46'","mar[shovel]N zabar[bronze]N","mar zabar",0,"mar[shovel]N_zabar[bronze]N"
"P271301",103,"o ii 51","KID.da[twig]N sil[split]V/i","{ŋeš}šed-da zil",0,"KID.da[twig]N_sil[split]V/i"
"Q000039",34,"28","bir.GAM.la.e[tree]N","{ŋeš}bir-GAM-mes-E",0,"bir.GAM.la.e[tree]N"
"Q000039",400,"356","DUB.du₃[~vehicle]N šag[heart]N","{ŋeš}kišib₃-du₃ šag₄",0,"DUB.du₃[~vehicle]N_šag[heart]N"
"Q000039",500,"448","apin[plow]N gud[ox]N limmu[four]NU la[hang]V/t","{ŋeš}apin gud limmu la₂",0,"apin[plow]N_gud[ox]N_limmu[four]NU_la[hang]V/t"
"P271911",402,"r ii 15","zamin[lyre]N","za₃-mi₂",0,"zamin[lyre]N"
"P459217",4,"i 3'","ŋeštin[vine]N","{ŋeš}ŋeštin",0,"ŋeštin[vine]N"
"P332930",32,"r 11","ma[ship]N niš[twenty]NU gur[unit]N","{ŋeš}ma₂ niš gur",0,"ma[ship]N_niš[twenty]NU_gur[unit]N"
"P271911",575,"unknown","unknown","unknown",1,"unknown"
"P250364",143,"r iii 9'","{ŋeš}x-x[NA]NA","{ŋeš}x-x",0,"{ŋeš}x-x[NA]NA"
"P447996",58,"o iv 27","ŋeštin[vine]N x-u₂-ta[NA]NA","{ŋeš}ŋeštin x-u₂-ta",0,"ŋeštin[vine]N_x-u₂-ta[NA]NA"
"Q000039",350,"309","zag[side]N madu[~boat]N","{ŋeš}zag ma₂-du₃",0,"zag[side]N_madu[~boat]N"
"P447996",179,"r ii 16","Mabarmul[1]ON","{ŋeš}ma₂-bar-mul",0,"Mabarmul[1]ON"
"P225006",4,"o i 1","ig[door]N","{ŋeš}ig",0,"ig[door]N"
"P253233",37,"r i 5'","ŋipar[tree]N duru[wet]V/i","{ŋeš}ŋi₆-par₄ duru₅",0,"ŋipar[tree]N_duru[wet]V/i"
"P247864",296,"o v 44","ma[ship]N","{ŋeš}ma₂",0,"ma[ship]N"
"P459218",11,"o i 15'","ig[door]N gal[big]V/i","{ŋeš}ig gu-la",0,"ig[door]N_gal[big]V/i"
"P247864",373,"o vi 57","{ŋeš}kiŋ₂-BAD[NA]NA","{ŋeš}kiŋ₂-BAD",0,"{ŋeš}kiŋ₂-BAD[NA]NA"
"P250736",21,"o i 17","gi[reed]N sig[weak]V/i","gi sig",0,"gi[reed]N_sig[weak]V/i"
"P235262",30,"unknown","unknown","unknown",8,"unknown"
"P459216",16,"i 14","peš[fig]N","{ŋeš}peš₃",0,"peš[fig]N"
"P273880",10,"a i 6'","halub[tree]N","{ŋeš}ha-lu-ub₂",0,"halub[tree]N"
"P346714",95,"r iii 17'","gazinbu[pole]N","{ŋeš}gazinbu",0,"gazinbu[pole]N"
"P235262",66,"d i 9'","madu[~boat]N","{ŋeš}ma₂-du₃",0,"madu[~boat]N"
"P273880",205,"b i 55'","ilila[lever]N","{ŋeš}il₂-il₂",0,"ilila[lever]N"
"P459217",36,"ii 12'","ŋešaʾabak[tree]N","ŋeš-ab-ba",0,"ŋešaʾabak[tree]N"
"P347814",24,"a i 39'","x-TAR[NA]NA","x-TAR",0,"x-TAR[NA]NA"
"P273880",682,"unknown","unknown","unknown",2,"unknown"
"Q000039",129,"106","asal[poplar]N kur[mountain]N","{ŋeš}asal₂ kur",0,"asal[poplar]N_kur[mountain]N"
"Q000039",460,"411","ilila[lever]N","{ŋeš}il₂-il₂",0,"ilila[lever]N"
"P459217",163,"r iii 20","guza[chair]N Magan[1]GN","{ŋeš}gu-za ma₂-gan-na",0,"guza[chair]N_Magan[1]GN"
"P388265",354,"r v 44","illar[weapon]N eban[pair]N","{ŋeš}illar e₂-pa-an-na",0,"illar[weapon]N_eban[pair]N"
"P253245",4,"o 1","siŋar[bolt]N","{ŋeš}si-ŋar",0,"siŋar[bolt]N"
"P271911",326,"r i 16'","illar[weapon]N zig[rise]V/t","illar zig₃",0,"illar[weapon]N_zig[rise]V/t"
"Q000039",722,"651","gam[crook]N niŋ₂-{u₂}bur₂[NA]NA","{ŋeš}kab niŋ₂-{u₂}bur₂",0,"gam[crook]N_niŋ₂-{u₂}bur₂[NA]NA"
"Q000039",360,"318","zinhur[~ship]N","{ŋeš}zi-in-hur",0,"zinhur[~ship]N"
"P447996",133,"r i 15","pešmur[~palm]N ŋešnimbar[palm]N","{ŋeš}peš-murgu ŋešnimbar",0,"pešmur[~palm]N_ŋešnimbar[palm]N"
"Q000039",220,"186","guza[chair]N lukur[priestess]N","{ŋeš}gu-za lukur",0,"guza[chair]N_lukur[priestess]N"
"P273880",592,"c iv 26","gam[crook]N x-x[NA]NA","{ŋeš}gam₃ x-x",0,"gam[crook]N_x-x[NA]NA"
"P388265",395,"r vi 36","gag[nail]N ŋešla[key]N","{ŋeš}gag ŋeš-la₂",0,"gag[nail]N_ŋešla[key]N"
"Q000001",296,"296","piriŋ[lion]N","piriŋ",0,"piriŋ[lion]N"
"P388265",355,"r v 45","illar[weapon]N a[arm]N zid[right]V/i","{ŋeš}illar a₂ zid",0,"illar[weapon]N_a[arm]N_zid[right]V/i"
"P228683",6,"r 3","hašhur[apple]N aʾabak[sea]N","{ŋeš}hašhur a-ab-ba",0,"hašhur[apple]N_aʾabak[sea]N"
"P250371",5,"o 3","gabaŋal[guard]N gigir[chariot]N","{ŋeš}gaba-ŋal₂ gigir",0,"gabaŋal[guard]N_gigir[chariot]N"
"P459217",54,"iii 4","šennur[plum]N","{ŋeš}šennur",0,"šennur[plum]N"
"P459226",14,"o i 11'","peš[fig]N šergu[string]N","{ŋeš}peš₃ še-er-gu",0,"peš[fig]N_šergu[string]N"
"P388265",426,"t.e. ii 5","arina[madder]N","{ŋeš}i-ri₉-na",0,"arina[madder]N"
"Q000039",81,"64","isimu[sprout]N","{ŋeš}isimu₃{+mu₂}",0,"isimu[sprout]N"
"P273880",315,"b iii 43","ušub[brick-mold]N šeg[brick]N alura[baked]AJ","{ŋeš}u₃-šub šeg₁₂ al-ur₅-ra",0,"ušub[brick-mold]N_šeg[brick]N_alura[baked]AJ"
"P271301",364,"r ii 48","ma[ship]N x[NA]NA","{ŋeš}ma₂ x",0,"ma[ship]N_x[NA]NA"
"P273880",40,"a ii 7'","gag[nail]N leʾum[board]N apin[plow]N","{ŋeš}gag li apin",0,"gag[nail]N_leʾum[board]N_apin[plow]N"
"P459218",68,"o iii 19","saŋ[head]N apin[plow]N","{ŋeš}saŋ apin",0,"saŋ[head]N_apin[plow]N"
"P271519",12,"o ii' 4","šuʾa[stool]N šuʾi[barber]N","{ŋeš}šu₂-a šu-i",0,"šuʾa[stool]N_šuʾi[barber]N"
"P247864",339,"o vi 23","pana[bow]N x[NA]NA x[NA]NA x-da[NA]NA","{ŋeš}pana x x x-da",0,"pana[bow]N_x[NA]NA_x[NA]NA_x-da[NA]NA"
"P273880",241,"b ii 34","ba[tool]N gur[unit]N","{ŋeš}ba gur",0,"ba[tool]N_gur[unit]N"
"P271911",236,"o iv 9","namnutare[~irrigation]N","nam-lu₂-da-ri-a",0,"namnutare[~irrigation]N"
"Q000039",413,"368","umbin[wheel]N margida[cart]N","{ŋeš}umbin mar-gid₂-da",0,"umbin[wheel]N_margida[cart]N"
"Q000001",369,"369","pešniŋgilima[rodent]N","peš₂-niŋ₂-gilim-gilim-ma",0,"pešniŋgilima[rodent]N"
"P447996",42,"o iv 11","KID.da[twig]N","{ŋeš}KID-da",0,"KID.da[twig]N"
"Q000001",423,"422","uzu[flesh]N sila[cut]N zag[side]N udu[sheep]N","uzu sila₃ zag udu",0,"uzu[flesh]N_sila[cut]N_zag[side]N_udu[sheep]N"
"P250736",264,"r iii 25","ban[unit]N","{dug}niŋ₂-{+ba-an}ban₂",0,"ban[unit]N"
"P247864",321,"o vi 5","tukul[weapon]N diŋir[deity]N","{ŋeš}tukul diŋir",0,"tukul[weapon]N_diŋir[deity]N"
"P346714",97,"r iii 19'","kim[willow]N","{ŋeš}{+gi}kim₃",0,"kim[willow]N"
"Q000001",248,"248","anšeŋirnun[equid]N","anše-ŋir₂-nun",0,"anšeŋirnun[equid]N"
"P273880",620,"c iv 54","{ŋeš}KAL[NA]NA","{ŋeš}KAL",0,"{ŋeš}KAL[NA]NA"
"P250369",4,"2","pešmur[~palm]N ŋešnimbar[palm]N","{ŋeš}peš-mur₇ ŋešnimbar",0,"pešmur[~palm]N_ŋešnimbar[palm]N"
"Q000039",245,"209","šuʾa[stool]N kaskal[way]N","{ŋeš}šu₂-a kaskal",0,"šuʾa[stool]N_kaskal[way]N"
"P271911",141,"unknown","unknown","unknown",1,"unknown"
"P370399",58,"o ii 31'","ŋešnud[bed]N umbin[nail]N gud[ox]N","ŋeš-nud umbin gud",0,"ŋešnud[bed]N_umbin[nail]N_gud[ox]N"
"P247864",7,"o i 4","{ŋeš}x[NA]NA","{ŋeš}x",0,"{ŋeš}x[NA]NA"
"P370399",24,"o i 21'","x[NA]NA ŋešnimbar[palm]N","x ŋešnimbar",0,"x[NA]NA_ŋešnimbar[palm]N"
"P250361",16,"o ii 4'","har[ring]N apin[plow]N","{ŋeš}har apin",0,"har[ring]N_apin[plow]N"
"P271771",127,"r ii 14'","emerah[jug]N tu[soup]N","{ŋeš}emerahₓ(|UD.HUB₂|) tu₇",0,"emerah[jug]N_tu[soup]N"
"Q000039",632,"566","giŋsal[hoe]N","{ŋeš}giŋ₄-sal",0,"giŋsal[hoe]N"
"P388265",244,"r iii 23","ŋešnud[bed]N šatuku[mattress]N siki[hair]N uzud[goat]N sig[put]V/t","ŋeš-nud šag₄-tuku₅ siki uzud sig₁₀",0,"ŋešnud[bed]N_šatuku[mattress]N_siki[hair]N_uzud[goat]N_sig[put]V/t"
"P250736",79,"o iii 13","gigur[container]N še[barley]N amuš[unmng]N","gi-gur še a-muš",0,"gigur[container]N_še[barley]N_amuš[unmng]N"
"P271911",272,"o iv 38","igi[~mathematics]N eš[three]NU ŋal[be]V/i","igi eš₅ ŋal₂",0,"igi[~mathematics]N_eš[three]NU_ŋal[be]V/i"
"P225059",5,"o i 2","emerah[jug]N x[NA]NA","{ŋeš}emerah x",0,"emerah[jug]N_x[NA]NA"
"P250736",59,"o ii 33","dur[bond]N min[two]NU kešed[bind]V/t","{gi}dur min keš₂-d·a",0,"dur[bond]N_min[two]NU_kešed[bind]V/t"
"P273880",61,"a ii 35'","apin[plow]N šudu[equipped]AJ","{ŋeš}apin šu-du₈-a",0,"apin[plow]N_šudu[equipped]AJ"
"P250736",265,"r iii 26","gurgur[vessel]N","{dug}gur₄-gur₄",0,"gurgur[vessel]N"
"Q000001",205,"205","ab[cow]N","ab₂",0,"ab[cow]N"
"P447996",48,"o iv 17","manu[wood]N šu[hand]N ak[do]V/t","{ŋeš}ma-nu šu ak",0,"manu[wood]N_šu[hand]N_ak[do]V/t"
"P253866",47,"o ii 11'","guza[chair]N kaskal[way]N","{ŋeš}gu-za kaskal",0,"guza[chair]N_kaskal[way]N"
"Q000039",600,"541","šul[youth]V/i katar[praise]N","{ŋeš}šul ka-tar",0,"šul[youth]V/i_katar[praise]N"
"P253866",30,"o i 25'","ig[door]N šu[hand]N ur[drag]V/t","{ŋeš}ig šu ur₃",0,"ig[door]N_šu[hand]N_ur[drag]V/t"
"Q000001",417,"416","uzu[flesh]N te[cheek]N","uzu te",0,"uzu[flesh]N_te[cheek]N"
"P273880",8,"a i 4'","{ŋeš}x-x-x[NA]NA","{ŋeš}x-x-x",0,"{ŋeš}x-x-x[NA]NA"
"P273880",574,"c iv 6","{ŋeš}gal-x[NA]NA","{ŋeš}gal-x",0,"{ŋeš}gal-x[NA]NA"
"P271911",152,"o iii 3'","apin[plow]N šudu[equipped]AJ","apin šu-{+du}du₇",0,"apin[plow]N_šudu[equipped]AJ"
"P459230",2,"o 1","ma[ship]N Ninurta[1]DN","{ŋeš}ma₂ {d}nin-urta",0,"ma[ship]N_Ninurta[1]DN"
"P346714",106,"r iii 28'","al[hoe]N","{ŋeš}al",0,"al[hoe]N"
"P332930",6,"o 4","ma[ship]N ildum[band]N","{ŋeš}ma₂ illat",0,"ma[ship]N_ildum[band]N"
"Q000039",359,"317","antibal[sign]N","{ŋeš}an-ti-bal",0,"antibal[sign]N"
"P437074",179,"c ii 12'","{ŋeš}x[NA]NA x[NA]NA","{ŋeš}x x",0,"{ŋeš}x[NA]NA_x[NA]NA"
"P253866",91,"o iii 24'","ešgiri[staff]N šudu[equipped]AJ","ŋeš-kiri₃ šu-du₇",0,"ešgiri[staff]N_šudu[equipped]AJ"
"P250736",183,"r i 37","gaba[chest]N erim[enemy]N","{gi}gaba erim₂",0,"gaba[chest]N_erim[enemy]N"
"P388330",12,"r 10","peš[fig]N","{ŋeš}peš₃",0,"peš[fig]N"
"P347814",234,"c ii 40'","zamiritum[instrument]N","{ŋeš}za-am₃-ri₂-tum",0,"zamiritum[instrument]N"
"P447996",158,"r i 40","daldal[stamen]N ŋešnimbar[palm]N","{ŋeš}tal₂-tal₂ ŋešnimbar",0,"daldal[stamen]N_ŋešnimbar[palm]N"
"P459216",105,"r i 10'","guza[chair]N mes[tree]N x[NA]NA","{ŋeš}gu-za {ŋeš}mes x",0,"guza[chair]N_mes[tree]N_x[NA]NA"
"P250736",184,"r i 38","{gi}u₂-ur₄[NA]NA kud[cut]V/t","{gi}u₂-ur₄ kud",0,"{gi}u₂-ur₄[NA]NA_kud[cut]V/t"
"P253245",9,"o 5","{ŋeš}x[NA]NA","{ŋeš}x",0,"{ŋeš}x[NA]NA"
"P225132",4,"o i 1","e[house]N ma[ship]N x[NA]NA","{ŋeš}e₂ ma₂ x",0,"e[house]N_ma[ship]N_x[NA]NA"
"P273712",5,"o 4'","e[house]N ŋešrin[scales]N","{ŋeš}e₂ rin₂",0,"e[house]N_ŋešrin[scales]N"
"P273880",213,"b ii 2","x[NA]NA balak[spindle]N","x balak",0,"x[NA]NA_balak[spindle]N"
"P273880",360,"b iv 23","ŋidru[scepter]N harmušen[snare]N","{ŋeš}ŋidru har-mušen-na",0,"ŋidru[scepter]N_harmušen[snare]N"
"P271911",320,"r i 11'","gida[spear]N","niŋ₂-gid₂-da",0,"gida[spear]N"
"P247864",89,"o ii 26","ŠU.KAL[tree]N","{ŋeš}|ŠU.KAL|",0,"ŠU.KAL[tree]N"
"P250736",129,"o iv 22","dur[ax]N tab[double]V/t","{gi}dur₁₀ tab",0,"dur[ax]N_tab[double]V/t"
"P250362",7,"7","guza[chair]N","{ŋeš}gu-za",0,"guza[chair]N"
"P388265",343,"r v 28","zamin[lyre]N","{ŋeš}za₃-mi₂",0,"zamin[lyre]N"
"P271771",32,"o iii 9","zabalum[juniper]N","{ŋeš}za-ba-lum",0,"zabalum[juniper]N"
"P247864",180,"o iii 54","ŋirigub[footstool]N gigir[chariot]N","{ŋeš}ŋiri₃-gub gigir",0,"ŋirigub[footstool]N_gigir[chariot]N"
"Q000001",442,"441","uzu[flesh]N šag[heart]N šu[hand]N niŋin[encircle]V/t","uzu šag₄ šu niŋin₂",0,"uzu[flesh]N_šag[heart]N_šu[hand]N_niŋin[encircle]V/t"
"P437074",148,"c i 13'","ŋešnud[bed]N šatuku[mattress]N","ŋeš-nud ša₃-an-tuku",0,"ŋešnud[bed]N_šatuku[mattress]N"
"P447996",154,"r i 36","kita[basket]N ŋešnimbar[palm]N","{ŋeš}kid-da ŋešnimbar",0,"kita[basket]N_ŋešnimbar[palm]N"
"P273880",655,"d i 38'","{ŋeš}TU-TU[NA]NA","{ŋeš}TU-TU",0,"{ŋeš}TU-TU[NA]NA"
"Q000039",226,"191","guza[chair]N šagkal[tree]N","{ŋeš}gu-za {ŋeš}šag₄-kal",0,"guza[chair]N_šagkal[tree]N"
"P271911",308,"r i 1'","usakar[moon]N","u₄-sakar",0,"usakar[moon]N"
"P250736",24,"o i 20","gisig[fence]N ašag[field]N","gi-sig a-šag₄",0,"gisig[fence]N_ašag[field]N"
"P273880",342,"b iv 5","kul[handle]N zamin[lyre]N","{ŋeš}kul za₃-mi₂",0,"kul[handle]N_zamin[lyre]N"
"Q000039",369,"327","e[house]N gigir[chariot]N","{ŋeš}e₂ gigir",0,"e[house]N_gigir[chariot]N"
"Q000039",525,"469","ŋušur[harrow]N sar[garden]N","{ŋeš}gana₂-ur₃ sar",0,"ŋušur[harrow]N_sar[garden]N"
"P271911",212,"o iii 53'","al[hoe]N saŋ[head]N","al saŋ",0,"al[hoe]N_saŋ[head]N"
"P271911",86,"o ii 14","x[NA]NA","x",0,"x[NA]NA"
"Q000039",447,"398","saŋkul[bolt]N","{ŋeš}saŋ-kul",0,"saŋkul[bolt]N"
"P492330",24,"o ii 7","tukul[weapon]N mahdi[exalted]AJ","{ŋeš}tukul mah-di",0,"tukul[weapon]N_mahdi[exalted]AJ"
"P346714",49,"r ii 17'","gag[nail]N nig[~plow]N apin[plow]N","{ŋeš}gag nig apin",0,"gag[nail]N_nig[~plow]N_apin[plow]N"
"P271301",302,"r i 30","ŋešnud[bed]N zig[rise]V/t","ŋeš-nud zig₃",0,"ŋešnud[bed]N_zig[rise]V/t"
"P437074",104,"b iii 8'","guza[chair]N na[NA]NA mes[NA]NA","{ŋeš}gu-za na mes",0,"guza[chair]N_na[NA]NA_mes[NA]NA"
"P447996",232,"unknown","unknown","unknown",999,"unknown"
"P459218",94,"o iv 15","{ŋeš}KU-x[NA]NA","{ŋeš}KU-x",0,"{ŋeš}KU-x[NA]NA"
"P332934",102,"o ii 19","tir[forest]N kug[pure]V/i","{ŋeš}tir kug",0,"tir[forest]N_kug[pure]V/i"
"P347814",178,"c i 34'","al[hoe]N zu[tooth]N","{ŋeš}al zu₂",0,"al[hoe]N_zu[tooth]N"
"P253228",14,"o i 10","zu[tooth]N al[hoe]N","{ŋeš}zu₂ al",0,"zu[tooth]N_al[hoe]N"
"Q000039",463,"414","niŋzu[~loom]N","{ŋeš}niŋ₂-zu",0,"niŋzu[~loom]N"
"P271911",410,"r ii 21","dimlumagurak[instrument]N","dim₃-ma-mar-kur₄-ra",0,"dimlumagurak[instrument]N"
"P437074",96,"unknown","unknown","unknown",999,"unknown"
"Q000039",432,"385","ig[door]N miriza[plank]N","{ŋeš}ig mi-ri₂-za",0,"ig[door]N_miriza[plank]N"
"Q000001",343,"343","uman[insect]N DUN[NA]NA","umanₓ(|HI×AŠ₂|) DUN",0,"uman[insect]N_DUN[NA]NA"
"P273880",67,"a ii 49'","{ŋeš}x[NA]NA margida[cart]N","{ŋeš}x mar-gid₂-da",0,"{ŋeš}x[NA]NA_margida[cart]N"
"P346714",10,"r i 06'","{ŋeš}x[NA]NA","{ŋeš}x",0,"{ŋeš}x[NA]NA"
"P247864",35,"o i 32","{ŋeš}x-ur₂-x[NA]NA","{ŋeš}x-ur₂-x",0,"{ŋeš}x-ur₂-x[NA]NA"
"P271911",175,"o iii 22'","gur[rim]N apin[plow]N","gur₂ apin",0,"gur[rim]N_apin[plow]N"
"P273880",562,"c iii 47","ŋešnimbar[palm]N bal[dig]V/t","{ŋeš}ŋešnimbar ba-al",0,"ŋešnimbar[palm]N_bal[dig]V/t"
"P247864",119,"o ii 56","ama[mother]N apin[plow]N","{ŋeš}ama apin",0,"ama[mother]N_apin[plow]N"
"Q000001",474,"471","uzu[flesh]N i[oil]N udu[sheep]N","uzu i₃ udu",0,"uzu[flesh]N_i[oil]N_udu[sheep]N"
"Q000001",335,"335","uman[insect]N","umanₓ(|HI×AŠ₂|)",0,"uman[insect]N"
"Q000039",516,"461","da[side-board]N apin[plow]N","{ŋeš}da apin",0,"da[side-board]N_apin[plow]N"
"P347814",171,"c i 26'","ganum[stand]N kaš[beer]N","{ŋeš}ga-an-nu kaš",0,"ganum[stand]N_kaš[beer]N"
"P346714",11,"r i 07'","{ŋeš}x[NA]NA","{ŋeš}x",0,"{ŋeš}x[NA]NA"
"P273880",5,"a i 1'","{ŋeš}x-x[NA]NA","{ŋeš}x-x",0,"{ŋeš}x-x[NA]NA"
"P247864",135,"o iii 9","apin[plow]N 2[NA]NA gud[ox]N","{ŋeš}apin 2 gud",0,"apin[plow]N_2[NA]NA_gud[ox]N"
"P247864",62,"o i 59","šenu[tree]N","{ŋeš}še-nud-a",0,"šenu[tree]N"
"P332934",235,"o iv 6'","zaraštum[plant]N","{ŋeš}zar-aš₂-tum",0,"zaraštum[plant]N"
"P273880",202,"b i 52'","targul[pole]N","{ŋeš}dar-dar-kak",0,"targul[pole]N"
"P459216",114,"r i 19'","šuʾa[stool]N x[NA]NA","{ŋeš}šu₂-a x",0,"šuʾa[stool]N_x[NA]NA"
"P247864",267,"o v 15","niŋ[thing]N ya[five]NU giŋ[unit]N","{ŋeš}niŋ₂ ia₂ giŋ₄",0,"niŋ[thing]N_ya[five]NU_giŋ[unit]N"
"P253230",12,"o i 7","apin[plow]N šudu[equipped]AJ","{ŋeš}apin šu-du₇",0,"apin[plow]N_šudu[equipped]AJ"
"P388265",8,"i 10","elammakum[tree]N","{ŋeš}e-lam-kum",0,"elammakum[tree]N"
"P271911",206,"o iii 48'","u[ride]V/t ŋušur[harrow]N","u₅ niŋ₂-gan₂-ur₃",0,"u[ride]V/t_ŋušur[harrow]N"
"P271911",136,"o ii 56","ŋešrin[scales]N zibana[balance]N","rin₂ zi-ba-na",0,"ŋešrin[scales]N_zibana[balance]N"
"P459216",186,"r iv 18'","umbin[wheel]N margida[cart]N","{ŋeš}umbin mar-gid₂-da",0,"umbin[wheel]N_margida[cart]N"
"Q000039",302,"265","ma[ship]N","{ŋeš}ma₂",0,"ma[ship]N"
"Q000039",305,"268","ma[ship]N x[NA]NA","{ŋeš}ma₂ x",0,"ma[ship]N_x[NA]NA"
"P347814",232,"c ii 38'","miritum[instrument]N","{ŋeš}mi-ri₂-tum",0,"miritum[instrument]N"
"P437074",50,"b i 11''","šušum[licorice]N","{ŋeš}šušum",0,"šušum[licorice]N"
"P253233",23,"o ii 6","banmin[vessel]N","{ŋeš}{+ba-an}banmin",0,"banmin[vessel]N"
"P492330",3,"o i 1","saŋ[head]N","{ŋeš}saŋ",0,"saŋ[head]N"
"P247864",235,"o iv 46","ig[door]N miriza[plank]N","{ŋeš}ig mi-ri₂-za",0,"ig[door]N_miriza[plank]N"
"P247864",454,"r i 14","ŋešnud[bed]N umbin[nail]N sal[thin]V/i","ŋeš-nud umbin sal",0,"ŋešnud[bed]N_umbin[nail]N_sal[thin]V/i"
"Q000039",245,"209","šuʾa[stool]N kaskal[way]N","{ŋeš}šu₂-a kaskal",0,"šuʾa[stool]N_kaskal[way]N"
"P332939",50,"r i' 9'","šag[heart]N hul[rejoice]V/i","{ŋeš}šag₄ hul₂",0,"šag[heart]N_hul[rejoice]V/i"
"P447996",182,"r ii 19","Mašaghula[1]ON","{ŋeš}ma₂-šag₄-hul₂-la",0,"Mašaghula[1]ON"
"P250364",144,"r iii 10'","x[NA]NA","x",0,"x[NA]NA"
"P250736",29,"o ii 1","enbar[reed]N dug[good]V/i","{gi}en₃-bar dug₃",0,"enbar[reed]N_dug[good]V/i"
"P273880",239,"b ii 32","ba[tool]N","{ŋeš}ba",0,"ba[tool]N"
"P271320",65,"unknown","unknown","unknown",2,"unknown"
"P459216",7,"i 5","ŋešgana[tree]N babbar[white]V/i","ŋeš-kin₂ babbar",0,"ŋešgana[tree]N_babbar[white]V/i"
"P388265",63,"iii 13","maš[plant]N","{ŋeš}maš",0,"maš[plant]N"
"Q000001",137,"137","maš[goat]N zu[tooth]N rah[beat]V/t","maš₂ zu₂ ra-ah",0,"maš[goat]N_zu[tooth]N_rah[beat]V/t"
"P332934",223,"o iii 61","hara[shoot]N ŋešnimbar[palm]N","{ŋeš}ha-ra ŋešnimbar",0,"hara[shoot]N_ŋešnimbar[palm]N"
"Q000039",267,"231","dilim[spoon]N","{ŋeš}dilim₂",0,"dilim[spoon]N"
"P271911",61,"o i 41'","saŋdu[beam]N","sag-du",0,"saŋdu[beam]N"
"P437074",153,"c i 18'","zag[side]N gal[big]V/i ŋešnud[bed]N","{ŋeš}zag gu-la nud",0,"zag[side]N_gal[big]V/i_ŋešnud[bed]N"
"P271911",239,"o iv 11","dupsik[basket]N zala[smashed]N","dupsik zag-lal₂",0,"dupsik[basket]N_zala[smashed]N"
"P296528",2,"o 1","{ŋeš}IGI-TUR[NA]NA","{ŋeš}IGI-TUR",0,"{ŋeš}IGI-TUR[NA]NA"
"P247864",9,"o i 6","ŋešaʾabak[tree]N","ŋeš-ab-ba",0,"ŋešaʾabak[tree]N"
"P347814",113,"b i 43'","gu[neck]N zirigum[irrigation-device]N","{ŋeš}gu₂ zi-ri₂-gum",0,"gu[neck]N_zirigum[irrigation-device]N"
"Q000001",214,"214","ab[cow]N ŋeš[penis]N zu[know]V/t","ab₂ ŋeš₃ zu",0,"ab[cow]N_ŋeš[penis]N_zu[know]V/t"
"P271519",9,"o ii' 1","šuʾa[stool]N","{+li-iš-ša}{ŋeš}šu₂-a",0,"šuʾa[stool]N"
"P271911",584,"r iv 42","gimuš[pole]N","gi-muš",0,"gimuš[pole]N"
"Q000039",379,"336","saŋdur[seat]N gigir[chariot]N","{ŋeš}saŋ-dur₂ gigir",0,"saŋdur[seat]N_gigir[chariot]N"
"P447996",73,"o iv 42","peš[fig]N šergu[string]N","{ŋeš}peš₃ še-er-kum",0,"peš[fig]N_šergu[string]N"
"P253238",18,"o 15'","šennur[plum]N","{ŋeš}šennur",0,"šennur[plum]N"
"P277271",5,"o 3'","x[NA]NA","x",0,"x[NA]NA"
"Q000039",129,"106","asal[poplar]N kur[mountain]N","{ŋeš}asal₂ kur",0,"asal[poplar]N_kur[mountain]N"
"P429503",26,"o i 23","gurum[bend]V/t ŋeštin[vine]N","{ŋeš}gurum ŋeštin",0,"gurum[bend]V/t_ŋeštin[vine]N"
"P250736",253,"r iii 14","epig[vessel]N šah[pig]N","{dug}epig šah₂",0,"epig[vessel]N_šah[pig]N"
"P388265",398,"r vi 39","{ŋeš}la-ma[NA]NA","{ŋeš}la-ma",0,"{ŋeš}la-ma[NA]NA"
"P346714",13,"r i 17'","{ŋeš}x[NA]NA","{ŋeš}x",0,"{ŋeš}x[NA]NA"
"P273880",439,"c i 44","miriza[plank]N","{ŋeš}mi-ri₂-za",0,"miriza[plank]N"
"P273880",482,"c ii 26","ma[ship]N ŋeš[tree]N","{ŋeš}ma₂ ŋeš",0,"ma[ship]N_ŋeš[tree]N"
"P228196",11,"11","ganum[stand]N saŋ[head]N","{ŋeš}gan-nu saŋ",0,"ganum[stand]N_saŋ[head]N"
"P271771",98,"r i 4'","izzi[wall]N guza[chair]N","{ŋeš}i-zi gu-za",0,"izzi[wall]N_guza[chair]N"
"P459218",85,"o iv 3","{ŋeš}gan[NA]NA apin[plow]N","{ŋeš}gan apin",0,"{ŋeš}gan[NA]NA_apin[plow]N"
"P447996",121,"r i 3","ŋešnimbar[palm]N al-x-x[NA]NA","{ŋeš}ŋešnimbar al-x-x",0,"ŋešnimbar[palm]N_al-x-x[NA]NA"
"P271301",139,"o iii 27","ŋešnimbar[palm]N kud[cut]V/t","{ŋeš}ŋešnimbar kud",0,"ŋešnimbar[palm]N_kud[cut]V/t"
"P271771",41,"o iii 18","tiʾarum[tree]N","{ŋeš}ti-ia-lum",0,"tiʾarum[tree]N"
"P228196",9,"9","ganum[stand]N ki-sig[NA]NA","{ŋeš}gan-nu ki-sig",0,"ganum[stand]N_ki-sig[NA]NA"
"Q000001",37,"37","udu[sheep]N nim[high]V/i","udu nim-nim",0,"udu[sheep]N_nim[high]V/i"
"P447996",196,"r ii 33","ma[ship]N Mari[1]SN","{ŋeš}ma₂ ma₂-ri₂{ki}",0,"ma[ship]N_Mari[1]SN"
"P271911",616,"unknown","unknown","unknown",1,"unknown"
"P249794",10,"r 3","mar[shovel]N x[NA]NA","{ŋeš}mar x",0,"mar[shovel]N_x[NA]NA"
"P346714",53,"r ii 21'","gag[nail]N niŋŋeštug[~plow]N apin[plow]N","{ŋeš}gag niŋ₂-ŋeštug apin",0,"gag[nail]N_niŋŋeštug[~plow]N_apin[plow]N"
"P332934",66,"o i 10'","šennur[plum]N kur[mountain]N","{ŋeš}šennur kur",0,"šennur[plum]N_kur[mountain]N"
"P429503",49,"o ii 18","ŋešaʾabak[tree]N","ŋeš-a-ab-ba",0,"ŋešaʾabak[tree]N"
"P459226",32,"o ii 12'","manu[wood]N lu[mix]V/t","{ŋeš}ma-nu lu₂",0,"manu[wood]N_lu[mix]V/t"
"P271911",118,"unknown","unknown","unknown",1,"unknown"
"P332934",340,"r iii 43'","{ŋeš}x[NA]NA","{ŋeš}x",0,"{ŋeš}x[NA]NA"
"P273880",611,"c iv 45","maš[plant]N","{ŋeš}maš",0,"maš[plant]N"
"Q000001",110,"110","u[ewe]N utud[bear]V/t","u₈ u₃-tud",0,"u[ewe]N_utud[bear]V/t"
"P492330",9,"o i 7","ŋeš[tree]N šuš[cut]V/t","ŋeš šu₄",0,"ŋeš[tree]N_šuš[cut]V/t"
"P271301",70,"o ii 18","ildag[poplar]N en-na[NA]NA","{ŋeš}ildag₂ en-na",0,"ildag[poplar]N_en-na[NA]NA"
"Q000001",26,"26","udu[sheep]N šurum[litter]N","udu šurum₆-ma",0,"udu[sheep]N_šurum[litter]N"
"P247864",21,"o i 18","mes[tree]N","{ŋeš}mes",0,"mes[tree]N"
"P347814",269,"d i 32'","{ŋeš}KUD[NA]NA","{ŋeš}KUD",0,"{ŋeš}KUD[NA]NA"
"Q000039",668,"602","alŋarsur[drumstick]N","{ŋeš}al-ŋar-sur₉",0,"alŋarsur[drumstick]N"
"Q000039",629,"563","habuda[hoe]N","{ŋeš}ha-bu-da",0,"habuda[hoe]N"
"P459217",117,"r i 3'","x-ra-x[NA]NA","x-ra-x",0,"x-ra-x[NA]NA"
"P271911",494,"r iii 30","namnutare[~irrigation]N","nam-lu₂-da-ri-a",0,"namnutare[~irrigation]N"
"P447996",104,"o v 29","{ŋeš}lugal[NA]NA","{ŋeš}lugal",0,"{ŋeš}lugal[NA]NA"
"P389511",3,"o 2","ŋešaʾabak[tree]N Meluhha[1]GN","ŋeš-a-ab-ba me-luh-ha",0,"ŋešaʾabak[tree]N_Meluhha[1]GN"
"P297194",6,"o 5","pa[branch]N usuh[tree]N","{ŋeš}pa u₃-suh₅",0,"pa[branch]N_usuh[tree]N"
"P273880",350,"b iv 13","{ŋeš}balaŋ[NA]NA","{ŋeš}balaŋ",0,"{ŋeš}balaŋ[NA]NA"
"P271911",273,"unknown","unknown","unknown",1,"unknown"
"P388265",199,"r ii 26","bariga[unit]N","{ŋeš}ba-ri₂-ga",0,"bariga[unit]N"
"P273880",70,"a iii 1'","x[NA]NA margida[cart]N","x mar-gid₂-da",0,"x[NA]NA_margida[cart]N"
"P447996",8,"o iii 4'","lamtur[nut]N","{ŋeš}lam-tur",0,"lamtur[nut]N"
"P250363",15,"r 2","saŋkul[bolt]N","{ŋeš}saŋ-kul",0,"saŋkul[bolt]N"
"Q000039",253,"217","ŋešnud[bed]N gu[neck]N zig[rise]V/t","ŋeš-nud gu₂ zig₃",0,"ŋešnud[bed]N_gu[neck]N_zig[rise]V/t"
"P370399",147,"unknown","unknown","unknown",1,"unknown"
"P247864",157,"o iii 31","zara[pivot]N margida[cart]N","{ŋeš}za-ra mar-gid₂-da",0,"zara[pivot]N_margida[cart]N"
"P253230",28,"o ii 6","apin[plow]N šu[hand]N","{ŋeš}apin šu",0,"apin[plow]N_šu[hand]N"
"P271911",160,"unknown","unknown","unknown",1,"unknown"
"P273712",23,"r i 13","ušub[brick-mold]N šeg[brick]N alura[baked]AJ","{ŋeš}u₃-šub šeg₁₂ al-ur₅-ra",0,"ušub[brick-mold]N_šeg[brick]N_alura[baked]AJ"
"P273880",392,"b iv 60","sadum[container]N","{ŋeš}sa-dum",0,"sadum[container]N"
"P271911",536,"r iv 6","{x}KAL[NA]NA","{x}KAL",0,"{x}KAL[NA]NA"
"P388265",343,"r v 28","zamin[lyre]N","{ŋeš}za₃-mi₂",0,"zamin[lyre]N"
"P346714",181,"r vi 02'","x-muš[NA]NA","x-muš",0,"x-muš[NA]NA"
"P271301",468,"r iv 49","da[side-board]N margida[cart]N","{ŋeš}da mar-gid₂-da",0,"da[side-board]N_margida[cart]N"
"P332934",18,"o i 14","ŋeš[tree]N gunu[speckled]V/i","ŋeš gun₃",0,"ŋeš[tree]N_gunu[speckled]V/i"
"Q000039",401,"357","margida[cart]N","{ŋeš}mar-gid₂-da",0,"margida[cart]N"
"P459216",186,"r iv 18'","umbin[wheel]N margida[cart]N","{ŋeš}umbin mar-gid₂-da",0,"umbin[wheel]N_margida[cart]N"
"P253230",18,"o i 13","apin[plow]N šudu[equipped]AJ","{ŋeš}apin šu-nu-du₇",0,"apin[plow]N_šudu[equipped]AJ"
"P250364",51,"o iii 1'","{ŋeš}x[NA]NA","{ŋeš}x",0,"{ŋeš}x[NA]NA"
"P247864",261,"o v 9","niŋ[thing]N diš[one]NU sila[unit]N","{ŋeš}niŋ₂ diš sila₃",0,"niŋ[thing]N_diš[one]NU_sila[unit]N"
"Q000039",448,"399","saŋkul[bolt]N nim[high]V/i","{ŋeš}saŋ-kul nim",0,"saŋkul[bolt]N_nim[high]V/i"
"P459216",64,"iii 3","šag[heart]N ŋešnimbar[palm]N","{ŋeš}šag₄ ŋešnimbar",0,"šag[heart]N_ŋešnimbar[palm]N"
"P271320",55,"r ii' 4'","sudin[~chariot]N margida[cart]N","{ŋeš}su-din mar-gid₂-da",0,"sudin[~chariot]N_margida[cart]N"
"P253866",71,"o iii 4'","gam[crook]N","{ŋeš}kab",0,"gam[crook]N"
"P437074",126,"b iii 12''","{ŋeš}x-x[NA]NA","{ŋeš}x-x",0,"{ŋeš}x-x[NA]NA"
"P370399",154,"o v 8'","ellag[ball]N","{ŋeš}ellag",0,"ellag[ball]N"
"P459216",31,"i 29","{ŋeš}x[NA]NA","{ŋeš}x",0,"{ŋeš}x[NA]NA"
"P273880",290,"b iii 14","naŋa[mortar]N ŋeši[sesame]N","{ŋeš}naŋa₃ {še}ŋeš-i₃",0,"naŋa[mortar]N_ŋeši[sesame]N"
"Q000039",77,"60","tiʾarum[tree]N","{ŋeš}ti-a-ru-um",0,"tiʾarum[tree]N"
"Q000039",727,"655","pa[branch]N gibil[new]V/i ug[die]V/t","{ŋeš}pa gibil ug₅-ga",0,"pa[branch]N_gibil[new]V/i_ug[die]V/t"
"P247864",390,"o vii 9'","šuʾa[stool]N dus[bathroom]N","{ŋeš}šu₂-a du₁₀-us₂",0,"šuʾa[stool]N_dus[bathroom]N"
"P250361",18,"o ii 6'","{ŋeš}x[NA]NA apin[plow]N","{ŋeš}x apin",0,"{ŋeš}x[NA]NA_apin[plow]N"
"P273880",124,"a iv 12'","gag[nail]N mud[tube]N","{ŋeš}gag mud",0,"gag[nail]N_mud[tube]N"
"P250364",10,"o i 7","si[horn]N gigir[chariot]N","{ŋeš}si gigir",0,"si[horn]N_gigir[chariot]N"
"Q000039",498,"446","apin[plow]N tugsaga[plow]N","{ŋeš}apin tug₂-saga₁₁",0,"apin[plow]N_tugsaga[plow]N"
"P271911",289,"unknown","unknown","unknown",1,"unknown"
"P459217",157,"r iii 14","guza[chair]N x[NA]NA","{ŋeš}gu-za x",0,"guza[chair]N_x[NA]NA"
"Q000001",354,"354","nim[fly]N bi₂-bi₂-a[NA]NA šagtur[womb]N","nim bi₂-bi₂-a IGI@g-EN-IGI@g-EN",0,"nim[fly]N_bi₂-bi₂-a[NA]NA_šagtur[womb]N"
"P271771",74,"o v 4","tulubum[tree]N","{ŋeš}dal-bu-um",0,"tulubum[tree]N"
"Q000001",97,"97","udu[sheep]N sila[bait]N urbara[wolf]N","udu sila ur-bar-ra",0,"udu[sheep]N_sila[bait]N_urbara[wolf]N"
"P253233",41,"r i 9'","dada[tree]N","{ŋeš}da-da",0,"dada[tree]N"
"P369718",3,"o 2","gag[nail]N šudul[yoke]N margida[cart]N","{ŋeš}gag šudul₃ mar-gid₂-da",0,"gag[nail]N_šudul[yoke]N_margida[cart]N"
"P459216",20,"i 18","hašhur[apple]N armanu[tree]N","{ŋeš}hašhur ar-ma-nu-um",0,"hašhur[apple]N_armanu[tree]N"
"Q000039",669,"603","sabitum[instrument]N","{ŋeš}sa-bi₂-tum",0,"sabitum[instrument]N"
"Q000039",111,"89","mud[stump]N ŋešnimbar[palm]N","{ŋeš}mud ŋešnimbar",0,"mud[stump]N_ŋešnimbar[palm]N"
"P247864",298,"o v 46","u[ride]V/t ma[ship]N","{ŋeš}u₅ ma₂",0,"u[ride]V/t_ma[ship]N"
"P271911",581,"r iv 40","dilim[spoon]N zigan[rudder]N","dilim₂ si-kam₂",0,"dilim[spoon]N_zigan[rudder]N"
"P271792",5,"o 2'","x[NA]NA","x",0,"x[NA]NA"
"P388330",12,"r 10","peš[fig]N","{ŋeš}peš₃",0,"peš[fig]N"
"P273880",556,"c iii 41","ŋešnimbar[palm]N x-ni[NA]NA x[NA]NA","{ŋeš}ŋešnimbar x-ni x",0,"ŋešnimbar[palm]N_x-ni[NA]NA_x[NA]NA"
"P370399",52,"o ii 25'","ŋešnud[bed]N","ŋeš-nud",0,"ŋešnud[bed]N"
"Q000039",65,"52","eren[cedar]N","{ŋeš}eren",0,"eren[cedar]N"
"P271301",96,"o ii 44","tir[forest]N šen[pure]V/i","{ŋeš}tir šen-šen",0,"tir[forest]N_šen[pure]V/i"
"P247864",368,"o vi 52","katapum[object]N","{ŋeš}ka-ta-pu-um",0,"katapum[object]N"
"P447996",158,"r i 40","daldal[stamen]N ŋešnimbar[palm]N","{ŋeš}tal₂-tal₂ ŋešnimbar",0,"daldal[stamen]N_ŋešnimbar[palm]N"
"P346714",25,"r i 29'","gag[nail]N mud[tube]N margida[cart]N","{ŋeš}gag mud mar-gid₂-da",0,"gag[nail]N_mud[tube]N_margida[cart]N"
"P447996",82,"o v 7","hašhur[apple]N šeŋuš[barley]N","{ŋeš}hašhur še-muš₅",0,"hašhur[apple]N_šeŋuš[barley]N"
"P271301",243,"o v 16'","guza[chair]N gid[long]V/i","{ŋeš}gu-za gid₂",0,"guza[chair]N_gid[long]V/i"
"P459227",4,"o i 1'","x-KA[NA]NA","x-KA",0,"x-KA[NA]NA"
"P429503",181,"r iii' 24'","gag[nail]N ašte[chair]N margida[cart]N","{ŋeš}gag al-te mar-gid₂-da",0,"gag[nail]N_ašte[chair]N_margida[cart]N"
"Q000001",48,"48","udu[sheep]N namuruna[~herd]N","udu nam-urunₓ(EN)-na",0,"udu[sheep]N_namuruna[~herd]N"
"P247864",123,"o ii 60","gag[nail]N ninda[seed-funnel]N apin[plow]N","{ŋeš}gag |NINDA₂×NUMUN| apin",0,"gag[nail]N_ninda[seed-funnel]N_apin[plow]N"
"P447996",46,"o iv 15","manu[wood]N duru[wet]V/i","{ŋeš}ma-nu duru₅",0,"manu[wood]N_duru[wet]V/i"
"P273880",689,"d ii 25'","zabar[bronze]N gub[stand]V/i","{ŋeš}zabar gub",0,"zabar[bronze]N_gub[stand]V/i"
"Q000039",387,"344","si[horn]N gigir[chariot]N","{ŋeš}si gigir",0,"si[horn]N_gigir[chariot]N"
"P347814",45,"a ii 16'","{ŋeš}x[NA]NA","{ŋeš}x",0,"{ŋeš}x[NA]NA"
"P273880",253,"b ii 46","ŋeš[tree]N u[ten]NU giŋ[unit]N","ŋeš u giŋ₄",0,"ŋeš[tree]N_u[ten]NU_giŋ[unit]N"
"P459217",35,"ii 11'","kur[wood]N","{ŋeš}kur",0,"kur[wood]N"
"P250364",76,"o iv 16","{ŋeš}x[NA]NA","{ŋeš}x",0,"{ŋeš}x[NA]NA"
"P273880",274,"b ii 67","banšur[table]N murzanum[wooden-object]N","{ŋeš}banšurₓ(|URU×IGI.URUDA|) u₄-ru-za-nu-um",0,"banšur[table]N_murzanum[wooden-object]N"
"P271911",242,"o iv 13","dur[board]N šeg[brick]N","dur₂ šeg₁₂",0,"dur[board]N_šeg[brick]N"
"P273712",18,"r i 8","al[hoe]N zu[tooth]N limmu[four]NU","{ŋeš}al zu₂ limmu₅",0,"al[hoe]N_zu[tooth]N_limmu[four]NU"
"P253228",17,"o i 13","al[hoe]N zu[tooth]N eš[three]NU","{ŋeš}al zu₂ eš₅",0,"al[hoe]N_zu[tooth]N_eš[three]NU"
"P492330",22,"o ii 5","tukul[weapon]N saŋ[head]N ninnu[fifty]NU","{ŋeš}tukul saŋ ninnu",0,"tukul[weapon]N_saŋ[head]N_ninnu[fifty]NU"
"P437074",91,"b ii 15''","guza[chair]N izzi[wall]N x[NA]NA","{ŋeš}gu-za i-zi x",0,"guza[chair]N_izzi[wall]N_x[NA]NA"
"P370399",69,"o iii 8'","guza[chair]N šuniŋin[total]N banda[junior]V/i","{ŋeš}gu-za šu-niŋin₂ banda₃{da}",0,"guza[chair]N_šuniŋin[total]N_banda[junior]V/i"
"P247864",26,"o i 23","allanum[oak]N","{ŋeš}al-la-nu-um",0,"allanum[oak]N"
"P273880",419,"c i 22","dur[board]N ab[window]N","{ŋeš}dur₂ ab",0,"dur[board]N_ab[window]N"
"P250364",170,"unknown","unknown","unknown",9,"unknown"
"P271911",110,"unknown","unknown","unknown",1,"unknown"
"P271911",481,"r iii 20","tukul[weapon]N saŋ[head]N na[stone]N","tukul saŋ na₄",0,"tukul[weapon]N_saŋ[head]N_na[stone]N"
"P437074",146,"c i 11'","ŋešnud[bed]N umbin[nail]N gud[ox]N","ŋeš-nud umbin gud",0,"ŋešnud[bed]N_umbin[nail]N_gud[ox]N"
"P388265",345,"r v 30","dimlumagurak[instrument]N","{ŋeš}du₃-ma₂-kar-re",0,"dimlumagurak[instrument]N"
"P253238",10,"o 7'","eš[tree]N","{ŋeš}eš₂₂",0,"eš[tree]N"
"P271911",364,"r i 48'","mar[shovel]N sahar[dust]N","mar sahar",0,"mar[shovel]N_sahar[dust]N"
"Q000001",265,"265","muš[snake]N Nirah[1]DN","muš {d}nirah",0,"muš[snake]N_Nirah[1]DN"
"P271301",22,"o i 19","ŋešbargana[bark]N","ŋeš-babbar",0,"ŋešbargana[bark]N"
"P250736",129,"o iv 22","dur[ax]N tab[double]V/t","{gi}dur₁₀ tab",0,"dur[ax]N_tab[double]V/t"
"Q000039",40,"33","allanum[oak]N","{ŋeš}al-la-nu-um",0,"allanum[oak]N"
"Q000001",94,"94","udu[sheep]N kadra[gift]N","udu kadra(|GAR.ŠA₃.A|)",0,"udu[sheep]N_kadra[gift]N"
"P388265",78,"iii 28","nurma[pomegranate]N","{ŋeš}nu-ur₂-ma",0,"nurma[pomegranate]N"
"Q000001",123,"123","uzud[goat]N","uzud",0,"uzud[goat]N"
"P250364",34,"o ii 9","DUB.du₃[~vehicle]N RU-x[NA]NA","{ŋeš}kišib₃-du₁₀ RU-x",0,"DUB.du₃[~vehicle]N_RU-x[NA]NA"
"P459216",36,"ii 4","manu[wood]N","{ŋeš}ma-nu",0,"manu[wood]N"
"P429503",131,"r ii' 7'","{ŋeš}PAD[NA]NA ma[ship]N","{ŋeš}PAD ma₂",0,"{ŋeš}PAD[NA]NA_ma[ship]N"
"P273880",36,"a ii 3'","gag[nail]N x-x[NA]NA apin[plow]N","{ŋeš}gag x-x apin",0,"gag[nail]N_x-x[NA]NA_apin[plow]N"
"P459216",180,"r iv 12'","margida[cart]N","{ŋeš}mar-gid₂-da",0,"margida[cart]N"
"P388265",144,"r i 22","šudul[yoke]N apin[plow]N","{ŋeš}šu₂-dul₄ apin",0,"šudul[yoke]N_apin[plow]N"
"P250364",51,"o iii 1'","{ŋeš}x[NA]NA","{ŋeš}x",0,"{ŋeš}x[NA]NA"
"Q000039",663,"597","balaŋ[instrument]N","{ŋeš}balaŋ",0,"balaŋ[instrument]N"
"P247864",128,"o iii 2","gag[nail]N leʾum[board]N apin[plow]N","{ŋeš}gag li apin",0,"gag[nail]N_leʾum[board]N_apin[plow]N"
"P271911",540,"r iv 10","{x}URI{ki}[NA]NA","{x}URI{ki}",0,"{x}URI{ki}[NA]NA"
"Q000039",456,"407","šerim[~loom]N","{ŋeš}šerim(TAG)",0,"šerim[~loom]N"
"P332934",295,"r iii 22","ma[ship]N x-x[NA]NA","{ŋeš}ma₂ x-x",0,"ma[ship]N_x-x[NA]NA"
"P347814",246,"unknown","unknown","unknown",1,"unknown"
"P271911",382,"r ii 1","balaŋ[instrument]N","{ŋeš}balaŋ",0,"balaŋ[instrument]N"
"P250736",203,"r ii 7","{dug}x-x-x-x[NA]NA","{dug}x-x-x-x",0,"{dug}x-x-x-x[NA]NA"
"P271301",234,"o v 7'","ba[tool]N pa-x[NA]NA","{ŋeš}ba pa-x",0,"ba[tool]N_pa-x[NA]NA"
"P271911",367,"r i 50'","eme[tongue]N mar[shovel]N","eme mar",0,"eme[tongue]N_mar[shovel]N"
"P247864",281,"o v 29","{ŋeš}x-x[NA]NA","{ŋeš}x-x",0,"{ŋeš}x-x[NA]NA"
"P253228",64,"r ii 3'","{ŋeš}x[NA]NA","{ŋeš}x",0,"{ŋeš}x[NA]NA"
"P271792",14,"r 11'","x-da[NA]NA","x-da",0,"x-da[NA]NA"
"P271301",249,"o v 22'","guza[chair]N niŋba[gift]N","{ŋeš}gu-za niŋ₂-ba",0,"guza[chair]N_niŋba[gift]N"
"Q000001",241,"241","anše[equid]N kaš[runner]N","anše kaš₄",0,"anše[equid]N_kaš[runner]N"
"P388265",29,"unknown","unknown","unknown",6,"unknown"
"P459784",4,"2'","šenu[tree]N","{ŋeš}še-nu",0,"šenu[tree]N"
"P459218",68,"o iii 19","saŋ[head]N apin[plow]N","{ŋeš}saŋ apin",0,"saŋ[head]N_apin[plow]N"
"P273880",552,"c iii 37","pešmur[~palm]N ŋešnimbar[palm]N","{ŋeš}peš-murgu ŋešnimbar",0,"pešmur[~palm]N_ŋešnimbar[palm]N"
"P346714",66,"r ii 34'","saŋdu[beam]N","{ŋeš}saŋ-du",0,"saŋdu[beam]N"
"P250736",296,"r iv 14","im[clay]N dugud[heavy]V/i","im dugud",0,"im[clay]N_dugud[heavy]V/i"
"P492330",3,"o i 1","saŋ[head]N","{ŋeš}saŋ",0,"saŋ[head]N"
"P388265",337,"r v 22","zigan[rudder]N","{ŋeš}zi-gan",0,"zigan[rudder]N"
"P271301",77,"o ii 25","manu[wood]N","{ŋeš}ma-nu",0,"manu[wood]N"
"Q000001",77,"77","udu[sheep]N ki[place]N ŋar[place]V/t","udu ki ŋar",0,"udu[sheep]N_ki[place]N_ŋar[place]V/t"
"P332934",78,"o i 22'","ildag[poplar]N tur[small]V/i","{ŋeš}ildag₂ tur",0,"ildag[poplar]N_tur[small]V/i"
"P271301",9,"o i 6","esi[tree]N Tukriš[1]GN","{ŋeš}esi tu-uk-ri-iš{ki}",0,"esi[tree]N_Tukriš[1]GN"
"P437074",104,"b iii 8'","guza[chair]N na[NA]NA mes[NA]NA","{ŋeš}gu-za na mes",0,"guza[chair]N_na[NA]NA_mes[NA]NA"
"P253238",38,"r 15","KID.da[twig]N","{ŋeš}KID-da",0,"KID.da[twig]N"
"P437074",50,"b i 11''","šušum[licorice]N","{ŋeš}šušum",0,"šušum[licorice]N"
"P388265",430,"t.e. iii 2","{ŋeš}sar-ra[NA]NA ŋar[place]V/t","{ŋeš}sar-ra ŋar-ŋar",0,"{ŋeš}sar-ra[NA]NA_ŋar[place]V/t"
"P250736",300,"r iv 18","šeg[brick]N","šeg₁₂",0,"šeg[brick]N"
"P429503",47,"o ii 16","ŋeškur[tree]N","ŋeš-ku-ra",0,"ŋeškur[tree]N"
"P250364",167,"unknown","unknown","unknown",999,"unknown"
"P271911",58,"o i 39'","suhur[tool]N anše[equid]N","suhur anše",0,"suhur[tool]N_anše[equid]N"
"P228196",13,"13","ebir[vessel-stand]N","{ŋeš}{+e-bi-ir}ebir",0,"ebir[vessel-stand]N"
"P347814",107,"b i 37'","gag[nail]N šum[garlic]N bal[dig]V/t","{ŋeš}gag šum₂ ba-al",0,"gag[nail]N_šum[garlic]N_bal[dig]V/t"
"P273880",334,"b iii 62","dagsi[hook]N","{ŋeš}dag-si",0,"dagsi[hook]N"
"P250364",124,"r ii 9'","{ŋeš}x[NA]NA","{ŋeš}x",0,"{ŋeš}x[NA]NA"
"P247864",105,"o ii 42","ba[tool]N šab[cut]V/t","{ŋeš}ba sa-ba",0,"ba[tool]N_šab[cut]V/t"
"P273880",235,"b ii 24","garig[comb]N eban[pair]N","{ŋeš}ga-rig₂ e₂-pa-an",0,"garig[comb]N_eban[pair]N"
"P347814",97,"b i 22'","{ŋeš}x[NA]NA apin[plow]N","{ŋeš}x apin",0,"{ŋeš}x[NA]NA_apin[plow]N"
"P273880",272,"b ii 65","banšur[table]N gag[nail]N la[hang]V/t","{ŋeš}banšurₓ(|URU×IGI.URUDA|) gag{+gu} la₂",0,"banšur[table]N_gag[nail]N_la[hang]V/t"
"P332939",63,"r ii' 7'","gag[nail]N ašte[chair]N margida[cart]N","{ŋeš}gag al-te mar-gid₂-da",0,"gag[nail]N_ašte[chair]N_margida[cart]N"
"P332934",277,"unknown","unknown","unknown",4,"unknown"
"P437074",175,"c ii 8'","buniŋ[trough]N x[NA]NA","{ŋeš}buniŋ x",0,"buniŋ[trough]N_x[NA]NA"
"P332934",218,"o iii 56","peš[frond]N tur[small]V/i ŋešnimbar[palm]N","{ŋeš}peš tur ŋešnimbar",0,"peš[frond]N_tur[small]V/i_ŋešnimbar[palm]N"
"P370399",72,"o iii 11'","izzi[wall]N guza[chair]N","{ŋeš}ezem gu-za",0,"izzi[wall]N_guza[chair]N"
"P459217",90,"iv 12","{ŋeš}UR[NA]NA ŋešnimbar[palm]N","{ŋeš}UR ŋešnimbar",0,"{ŋeš}UR[NA]NA_ŋešnimbar[palm]N"
"Q000039",28,"25a","usuh[tree]N tur[small]V/i","{ŋeš}u₃-suh₅ tur",0,"usuh[tree]N_tur[small]V/i"
"P271911",176,"unknown","unknown","unknown",1,"unknown"
"P432448",6,"unknown","unknown","unknown",2,"unknown"
"P346714",99,"r iii 21'","gur[rim]N","{ŋeš}gur₂",0,"gur[rim]N"
"P273880",537,"c iii 22","{ŋeš}niŋ₂-ak-da[NA]NA ŋešnimbar[palm]N","{ŋeš}niŋ₂-ak-da ŋešnimbar",0,"{ŋeš}niŋ₂-ak-da[NA]NA_ŋešnimbar[palm]N"
"P332934",128,"o ii 45","elammakum[tree]N","{ŋeš}e-lam-gi",0,"elammakum[tree]N"
"P388265",11,"i 13","suhuš[offshoot]N","suhušₓ(|TUR.UŠ|)",0,"suhuš[offshoot]N"
"P271771",105,"r i 11'","na[box]N A-TE{ki}[NA]NA","{ŋeš}na A-TE{ki}",0,"na[box]N_A-TE{ki}[NA]NA"
"P349893",5,"5","madal[pole]N","{ŋeš}madla(BU)",0,"madal[pole]N"
"P117404",4,"o 3","ig[door]N i[oil]N","{ŋeš}ig i₃",0,"ig[door]N_i[oil]N"
"P247864",420,"o vii 39'","guza[chair]N gid[drag]V/t limmu[four]NU kuš[skin]N","{ŋeš}gu-za gid₂ limmu kuš",0,"guza[chair]N_gid[drag]V/t_limmu[four]NU_kuš[skin]N"
"P271301",433,"r iv 14","{ŋeš}x[NA]NA x[NA]NA gigir[chariot]N","{ŋeš}x x gigir",0,"{ŋeš}x[NA]NA_x[NA]NA_gigir[chariot]N"
"P388265",182,"r ii 9","mud[tube]N margida[cart]N","{ŋeš}mud mar-gid₂-da",0,"mud[tube]N_margida[cart]N"
"P247864",429,"o vii 48'","guza[chair]N munus[woman]N","{ŋeš}gu-za munus",0,"guza[chair]N_munus[woman]N"
"P250736",78,"o iii 12","gigur[container]N amuš[unmng]N","gi-gur a-muš",0,"gigur[container]N_amuš[unmng]N"
"P388265",46,"ii 29","ŋeštin[vine]N","{ŋeš}ŋeštin",0,"ŋeštin[vine]N"
"Q000039",514,"460a","muš[snake]N apin[plow]N","{ŋeš}muš apin",0,"muš[snake]N_apin[plow]N"
"P253238",40,"r 17","KID.da[twig]N x[NA]NA","{ŋeš}KID-da x",0,"KID.da[twig]N_x[NA]NA"
"P250736",127,"o iv 20","masab[basket]N dima[object]N","{gi}ma-sa₂-ab dim₃-ma",0,"masab[basket]N_dima[object]N"
"P271911",598,"r iv 53","x[NA]NA","x",0,"x[NA]NA"
"Q000001",113,"113","u[ewe]N ŋeš[penis]N zu[know]V/t","u₈ ŋeš₃ zu",0,"u[ewe]N_ŋeš[penis]N_zu[know]V/t"
"P332939",60,"r ii' 4'","niŋgida[rod?]N margida[cart]N","{ŋeš}niŋ₂-gid₂-da mar-gid₂-da",0,"niŋgida[rod?]N_margida[cart]N"
"P347814",226,"c ii 32'","{ŋeš}LAGAB[NA]NA mar[shovel]N","{ŋeš}LAGAB mar",0,"{ŋeš}LAGAB[NA]NA_mar[shovel]N"
"P271301",352,"r ii 36","ŋešgana[pestle]N","ŋeš-gan-na",0,"ŋešgana[pestle]N"
"Q000001",98,"98","udu[sheep]N gug[grass]N nud[lie]V/t","udu gug-ga nud",0,"udu[sheep]N_gug[grass]N_nud[lie]V/t"
"P247864",37,"o i 34","dih[weed]N","{ŋeš}dih₃(NIM)",0,"dih[weed]N"
"P459218",20,"o i 24'","saŋkul[bolt]N","{ŋeš}saŋ-kul",0,"saŋkul[bolt]N"
"P346714",176,"r v 12'","{ŋeš}LAGAB[NA]NA mar[shovel]N","{ŋeš}LAGAB mar",0,"{ŋeš}LAGAB[NA]NA_mar[shovel]N"
"P271911",253,"o iv 22","bariga[unit]N","ba-ri₂-ga",0,"bariga[unit]N"
"P459216",148,"r iii 15'","{ŋeš}x-ma₂[NA]NA","{ŋeš}x-ma₂",0,"{ŋeš}x-ma₂[NA]NA"
"Q000001",321,"321","sumun[cow]N","sumun₂",0,"sumun[cow]N"
"P273880",197,"b i 47'","saŋdu[beam]N","{ŋeš}saŋ-du",0,"saŋdu[beam]N"
"P250364",37,"o ii 12","apin[plow]N šu[hand]N","{ŋeš}apin šu",0,"apin[plow]N_šu[hand]N"
"P253228",64,"r ii 3'","{ŋeš}x[NA]NA","{ŋeš}x",0,"{ŋeš}x[NA]NA"
"P459217",152,"r ii 21'","tun[container]N x[NA]NA","{ŋeš}tun₃ x",0,"tun[container]N_x[NA]NA"
"P271911",134,"o ii 54","ŋešrin[scales]N zala[smashed]N","rin₂ zag-lal₂",0,"ŋešrin[scales]N_zala[smashed]N"
"P388265",7,"i 9","mes.TU[tree]N","{ŋeš}mes-TU",0,"mes.TU[tree]N"
"P247864",91,"o ii 28","{ŋeš}x[NA]NA x[NA]NA","{ŋeš}x x",0,"{ŋeš}x[NA]NA_x[NA]NA"
"P388265",159,"r i 37","{ŋeš}KAL[NA]NA","{ŋeš}KAL",0,"{ŋeš}KAL[NA]NA"
"P459218",88,"o iv 6","{ŋeš}x[NA]NA","{ŋeš}x",0,"{ŋeš}x[NA]NA"
"P429503",169,"r iii' 12'","ŋešdal[crossbar]N margida[cart]N","ŋeš-dal mar-gid₂-da",0,"ŋešdal[crossbar]N_margida[cart]N"
"P370399",106,"o iv 3'","margida[cart]N x[NA]NA","{ŋeš}mar-gid₂-da x",0,"margida[cart]N_x[NA]NA"
"Q000039",397,"353a","{ŋeš}x[NA]NA gagsila[harness]N","{ŋeš}x gag-sal₄",0,"{ŋeš}x[NA]NA_gagsila[harness]N"
"Q000001",450,"449","uzu[flesh]N ur[root]N kun[tail]N","uzu ur₂ kun",0,"uzu[flesh]N_ur[root]N_kun[tail]N"
"P388265",341,"r v 26","ušub[brick-mold]N šeg[brick]N ur[bake]V/t","{ŋeš}u₃-šub sig₄ ur₃",0,"ušub[brick-mold]N_šeg[brick]N_ur[bake]V/t"
"P273880",160,"b i 3'","guza[chair]N gidim[ghost]N","{ŋeš}gu-za gidim",0,"guza[chair]N_gidim[ghost]N"
"Q000039",166,"141a","buniŋ[trough]N","{ŋeš}buniŋ",0,"buniŋ[trough]N"
"Q000039",695,"627","ganum[stand]N kaš[beer]N","{ŋeš}ga-an-nu kaš",0,"ganum[stand]N_kaš[beer]N"
"Q000039",393,"350","{ŋeš}ama[NA]NA usan[whip]N","{ŋeš}ama usan₃",0,"{ŋeš}ama[NA]NA_usan[whip]N"
"P347814",258,"unknown","unknown","unknown",1,"unknown"
"P459227",9,"unknown","unknown","unknown",999,"unknown"
"P459218",48,"o ii 28'","malalum[container]N","{ŋeš}malla(BU)",0,"malalum[container]N"
"P271301",100,"o ii 48","KID.da[twig]N","{ŋeš}šed-da",0,"KID.da[twig]N"
"P492330",35,"r i 5'","{ŋeš}kar₂-x[NA]NA","{ŋeš}kar₂-x",0,"{ŋeš}kar₂-x[NA]NA"
"P272243",45,"r ii 11","x[NA]NA","x",0,"x[NA]NA"
"P271320",63,"r ii' 11'","endur[navel?]N margida[cart]N","{ŋeš}en₃-dur mar-gid₂-da",0,"endur[navel?]N_margida[cart]N"
"P253238",3,"unknown","unknown","unknown",999,"unknown"
"P332930",27,"r 6","ma[ship]N dirig[float]V/i","{ŋeš}ma₂ dirig",0,"ma[ship]N_dirig[float]V/i"
"P370399",141,"o iv 38'","ig[door]N sah[mat]N","{ŋeš}ig sah",0,"ig[door]N_sah[mat]N"
"P437074",22,"a iii 4'","ŋešnimbar[palm]N lul[false]V/i","{ŋeš}ŋešnimbar lulₓ(|LUL.A|)",0,"ŋešnimbar[palm]N_lul[false]V/i"
"P271911",389,"unknown","unknown","unknown",1,"unknown"
"P271301",82,"o ii 30","manu[wood]N a[water]N lu[mix]V/t ŋeš[tree]N ak[do]V/t","{ŋeš}ma-nu a lu₃ ŋeš ak",0,"manu[wood]N_a[water]N_lu[mix]V/t_ŋeš[tree]N_ak[do]V/t"
"Q000039",179,"149","tibala[sign]N","{ŋeš}ti-bala",0,"tibala[sign]N"
"P273880",38,"a ii 5'","dubla[tower]N apin[plow]N","{ŋeš}dub-la₂ apin",0,"dubla[tower]N_apin[plow]N"
"P332934",317,"r iii 20'","ki[place]N ma[ship]N","{ŋeš}ki ma₂",0,"ki[place]N_ma[ship]N"
"P332934",72,"o i 16'","ildag[poplar]N kur[mountain]N","{ŋeš}ildag₂ kur",0,"ildag[poplar]N_kur[mountain]N"
"P332934",20,"o i 16","ŋeštinkira[berry]N","{ŋeš}ŋeštin-ŋir₂-ri-a",0,"ŋeštinkira[berry]N"
"Q000039",248,"212","ŋirigub[footstool]N {d}lama[NA]NA","{ŋeš}ŋiri₃-gub {d}lama",0,"ŋirigub[footstool]N_{d}lama[NA]NA"
"P273880",698,"d ii 41'","{ŋeš}x[NA]NA","{ŋeš}x",0,"{ŋeš}x[NA]NA"
"P347814",157,"c i 12'","gimuš[pole]N","{ŋeš}gi-muš",0,"gimuš[pole]N"
"P250736",51,"o ii 23","{gi}ub-da[NA]NA","{gi}ub-da",0,"{gi}ub-da[NA]NA"
"P346714",67,"r ii 35'","ilila[lever]N","{ŋeš}il₂-il₂",0,"ilila[lever]N"
"P459216",111,"r i 16'","šuʾa[stool]N x[NA]NA","{ŋeš}šu₂-a x",0,"šuʾa[stool]N_x[NA]NA"
"P346714",115,"r iii 37'","ušub[brick-mold]N","{ŋeš}u₃-šub",0,"ušub[brick-mold]N"
"P432448",18,"o 12'","ŋeštinkaʾa[grape]N","{ŋeš}ŋeštin-ka₅-a",0,"ŋeštinkaʾa[grape]N"
"P250736",199,"r ii 3","{dug}x-x[NA]NA","{dug}x-x",0,"{dug}x-x[NA]NA"
"P250364",40,"o ii 15","apin[plow]N šudu[equipped]AJ","{ŋeš}apin šu-du₇",0,"apin[plow]N_šudu[equipped]AJ"
"P247864",123,"o ii 60","gag[nail]N ninda[seed-funnel]N apin[plow]N","{ŋeš}gag |NINDA₂×NUMUN| apin",0,"gag[nail]N_ninda[seed-funnel]N_apin[plow]N"
"P271301",142,"o iii 30","ŋešnimbar[palm]N ug[die]V/t","{ŋeš}ŋešnimbar al-ug₅-ga",0,"ŋešnimbar[palm]N_ug[die]V/t"
"P273880",452,"c i 57","gimuš[pole]N","{ŋeš}gi-muš",0,"gimuš[pole]N"
"Q000001",194,"194","gud[ox]N a₂-x-x[NA]NA","gud a₂-x-x",0,"gud[ox]N_a₂-x-x[NA]NA"
"Q000039",125,"102","peš[frond]N ŋešnimbar[palm]N","{ŋeš}peš ŋešnimbar",0,"peš[frond]N_ŋešnimbar[palm]N"
"P332934",199,"o iii 35","šag[heart]N ŋešnimbar[palm]N","{ŋeš}šag₄ ŋešnimbar",0,"šag[heart]N_ŋešnimbar[palm]N"
"P346714",126,"r iv 06'","niŋ[thing]N sa[half]N sila[unit]N","{ŋeš}niŋ₂ sa₉ sila₃",0,"niŋ[thing]N_sa[half]N_sila[unit]N"
"P429503",40,"o ii 9","ildag[poplar]N aga[rear]N","{ŋeš}ildag₂ a-ga",0,"ildag[poplar]N_aga[rear]N"
"P347814",233,"c ii 39'","{ŋeš}BAR-x-x[NA]NA","{ŋeš}BAR-x-x",0,"{ŋeš}BAR-x-x[NA]NA"
"P459217",125,"r i 12'","tulubum[tree]N","{ŋeš}dili-bu-ma",0,"tulubum[tree]N"
"P332934",34,"o i 30","peš[fig]N Martu[1]GN","{ŋeš}peš₃ mar-tu{ki}",0,"peš[fig]N_Martu[1]GN"
"P346714",180,"r vi 01'","x-a[NA]NA","x-a",0,"x-a[NA]NA"
"P247864",454,"r i 14","ŋešnud[bed]N umbin[nail]N sal[thin]V/i","ŋeš-nud umbin sal",0,"ŋešnud[bed]N_umbin[nail]N_sal[thin]V/i"
"P432448",5,"unknown","unknown","unknown",999,"unknown"
"P370399",82,"o iii 21","banšurzagŋara[table]N","{ŋeš}banšur-zag-ŋar-ra",0,"banšurzagŋara[table]N"
"P332939",10,"o i 7","ŋešgana[tree]N babbar[white]V/i","ŋeš-kin₂ babbar",0,"ŋešgana[tree]N_babbar[white]V/i"
"P273880",500,"c ii 45","{ŋeš}x-kul[NA]NA ma[ship]N","{ŋeš}x-kul ma₂",0,"{ŋeš}x-kul[NA]NA_ma[ship]N"
"P459218",111,"o iv 32","gag[nail]N šum[garlic]N širdili[~garlic]N","{ŋeš}gag šum₂ šir-dili",0,"gag[nail]N_šum[garlic]N_širdili[~garlic]N"
"P273880",253,"b ii 46","ŋeš[tree]N u[ten]NU giŋ[unit]N","ŋeš u giŋ₄",0,"ŋeš[tree]N_u[ten]NU_giŋ[unit]N"
"P273880",314,"b iii 42","ušub[brick-mold]N šeg[brick]N","{ŋeš}u₃-šub šeg₁₂",0,"ušub[brick-mold]N_šeg[brick]N"
"P346714",170,"r v 06'","mar[shovel]N še[barley]N da[NA]NA","{ŋeš}mar še da",0,"mar[shovel]N_še[barley]N_da[NA]NA"
"P271301",72,"o ii 20","ildag[poplar]N tur[small]V/i","{ŋeš}ildag₂ tur",0,"ildag[poplar]N_tur[small]V/i"
"P273880",579,"unknown","unknown","unknown",2,"unknown"
"P273880",550,"c iii 35","ŋešnimbar[palm]N x[NA]NA x-x[NA]NA","{ŋeš}ŋešnimbar x x-x",0,"ŋešnimbar[palm]N_x[NA]NA_x-x[NA]NA"
"Q000039",136,"113","kišighar[tree]N","{ŋeš}kišig-har",0,"kišighar[tree]N"
"P228105",25,"r ii 5","sumungi[tool]N","{ŋeš}ša₃-mu-un-gin₇",0,"sumungi[tool]N"
"P347814",94,"b i 19'","{ŋeš}x[NA]NA apin[plow]N","{ŋeš}x apin",0,"{ŋeš}x[NA]NA_apin[plow]N"
"P447996",210,"r iii 11","x-na[NA]NA","x-na",0,"x-na[NA]NA"
"Q000001",148,"148","maš[goat]N eš[three]NU","maš₂ eš₅",0,"maš[goat]N_eš[three]NU"
"P388265",258,"r iii 45","x[NA]NA gigir[chariot]N","x gigir",0,"x[NA]NA_gigir[chariot]N"
"Q000001",93,"93","udu[sheep]N mu[name]N pad[find]V/t","udu mu pad₃",0,"udu[sheep]N_mu[name]N_pad[find]V/t"
"P273880",263,"b ii 56","epig[drinking-vessel]N x[NA]NA","{ŋeš}epig x",0,"epig[drinking-vessel]N_x[NA]NA"
"Q000001",417,"416","uzu[flesh]N te[cheek]N","uzu te",0,"uzu[flesh]N_te[cheek]N"
"Q000001",485,"482","uzu[flesh]N abtir[gore]N","uzu ab-tir",0,"uzu[flesh]N_abtir[gore]N"
"Q000039",317,"279","ma[ship]N ŋeš[sixty]NU gur[unit]N","{ŋeš}ma₂ ŋeš₂ gur",0,"ma[ship]N_ŋeš[sixty]NU_gur[unit]N"
"P247864",415,"o vii 34'","{ŋeš}gal-HI-LUM-E₂-LAM[NA]NA","{ŋeš}gal-HI-LUM-E₂-LAM",0,"{ŋeš}gal-HI-LUM-E₂-LAM[NA]NA"
"Q000039",458,"409","kura[~loom]N","{ŋeš}kur-ra",0,"kura[~loom]N"
"P447996",214,"r iii 15","x[NA]NA ma[ship]N","x ma₂",0,"x[NA]NA_ma[ship]N"
"P459784",2,"unknown","unknown","unknown",999,"unknown"
"P271301",275,"r i 3","guza[chair]N x[NA]NA","{ŋeš}gu-za x",0,"guza[chair]N_x[NA]NA"
"Q000039",687,"619","šukarak[instrument]N","{ŋeš}šu-kara₂",0,"šukarak[instrument]N"
"P437074",146,"c i 11'","ŋešnud[bed]N umbin[nail]N gud[ox]N","ŋeš-nud umbin gud",0,"ŋešnud[bed]N_umbin[nail]N_gud[ox]N"
"P271911",213,"o iii 54'","al[hoe]N zu[tooth]N","al zu₂",0,"al[hoe]N_zu[tooth]N"
"P247864",381,"unknown","unknown","unknown",999,"unknown"
"P247864",164,"o iii 38","mud[tube]N margida[cart]N","{ŋeš}mud(|HU.HI|) mar-gid₂-da",0,"mud[tube]N_margida[cart]N"
"P459225",3,"unknown","unknown","unknown",999,"unknown"
"P235262",74,"d i 17'","ma[ship]N 15[NA]NA gur[unit]N","{ŋeš}ma₂ 15 gur",0,"ma[ship]N_15[NA]NA_gur[unit]N"
"Q000039",204,"170","guza[chair]N kaskal[way]N","{ŋeš}gu-za kaskal",0,"guza[chair]N_kaskal[way]N"
"P250371",5,"o 3","gabaŋal[guard]N gigir[chariot]N","{ŋeš}gaba-ŋal₂ gigir",0,"gabaŋal[guard]N_gigir[chariot]N"
"Q000039",648,"582","mar[shovel]N ninda[bread]N","{ŋeš}mar ninda",0,"mar[shovel]N_ninda[bread]N"
"P437074",87,"b ii 11''","guza[chair]N gid[long]V/i","{ŋeš}gu-za gid₂",0,"guza[chair]N_gid[long]V/i"
"P332934",153,"o ii 69","ŋešnimbar[palm]N x[NA]NA","{ŋeš}ŋešnimbar x",0,"ŋešnimbar[palm]N_x[NA]NA"
"P253233",76,"r iii 15'","šagkal[tree]N","{ŋeš}šag₄-kal",0,"šagkal[tree]N"
"Q000039",706,"637","murgu[shoulder]N gud.si.AŠ[ram]N","{ŋeš}murgu gud-si-AŠ",0,"murgu[shoulder]N_gud.si.AŠ[ram]N"
"P253233",80,"r iii 19'","{ŋeš}x-x-um[NA]NA","{ŋeš}x-x-um",0,"{ŋeš}x-x-um[NA]NA"
"P247864",393,"o vii 12'","{ŋeš}x[NA]NA","{ŋeš}x",0,"{ŋeš}x[NA]NA"
"P447996",119,"r i 1","ŋešnimbar[palm]N izi[fire]N gu[eat]V/t","{ŋeš}ŋešnimbar izi gu₇",0,"ŋešnimbar[palm]N_izi[fire]N_gu[eat]V/t"
"P346714",168,"r v 04'","mar[shovel]N im[clay]N","{ŋeš}mar im",0,"mar[shovel]N_im[clay]N"
"P388265",311,"r iv 52","{ŋeš}u₃-x[NA]NA","{ŋeš}u₃-x",0,"{ŋeš}u₃-x[NA]NA"
"P247864",129,"o iii 3","kašu[~plow]N apin[plow]N","{ŋeš}ka-šu₂ apin",0,"kašu[~plow]N_apin[plow]N"
"Q000039",285,"249","x[NA]NA","x",0,"x[NA]NA"
"P250736",246,"r iii 7","utul[tureen]N sahar[vessel]N","{dug}utul₂ sahar₂",0,"utul[tureen]N_sahar[vessel]N"
"P271911",142,"o ii 60","x[NA]NA","x",0,"x[NA]NA"
"P250362",4,"4","ŋešnaruak[~stele]N","ŋeš-na-ru₂-a",0,"ŋešnaruak[~stele]N"
"P459216",151,"r iii 18'","u[ride]V/t zipah[unit]N ma[ship]N","{ŋeš}u₅ zi-pa-ah ma₂",0,"u[ride]V/t_zipah[unit]N_ma[ship]N"
"P271911",421,"r ii 29","x[NA]NA","x",0,"x[NA]NA"
"P247864",118,"o ii 55","ŋeštug[~plow]N apin[plow]N","{ŋeš}ŋeštug apin",0,"ŋeštug[~plow]N_apin[plow]N"
"P459216",181,"r iv 13'","margida[cart]N Subir[1]GN","{ŋeš}mar-gid₂-da su-bir₄{ki}",0,"margida[cart]N_Subir[1]GN"
"P346714",96,"r iii 18'","sahargid[roller]N","{ŋeš}sahar-gid₂",0,"sahargid[roller]N"
"P250736",207,"r ii 11","sab[jar]N inun[ghee]N","{dug}sab i₃-nun",0,"sab[jar]N_inun[ghee]N"
"Q000001",61,"61","udu[sheep]N urri[~sheep]N","udu ur₂-ri-a",0,"udu[sheep]N_urri[~sheep]N"
"P271301",451,"r iv 32","zara[pivot]N gagsila[harness]N","{ŋeš}za-ra gag-sal₄",0,"zara[pivot]N_gagsila[harness]N"
"P459216",63,"iii 2","šag[heart]N ŋešnimbar[palm]N","{ŋeš}šag₄ ŋešnimbar",0,"šag[heart]N_ŋešnimbar[palm]N"
"P247864",123,"o ii 60","gag[nail]N ninda[seed-funnel]N apin[plow]N","{ŋeš}gag |NINDA₂×NUMUN| apin",0,"gag[nail]N_ninda[seed-funnel]N_apin[plow]N"
"P388265",184,"r ii 11","DUB.du₃[~vehicle]N ŋar[place]V/t","{ŋeš}kišib₃-du₃ ŋar",0,"DUB.du₃[~vehicle]N_ŋar[place]V/t"
"P459216",119,"r ii 4'","dilim[spoon]N gal[big]V/i","{ŋeš}dilim₂ gal",0,"dilim[spoon]N_gal[big]V/i"
"P247864",175,"o iii 49","gigir[chariot]N","{ŋeš}gigir(|LAGAB×BAD|)",0,"gigir[chariot]N"
"Q000039",191,"158","šibir[staff]N šudu[equipped]AJ","{ŋeš}šibir šu-du₇",0,"šibir[staff]N_šudu[equipped]AJ"
"P247864",164,"o iii 38","mud[tube]N margida[cart]N","{ŋeš}mud(|HU.HI|) mar-gid₂-da",0,"mud[tube]N_margida[cart]N"
"P459218",59,"o iii 10","e[house]N ŋešrin[scales]N","{ŋeš}e₂ rin₂",0,"e[house]N_ŋešrin[scales]N"
"P250364",112,"r i 12'","{ŋeš}x[NA]NA","{ŋeš}x",0,"{ŋeš}x[NA]NA"
"Q000039",413,"368","umbin[wheel]N margida[cart]N","{ŋeš}umbin mar-gid₂-da",0,"umbin[wheel]N_margida[cart]N"
"P347814",64,"a ii 35'","gur[rim]N mansim[sieve]N","{ŋeš}gur₂ {gi}ma-an-sim",0,"gur[rim]N_mansim[sieve]N"
"P250736",29,"o ii 1","enbar[reed]N dug[good]V/i","{gi}en₃-bar dug₃",0,"enbar[reed]N_dug[good]V/i"
"P437074",71,"b ii 14'","{ŋeš}gi-x-ba[NA]NA","{ŋeš}gi-x-ba",0,"{ŋeš}gi-x-ba[NA]NA"
"P250736",116,"o iv 9","bisaŋ[basket]N zu[tooth]N kešed[bind]V/t","{gi}bisaŋ zu₂ keš₂",0,"bisaŋ[basket]N_zu[tooth]N_kešed[bind]V/t"
"P388265",150,"r i 28","al[hoe]N zu[tooth]N min[two]NU","{ŋeš}al zu₂ min",0,"al[hoe]N_zu[tooth]N_min[two]NU"
"P253874",5,"o 2","mud[tube]N gigir[chariot]N","{ŋeš}mud₂ gigir",0,"mud[tube]N_gigir[chariot]N"
"Q000001",492,"488","uzu[flesh]N sa[sinew]N tah[add]V/t","uzu sa tah",0,"uzu[flesh]N_sa[sinew]N_tah[add]V/t"
"P271301",207,"o iv 41","samazum[tree]N","{ŋeš}sa-ma-zum",0,"samazum[tree]N"
"P247864",305,"o v 53","anše[equid]N ma[ship]N","{ŋeš}anše ma₂",0,"anše[equid]N_ma[ship]N"
"P459227",16,"o ii 6'","gigir[chariot]N","{ŋeš}gigir",0,"gigir[chariot]N"
"P447996",209,"r iii 10","x-a[NA]NA","x-a",0,"x-a[NA]NA"
"P235262",109,"d ii 14'","DUB.du₃[~vehicle]N ŋar[place]V/t","{ŋeš}šid-du₁₀ ŋar",0,"DUB.du₃[~vehicle]N_ŋar[place]V/t"
"P273880",512,"c ii 57","ŋešnimbar[palm]N suhuš[offshoot]N","{ŋeš}ŋešnimbar suhušₓ(TUR)",0,"ŋešnimbar[palm]N_suhuš[offshoot]N"
"P271911",197,"o iii 41'","gag[nail]N sala[~plow]N apin[plow]N","gag sal-la apin",0,"gag[nail]N_sala[~plow]N_apin[plow]N"
"P370399",200,"o viii 1'","x-kin[NA]NA","x-kin",0,"x-kin[NA]NA"
"P271911",116,"o ii 38","gidim[device]N","gi-di₄",0,"gidim[device]N"
"P388265",339,"r v 24","ušub[brick-mold]N","{ŋeš}u₃-šub",0,"ušub[brick-mold]N"
"P437074",11,"a ii 4'","x[NA]NA","x",0,"x[NA]NA"
"P388265",311,"r iv 52","{ŋeš}u₃-x[NA]NA","{ŋeš}u₃-x",0,"{ŋeš}u₃-x[NA]NA"
"P346714",45,"r ii 13'","gag[nail]N muš[snake]N apin[plow]N","{ŋeš}gag muš apin",0,"gag[nail]N_muš[snake]N_apin[plow]N"
"Q000001",376,"375","uh[turtle]N","uh",0,"uh[turtle]N"
"P272532",5,"o 3","guza[chair]N mes[tree]N","{ŋeš}gu-za {ŋeš}mes",0,"guza[chair]N_mes[tree]N"
"Q000001",200,"200","gud[ox]N Lullubi[1]GN","gud lu-lu-bu-um",0,"gud[ox]N_Lullubi[1]GN"
"P250364",50,"unknown","unknown","unknown",999,"unknown"
"P271771",32,"o iii 9","zabalum[juniper]N","{ŋeš}za-ba-lum",0,"zabalum[juniper]N"
"P273880",536,"c iii 21","{ŋeš}saŋ-LAGAB[NA]NA ŋešnimbar[palm]N","{ŋeš}saŋ-LAGAB ŋešnimbar",0,"{ŋeš}saŋ-LAGAB[NA]NA_ŋešnimbar[palm]N"
"P332934",316,"r iii 19'","{ŋeš}ad-du₅-gi[NA]NA ma[ship]N","{ŋeš}ad-du₅-gi ma₂",0,"{ŋeš}ad-du₅-gi[NA]NA_ma[ship]N"
"P332934",186,"o iii 22","ŋešnimbar[palm]N uhin[date]N šagsud[~dates]N","{ŋeš}ŋešnimbar u₄-hi-in šag₄-sud",0,"ŋešnimbar[palm]N_uhin[date]N_šagsud[~dates]N"
"P347814",85,"b i 10'","sala[~plow]N apin[plow]N","{ŋeš}sal apin",0,"sala[~plow]N_apin[plow]N"
"P247864",169,"o iii 43","zara[pivot]N ŋušur[harrow]N","{ŋeš}za-ra gana₂-ur₃",0,"zara[pivot]N_ŋušur[harrow]N"
"P273880",666,"d ii 1'","{ŋeš}x[NA]NA","{ŋeš}x",0,"{ŋeš}x[NA]NA"
"Q000039",703,"634","gud.si.AŠ[ram]N","{ŋeš}gud-si-dili",0,"gud.si.AŠ[ram]N"
"P271911",15,"o i 9'","ig[door]N manu[wood]N","ig {ŋeš}ma-nu",0,"ig[door]N_manu[wood]N"
"P459216",164,"r iii 31'","te[~boat]N ma[ship]N","{ŋeš}te ma₂",0,"te[~boat]N_ma[ship]N"
"P271301",283,"r i 11","umbin[base]N guza[chair]N","{ŋeš}niŋ₂-umbin gu-za",0,"umbin[base]N_guza[chair]N"
"P370399",196,"o vii 8'","{ŋeš}TU[NA]NA magid[boatman]N","{ŋeš}TU ma₂-gid₂",0,"{ŋeš}TU[NA]NA_magid[boatman]N"
"P250736",190,"r i 44","{dug}x-x[NA]NA","{dug}x-x",0,"{dug}x-x[NA]NA"
"P251686",4,"o 1","guza[chair]N","{ŋeš}gu-za",0,"guza[chair]N"
"P332930",19,"b.e. 3","ma[ship]N kud[cut]V/t","{ŋeš}ma₂ kud",0,"ma[ship]N_kud[cut]V/t"
"P271301",364,"r ii 48","ma[ship]N x[NA]NA","{ŋeš}ma₂ x",0,"ma[ship]N_x[NA]NA"
"P247864",389,"o vii 8'","šuʾa[stool]N","{ŋeš}šu₂-a",0,"šuʾa[stool]N"
"P370399",169,"o v 23'","naŋa[mortar]N ŋeši[sesame]N","{ŋeš}naŋa₃ {še}ŋeš-i₃",0,"naŋa[mortar]N_ŋeši[sesame]N"
"P247864",178,"o iii 52","gabaŋal[guard]N gigir[chariot]N","{ŋeš}gaba-gal gigir",0,"gabaŋal[guard]N_gigir[chariot]N"
"P297194",5,"o 4","še[cone]N usuh[tree]N","{ŋeš}še u₃-suh₅",0,"še[cone]N_usuh[tree]N"
"P347814",234,"c ii 40'","zamiritum[instrument]N","{ŋeš}za-am₃-ri₂-tum",0,"zamiritum[instrument]N"
"P459217",12,"i 11'","hašhur[apple]N armanu[tree]N","{ŋeš}hašhur ar-ma-nu",0,"hašhur[apple]N_armanu[tree]N"
"P346714",21,"r i 25'","gag[nail]N zara[pivot]N margida[cart]N","{ŋeš}gag za-ra mar-gid₂-da",0,"gag[nail]N_zara[pivot]N_margida[cart]N"
"P388265",362,"r v 52","{ŋeš}X[NA]NA","{ŋeš}X",0,"{ŋeš}X[NA]NA"
"P437074",44,"b i 5''","zutianum[a-tree]N","{ŋeš}zu₃-di-in-nu-um",0,"zutianum[a-tree]N"
"Q000001",141,"141","maš[goat]N gub[~sheep]V/t","maš₂ gub",0,"maš[goat]N_gub[~sheep]V/t"
"P332934",109,"o ii 26","nurma[pomegranate]N","{ŋeš}nu-ur₂-ma",0,"nurma[pomegranate]N"
"P273880",157,"unknown","unknown","unknown",999,"unknown"
"P459216",142,"r iii 9'","murgu[shoulder]N ma[ship]N","{ŋeš}murgu₂ ma₂",0,"murgu[shoulder]N_ma[ship]N"
"P271771",20,"o ii 18","ildag[poplar]N","{ŋeš}ildag₂",0,"ildag[poplar]N"
"P332934",243,"o iv 14'","{ŋeš}maš-an-ta[NA]NA","{ŋeš}maš-an-ta",0,"{ŋeš}maš-an-ta[NA]NA"
"P250736",156,"r i 10","ig[door]N guruš[cut]V/t","{gi}ig guru₅",0,"ig[door]N_guruš[cut]V/t"
"P273880",10,"a i 6'","halub[tree]N","{ŋeš}ha-lu-ub₂",0,"halub[tree]N"
"P459216",15,"i 13","ŋeštinguruma[~vine]N","{ŋeš}ŋeštin-gurum-ma",0,"ŋeštinguruma[~vine]N"
"Q000039",504,"452","šusaŋ[compressor]N apin[plow]N","{ŋeš}šu-saŋ apin",0,"šusaŋ[compressor]N_apin[plow]N"
"P273880",442,"c i 47","zena[weapon]N mah[great]V/i","{ŋeš}ze₂-na mah",0,"zena[weapon]N_mah[great]V/i"
"P273880",191,"b i 41'","ŋešnud[bed]N šusar[string]N du[build]V/t","ŋeš-nud šu-sar du₃",0,"ŋešnud[bed]N_šusar[string]N_du[build]V/t"
"P272243",47,"r ii 16","x[NA]NA","x",0,"x[NA]NA"
"P247864",340,"o vi 24","ŋeš-hur-ra[NA]NA nagar[carpenter]N","ŋeš-hur-ra nagar",0,"ŋeš-hur-ra[NA]NA_nagar[carpenter]N"
"P273880",556,"c iii 41","ŋešnimbar[palm]N x-ni[NA]NA x[NA]NA","{ŋeš}ŋešnimbar x-ni x",0,"ŋešnimbar[palm]N_x-ni[NA]NA_x[NA]NA"
"P250736",198,"r ii 2","{dug}x-x[NA]NA","{dug}x-x",0,"{dug}x-x[NA]NA"
"Q000001",450,"449","uzu[flesh]N ur[root]N kun[tail]N","uzu ur₂ kun",0,"uzu[flesh]N_ur[root]N_kun[tail]N"
"P235262",19,"a i 15'","šedug[tree]N","{ŋeš}še-dug₃",0,"šedug[tree]N"
"P271320",63,"r ii' 11'","endur[navel?]N margida[cart]N","{ŋeš}en₃-dur mar-gid₂-da",0,"endur[navel?]N_margida[cart]N"
"P273880",110,"a iii 49'","ig[door]N ul[fruit]N du[build]V/t","{ŋeš}ig ul du₃",0,"ig[door]N_ul[fruit]N_du[build]V/t"
"P253238",28,"r 5","ŋešaʾabak[tree]N","ŋeš-a-ab-ba",0,"ŋešaʾabak[tree]N"
"P247864",255,"o v 3","sumungi[tool]N","{ŋeš}sumun-gi",0,"sumungi[tool]N"
"P253863",8,"unknown","unknown","unknown",1,"unknown"
"Q000039",507,"454","niŋŋeštug[~plow]N apin[plow]N","{ŋeš}niŋ₂-ŋeštug apin",0,"niŋŋeštug[~plow]N_apin[plow]N"
"P273880",293,"b iii 17","ŋešgana[pestle]N","ŋeš-gan-na",0,"ŋešgana[pestle]N"
"P271301",92,"o ii 40","tir[forest]N","{ŋeš}tir-tir",0,"tir[forest]N"
"P271301",455,"r iv 36","DUB.du₃[~vehicle]N šag[heart]N","{ŋeš}kišib₃-du₃ šag₄",0,"DUB.du₃[~vehicle]N_šag[heart]N"
"P273880",606,"c iv 40","uh[weathervane]N x[NA]NA","{ŋeš}uh₂ x",0,"uh[weathervane]N_x[NA]NA"
"P250364",144,"r iii 10'","x[NA]NA","x",0,"x[NA]NA"
"P273880",164,"b i 7'","guza[chair]N x-x-x[NA]NA","{ŋeš}gu-za x-x-x",0,"guza[chair]N_x-x-x[NA]NA"
"P273880",187,"b i 37'","ŋešnud[bed]N {ŋeš}x[NA]NA","ŋeš-nud {ŋeš}x",0,"ŋešnud[bed]N_{ŋeš}x[NA]NA"
"Q000001",381,"380","šah[pig]N niga[fattened]V/i","šah₂ niga",0,"šah[pig]N_niga[fattened]V/i"
"P247864",39,"o i 36","{ŋeš}ŠID-da[NA]NA","{ŋeš}ŠID-da",0,"{ŋeš}ŠID-da[NA]NA"
"P271771",60,"o iv 16","mud[tube]N su[fibers]N ŋešnimbar[palm]N","{ŋeš}mud su₁₁ ŋešnimbar",0,"mud[tube]N_su[fibers]N_ŋešnimbar[palm]N"
"P271911",464,"r iii 2","gam[crook]N ŋiri[dagger]N ad.KID[weaver]N","{ŋeš}kin ŋiri₂ ad-KID",0,"gam[crook]N_ŋiri[dagger]N_ad.KID[weaver]N"
"P271320",57,"r ii' 6'","gag[nail]N sudin[bat]N margida[cart]N","{ŋeš}gag su-din mar-gid₂-da",0,"gag[nail]N_sudin[bat]N_margida[cart]N"
"Q000039",204,"170","guza[chair]N kaskal[way]N","{ŋeš}gu-za kaskal",0,"guza[chair]N_kaskal[way]N"
"P347814",130,"b ii 14'","{ŋeš}x[NA]NA","{ŋeš}x",0,"{ŋeš}x[NA]NA"
"P459218",8,"o i 12'","ig[door]N maštab[twin]N","{ŋeš}ig maš-tab",0,"ig[door]N_maštab[twin]N"
"P271911",276,"unknown","unknown","unknown",1,"unknown"
"P247864",435,"o vii 54'","guza[chair]N mušlah[charmer]N","{ŋeš}gu-za muš-lahₓ(DU)",0,"guza[chair]N_mušlah[charmer]N"
"P332930",31,"r 10","ma[ship]N ušu[thirty]NU gur[unit]N","{ŋeš}ma₂ ušu₃ gur",0,"ma[ship]N_ušu[thirty]NU_gur[unit]N"
"Q000001",214,"214","ab[cow]N ŋeš[penis]N zu[know]V/t","ab₂ ŋeš₃ zu",0,"ab[cow]N_ŋeš[penis]N_zu[know]V/t"
"P312012",3,"3","ŋešgana[pestle]N","ŋeš-gan-na",0,"ŋešgana[pestle]N"
"P459218",10,"o i 14'","ig[door]N zena[midrib]N","{ŋeš}ig ze₂-na",0,"ig[door]N_zena[midrib]N"
"P271301",151,"o iii 39","ŋešnimbar[palm]N sissig[green]V/i","{ŋeš}ŋešnimbar sig₇-sig₇",0,"ŋešnimbar[palm]N_sissig[green]V/i"
"P235262",13,"a i 9'","hašhur[apple]N armanu[tree]N","{ŋeš}hašhur ar-wa-nu-um",0,"hašhur[apple]N_armanu[tree]N"
"P271771",64,"o iv 20","{ŋeš}lagab[NA]NA ŋešnimbar[palm]N","{ŋeš}lagab ŋešnimbar",0,"{ŋeš}lagab[NA]NA_ŋešnimbar[palm]N"
"P271301",148,"o iii 36","ŋešnimbar[palm]N ŋal[be]V/i","{ŋeš}ŋešnimbar ŋal₂",0,"ŋešnimbar[palm]N_ŋal[be]V/i"
"P271301",14,"o i 11","halub[tree]N","{ŋeš}ha-lu-ub₂",0,"halub[tree]N"
"Q000039",725,"653","halba[bucket]N","{ŋeš}halba₅",0,"halba[bucket]N"
"P253866",22,"o i 17'","{ŋeš}x[NA]NA saŋ[head]N il[raise]V/t","{ŋeš}x saŋ il₂",0,"{ŋeš}x[NA]NA_saŋ[head]N_il[raise]V/t"
"P347814",105,"unknown","unknown","unknown",1,"unknown"
"P250736",55,"o ii 29","ana[upper-part]N X-me-eš[NA]NA","an-na X-me-eš",0,"ana[upper-part]N_X-me-eš[NA]NA"
"P346714",143,"r iv 23'","{ŋeš}x[NA]NA harmušen[snare]N","{ŋeš}x har-mušen-na",0,"{ŋeš}x[NA]NA_harmušen[snare]N"
"P250364",128,"r ii 13'","{ŋeš}niŋ₂-dim₂-dim₂-ma[NA]NA","{ŋeš}niŋ₂-dim₂-dim₂-ma",0,"{ŋeš}niŋ₂-dim₂-dim₂-ma[NA]NA"
"P271911",121,"o ii 42","gur[rim]N ala[drum]N","gur₂ a₂-la₂",0,"gur[rim]N_ala[drum]N"
"P346714",119,"r iii 41'","kuŋ[stair]N","{ŋeš}kuŋ₄",0,"kuŋ[stair]N"
"P271771",59,"o iv 15","mud[tube]N gaz[kill]V/t ŋešnimbar[palm]N","{ŋeš}mud gaz ŋešnimbar",0,"mud[tube]N_gaz[kill]V/t_ŋešnimbar[palm]N"
"P347814",60,"a ii 31'","{ŋeš}sahar-BU[NA]NA","{ŋeš}sahar-BU",0,"{ŋeš}sahar-BU[NA]NA"
"P271911",336,"r i 24'","lubi[ax]N","{+la-ab}lub",0,"lubi[ax]N"
"P347814",69,"a ii 40'","{ŋeš}x[NA]NA","{ŋeš}x",0,"{ŋeš}x[NA]NA"
"P250364",51,"o iii 1'","{ŋeš}x[NA]NA","{ŋeš}x",0,"{ŋeš}x[NA]NA"
"P447996",6,"o iii 2'","x-tu[NA]NA","x-tu",0,"x-tu[NA]NA"
"Q000039",556,"500","mitum[weapon]N","{ŋeš}mitum",0,"mitum[weapon]N"
"P332934",158,"o ii 74","ŋešnimbar[palm]N al-x[NA]NA","{ŋeš}ŋešnimbar al-x",0,"ŋešnimbar[palm]N_al-x[NA]NA"
"P429504",12,"o ii' 6","ŋešnimbar[palm]N uhin[date]N babbar[white]V/i","{ŋeš}ŋešnimbar u₄-hi-in babbar",0,"ŋešnimbar[palm]N_uhin[date]N_babbar[white]V/i"
"P447996",54,"o iv 23","ŋeštin[vine]N","{ŋeš}ŋeštin",0,"ŋeštin[vine]N"
"P235262",35,"c ii 8'","maltum[bowl]N","{ŋeš}ma-al-tum",0,"maltum[bowl]N"
"P247864",306,"o v 54","ma[ship]N NI-a[NA]NA","{ŋeš}ma₂ NI-a",0,"ma[ship]N_NI-a[NA]NA"
"Q000001",510,"506","uzu[flesh]N endur[navel?]N","uzu en₃-dur",0,"uzu[flesh]N_endur[navel?]N"
"P388265",172,"r i 50","zara[pivot]N margida[cart]N","{ŋeš}za-ra mar-gid₂-da",0,"zara[pivot]N_margida[cart]N"
"P271911",416,"unknown","unknown","unknown",1,"unknown"
"P447996",227,"r iii 28","{ŋeš}A[NA]NA malah[sailor]N","{ŋeš}A ma₂-lah₄",0,"{ŋeš}A[NA]NA_malah[sailor]N"
"P247864",368,"o vi 52","katapum[object]N","{ŋeš}ka-ta-pu-um",0,"katapum[object]N"
"P447996",139,"r i 21","pa[branch]N ŋešnimbar[palm]N","{ŋeš}pa ŋešnimbar",0,"pa[branch]N_ŋešnimbar[palm]N"
"P271911",595,"unknown","unknown","unknown",1,"unknown"
"P388265",64,"iii 14","ŋiri[foot]N","{ŋeš}ŋiri₃",0,"ŋiri[foot]N"
"P347814",144,"b ii 28'","maršu[spade]N","{ŋeš}mar-šu",0,"maršu[spade]N"
"Q000001",252,"252","sisi[horse]N","sisi",0,"sisi[horse]N"
"P250364",86,"o v 7","sašušgal[net]N","{ŋeš}sa-šu₂-uš-gal",0,"sašušgal[net]N"
"Q000001",116,"116","u[ewe]N sila[lamb]N utud[bear]V/t","u₈ sila₄ tud",0,"u[ewe]N_sila[lamb]N_utud[bear]V/t"
"P273880",208,"b i 58'","balak[spindle]N","{ŋeš}balak",0,"balak[spindle]N"
"Q000039",261,"225","bad[leg]N ŋešnud[bed]N","{ŋeš}bad nud",0,"bad[leg]N_ŋešnud[bed]N"
"P273880",179,"b i 29'","x[NA]NA ŋešnud[bed]N","x nud",0,"x[NA]NA_ŋešnud[bed]N"
"Q000001",489,"486","uzu[flesh]N sa[sinew]N gal[big]V/i","uzu sa gal",0,"uzu[flesh]N_sa[sinew]N_gal[big]V/i"
"Q000039",546,"490","gag[nail]N šum[garlic]N širdili[~garlic]N","{ŋeš}gag šum₂ šir-dili",0,"gag[nail]N_šum[garlic]N_širdili[~garlic]N"
"P332934",264,"o iv 35'","{ŋeš}x-x[NA]NA","{ŋeš}x-x",0,"{ŋeš}x-x[NA]NA"
"P271320",5,"unknown","unknown","unknown",1,"unknown"
"P235262",69,"d i 12'","ma[ship]N 6(u)[NA]NA gur[unit]N","{ŋeš}ma₂ 6(u) gur",0,"ma[ship]N_6(u)[NA]NA_gur[unit]N"
"P447996",135,"r i 17","pešbandazi[offshoot]N ŋešnimbar[palm]N","{ŋeš}peš-banda₃-zi ŋešnimbar",0,"pešbandazi[offshoot]N_ŋešnimbar[palm]N"
"P250736",139,"o iv 32","zu[tooth]N","{gi}zu₂",0,"zu[tooth]N"
"P437074",45,"b i 6''","{ŋeš}si-ZAR-tum[NA]NA","{ŋeš}si-ZAR-tum",0,"{ŋeš}si-ZAR-tum[NA]NA"
"P271911",252,"unknown","unknown","unknown",1,"unknown"
"P273880",457,"c ii 1","ŋisal[rudder]N","{ŋeš}ŋisal",0,"ŋisal[rudder]N"
"P271301",143,"o iii 31","ŋešnimbar[palm]N uš[die]V/i","{ŋeš}ŋešnimbar uš₂",0,"ŋešnimbar[palm]N_uš[die]V/i"
"P273880",323,"b iii 51","illar[weapon]N pa[branch]N mušen[bird]N","{ŋeš}illar pa mušen",0,"illar[weapon]N_pa[branch]N_mušen[bird]N"
"Q000039",474,"424","saŋ[head]N balak[spindle]N","{ŋeš}saŋ balak",0,"saŋ[head]N_balak[spindle]N"
"Q000039",137,"114","kišighar[tree]N kur[mountain]N","{ŋeš}kišig-har kur",0,"kišighar[tree]N_kur[mountain]N"
"P447996",35,"o iv 4","šinig[tamarisk]N","{ŋeš}šinig",0,"šinig[tamarisk]N"
"P437074",127,"b iii 13''","{ŋeš}x-x[NA]NA","{ŋeš}x-x",0,"{ŋeš}x-x[NA]NA"
"P332930",13,"o 11","ma[ship]N Uri[Akkad]GN Ištar[1]DN","{ŋeš}ma₂ uri-a{ki} {d}iš₈-tar₂",0,"ma[ship]N_Uri[Akkad]GN_Ištar[1]DN"
"P273880",254,"b ii 47","ŋeš[tree]N ya[five]NU giŋ[unit]N","ŋeš ia₂ giŋ₄",0,"ŋeš[tree]N_ya[five]NU_giŋ[unit]N"
"P388265",5,"i 7","mes[tree]N Magan[1]GN","{ŋeš}mes ma₂-gan-na",0,"mes[tree]N_Magan[1]GN"
"P273880",270,"b ii 63","banšur[table]N niŋgu[food]N","{ŋeš}banšurₓ(|URU×IGI.URUDA|) niŋ₂-gu₇",0,"banšur[table]N_niŋgu[food]N"
"P332939",36,"unknown","unknown","unknown",999,"unknown"
"P235262",88,"d i 31'","{ŋeš}KI-A[NA]NA gigir[chariot]N","{ŋeš}KI-A gigir",0,"{ŋeš}KI-A[NA]NA_gigir[chariot]N"
"Q000039",732,"unknown","unknown","unknown",3,"unknown"
"P388265",220,"r ii 48","guza[chair]N gid[long]V/i","{ŋeš}gu-za gid₂",0,"guza[chair]N_gid[long]V/i"
"P332934",232,"o iv 3'","{ŋeš}SIG₂-LAM-x[NA]NA","{ŋeš}SIG₂-LAM-x",0,"{ŋeš}SIG₂-LAM-x[NA]NA"
"P273880",131,"a iv 28'","guza[chair]N nita[male]N","{ŋeš}gu-za nita₂",0,"guza[chair]N_nita[male]N"
"P388265",176,"r ii 3","kag[mouth]N MI[NA]NA margida[cart]N","{ŋeš}ka MI mar-gid₂-da",0,"kag[mouth]N_MI[NA]NA_margida[cart]N"
"P273880",227,"b ii 16","dilim[spoon]N lamgal[nut]N","{ŋeš}dilim₂ lam-gal",0,"dilim[spoon]N_lamgal[nut]N"
"P247864",88,"o ii 25","{ŋeš}še-luh-x[NA]NA","{ŋeš}še-luh-x",0,"{ŋeš}še-luh-x[NA]NA"
"P332934",207,"o iii 43","mud[stump]N ŋešnimbar[palm]N","{ŋeš}mud ŋešnimbar",0,"mud[stump]N_ŋešnimbar[palm]N"
"P271911",411,"r ii 22","dim[post]N Marhaši[1]GN","dim₃ mar-ha-a-ši",0,"dim[post]N_Marhaši[1]GN"
"P271301",223,"o iv 57","si[horn]N saŋ-KEŠ₂[NA]NA","{ŋeš}si saŋ-KEŠ₂",0,"si[horn]N_saŋ-KEŠ₂[NA]NA"
"P459216",38,"ii 6","manu[wood]N šu[hand]N ak[do]V/t","{ŋeš}ma-nu šu ak",0,"manu[wood]N_šu[hand]N_ak[do]V/t"
"P459218",80,"o iii 31","sala[~plow]N apin[plow]N","{ŋeš}sal-la apin",0,"sala[~plow]N_apin[plow]N"
"Q000039",515,"460b","gag[nail]N muš[snake]N apin[plow]N","{ŋeš}gag muš apin",0,"gag[nail]N_muš[snake]N_apin[plow]N"
"P271911",174,"o iii 21'","gag[nail]N ninda[seed-funnel]N apin[plow]N","gag ninda₂ apin",0,"gag[nail]N_ninda[seed-funnel]N_apin[plow]N"
"P247864",430,"o vii 49'","guza[chair]N saŋ[head]N munus[woman]N","{ŋeš}gu-za saŋ munus",0,"guza[chair]N_saŋ[head]N_munus[woman]N"
"P492330",40,"r i 10'","{ŋeš}x[NA]NA","{ŋeš}x",0,"{ŋeš}x[NA]NA"
"P253899",4,"o 3","allanum[oak]N","{ŋeš}al-la-nu-um",0,"allanum[oak]N"
"P250736",29,"o ii 1","enbar[reed]N dug[good]V/i","{gi}en₃-bar dug₃",0,"enbar[reed]N_dug[good]V/i"
"P271771",26,"o iii 3","mes.TU[tree]N","{ŋeš}mes-TU",0,"mes.TU[tree]N"
"P271301",216,"o iv 50","buzunuma[plant]N","{ŋeš}bu-zu₂-nu-ma",0,"buzunuma[plant]N"
"P250364",20,"o i 17","gag[nail]N zara[pivot]N gigir[chariot]N","{ŋeš}gag za-ra gigir",0,"gag[nail]N_zara[pivot]N_gigir[chariot]N"
"X100003",27,"r 11","peš[fig]N Mari[1]SN","{ŋeš}peš₃ ma₂-ri₂{ki}",0,"peš[fig]N_Mari[1]SN"
"P273880",660,"d i 44'","Enbul[1]DN","{ŋeš}en-bu-ul",0,"Enbul[1]DN"
"P253228",64,"r ii 3'","{ŋeš}x[NA]NA","{ŋeš}x",0,"{ŋeš}x[NA]NA"
"P273880",284,"b iii 8","kaŋeškarak[table]N munus[woman]N","{ŋeš}ka-kara₄ munus",0,"kaŋeškarak[table]N_munus[woman]N"
"Q000001",197,"197","gud[ox]N an[sky]N","gud an",0,"gud[ox]N_an[sky]N"
"P459218",71,"o iii 22","ama[mother]N apin[plow]N","{ŋeš}ama apin",0,"ama[mother]N_apin[plow]N"
"P429504",26,"o iii' 7","samana[tree]N","{ŋeš}sa-mu-nu",0,"samana[tree]N"
"Q000039",429,"382","ig[door]N uma[triumph]N","{ŋeš}ig u₃-ma",0,"ig[door]N_uma[triumph]N"
"P346714",150,"r iv 33'","illar[weapon]N šub[fall]V/t","{ŋeš}illar šub",0,"illar[weapon]N_šub[fall]V/t"
"P271301",24,"o i 21","ŋeštin[vine]N","{ŋeš}ŋeštin",0,"ŋeštin[vine]N"
"P250736",29,"o ii 1","enbar[reed]N dug[good]V/i","{gi}en₃-bar dug₃",0,"enbar[reed]N_dug[good]V/i"
"P388265",380,"r vi 21","šerah[shovel]N","{ŋeš}še-ra-ah",0,"šerah[shovel]N"
"P347814",47,"a ii 18'","{ŋeš}x[NA]NA","{ŋeš}x",0,"{ŋeš}x[NA]NA"
"P235262",99,"d ii 4'","maš[~wheel]N umbin[wheel]N gigir[chariot]N","{ŋeš}maš₂ umbin gigir",0,"maš[~wheel]N_umbin[wheel]N_gigir[chariot]N"
"P332934",364,"r iv 21","gag[nail]N zara[pivot]N gigir[chariot]N","{ŋeš}gag za-ra gigir",0,"gag[nail]N_zara[pivot]N_gigir[chariot]N"
"Q000039",686,"618","dua[instrument]N","{ŋeš}du₃-a",0,"dua[instrument]N"
"Q000039",24,"22","mes[tree]N šaršabid[tree]N","{ŋeš}mes šarₓ(NE)-ša₄-bid₃",0,"mes[tree]N_šaršabid[tree]N"
"P271911",97,"unknown","unknown","unknown",1,"unknown"
"P388265",392,"r vi 33","kaŋeškarak[table]N","{ŋeš}ka-kara₄",0,"kaŋeškarak[table]N"
"P271301",134,"o iii 22","ŋešnimbar[palm]N suhuš[offshoot]N","{ŋeš}ŋešnimbar suhušₓ(TUR)",0,"ŋešnimbar[palm]N_suhuš[offshoot]N"
"P459217",101,"iv 23","pešbandazi[offshoot]N ŋešnimbar[palm]N","{ŋeš}peš-banda₃-zi ŋešnimbar",0,"pešbandazi[offshoot]N_ŋešnimbar[palm]N"
"P271301",100,"o ii 48","KID.da[twig]N","{ŋeš}šed-da",0,"KID.da[twig]N"
"P388265",126,"r i 4","apin[plow]N šu[hand]N","{ŋeš}apin šu",0,"apin[plow]N_šu[hand]N"
"Q000001",211,"211","ab[cow]N utud[bear]V/t","ab₂ u₃-tud",0,"ab[cow]N_utud[bear]V/t"
"Q000039",369,"327","e[house]N gigir[chariot]N","{ŋeš}e₂ gigir",0,"e[house]N_gigir[chariot]N"
"P250736",132,"o iv 25","endur[navel?]N kud[cut]V/t","{gi}en₃-dur kud",0,"endur[navel?]N_kud[cut]V/t"
"Q000001",260,"260","eme[donkey]N ŋeš[penis]N zu[know]V/t","eme₅ ŋeš₃ zu",0,"eme[donkey]N_ŋeš[penis]N_zu[know]V/t"
"P272243",41,"unknown","unknown","unknown",1,"unknown"
"P273244",9,"r 2","ig[door]N papah[cella]N","{ŋeš}ig pa-pa-ah",0,"ig[door]N_papah[cella]N"
"P271911",345,"r i 31'","niŋgul[hatchet]N šu[hand]N","niŋ₂-gul šu",0,"niŋgul[hatchet]N_šu[hand]N"
"P437074",96,"unknown","unknown","unknown",999,"unknown"
"P247864",204,"o iv 15","{ŋeš}zi-x[NA]NA","{ŋeš}zi-x",0,"{ŋeš}zi-x[NA]NA"
"P271301",96,"o ii 44","tir[forest]N šen[pure]V/i","{ŋeš}tir šen-šen",0,"tir[forest]N_šen[pure]V/i"
"Q000039",484,"433","sahargid[roller]N","{ŋeš}sahar-gid₂",0,"sahargid[roller]N"
"Q000001",496,"492","uzu[flesh]N uš[membrane]N","uzu |E₂×SAL|",0,"uzu[flesh]N_uš[membrane]N"
"Q000039",724,"652","ŋišgal[station]N","{ŋeš}ŋišgal",0,"ŋišgal[station]N"
"P459784",2,"unknown","unknown","unknown",999,"unknown"
"P253230",15,"o i 10","apin[plow]N zir[break]V/t","{ŋeš}apin zi",0,"apin[plow]N_zir[break]V/t"
"P271549",9,"5'","magid[boatman]N","ma₂-gid₂",0,"magid[boatman]N"
"P253228",95,"r iii 12'","{ŋeš}x-x-x[NA]NA","{ŋeš}x-x-x",0,"{ŋeš}x-x-x[NA]NA"
"P229426",32,"r ii 6","ma[ship]N tur[small]V/i","{ŋeš}ma₂ tur",0,"ma[ship]N_tur[small]V/i"
"P271911",299,"o iv 59","gur[rim]N harmušen[snare]N","gur₂ har-mušen-na",0,"gur[rim]N_harmušen[snare]N"
"P370399",22,"o i 19'","x[NA]NA ŋešnimbar[palm]N","x ŋešnimbar",0,"x[NA]NA_ŋešnimbar[palm]N"
"P388265",259,"r iii 46","x[NA]NA gigir[chariot]N","x gigir",0,"x[NA]NA_gigir[chariot]N"
"P250736",188,"r i 42","amamsab[jar]N","{gi}am-ma-am-sab",0,"amamsab[jar]N"
"P459217",130,"r i 17'","guruʾuš[tree-trunk]N","{ŋeš}guruš-uš",0,"guruʾuš[tree-trunk]N"
"P429503",47,"o ii 16","ŋeškur[tree]N","ŋeš-ku-ra",0,"ŋeškur[tree]N"
"Q000039",171,"145","{ŋeš}u₅[NA]NA","{ŋeš}u₅",0,"{ŋeš}u₅[NA]NA"
"P273880",218,"b ii 7","emerah[jug]N","{ŋeš}emerahₓ(|U.U.HUB₂|)",0,"emerah[jug]N"
"P271301",369,"r iii 2","ma[ship]N nurum[light]N","{ŋeš}ma₂ nu-ri",0,"ma[ship]N_nurum[light]N"
"Q000039",681,"613","tigidlu[instrument]N","{ŋeš}tigidla",0,"tigidlu[instrument]N"
"P271771",90,"o v 20","{ŋeš}x-x[NA]NA","{ŋeš}x-x",0,"{ŋeš}x-x[NA]NA"
"P235262",67,"d i 10'","{ŋeš}ŋir₂[NA]NA madu[~boat]N","{ŋeš}ŋir₂ ma₂-du₃",0,"{ŋeš}ŋir₂[NA]NA_madu[~boat]N"
"P459216",66,"iii 5","pa[branch]N ŋešnimbar[palm]N","{ŋeš}pa ŋešnimbar",0,"pa[branch]N_ŋešnimbar[palm]N"
"P459218",50,"unknown","unknown","unknown",1,"unknown"
"P253245",18,"o 14","{ŋeš}igi-X[NA]NA","{ŋeš}igi-X",0,"{ŋeš}igi-X[NA]NA"
"Q000001",370,"370","pešsilagaz[rodent]N","peš₂-{dug}sila₃-gaz-gaz",0,"pešsilagaz[rodent]N"
"P253233",40,"r i 8'","šedug[tree]N","{ŋeš}še-dug₃",0,"šedug[tree]N"
"P459217",64,"iii 14","{ŋeš}mi-ri₂-x-eš-x[NA]NA","{ŋeš}mi-ri₂-x-eš-x",0,"{ŋeš}mi-ri₂-x-eš-x[NA]NA"
"P429503",129,"r ii' 5'","ma[ship]N hedu[ornament]N","{ŋeš}ma₂ {d}he₂-du₇",0,"ma[ship]N_hedu[ornament]N"
"P447996",193,"r ii 30","{ŋeš}ma₂-us₂[NA]NA","{ŋeš}ma₂-us₂",0,"{ŋeš}ma₂-us₂[NA]NA"
"P271911",494,"r iii 30","namnutare[~irrigation]N","nam-lu₂-da-ri-a",0,"namnutare[~irrigation]N"
"P253238",31,"r 8","manu[wood]N","{ŋeš}ma-nu",0,"manu[wood]N"
"P437074",80,"b ii 4''","ba[tool]N šab[cut]V/t","{ŋeš}ba šab",0,"ba[tool]N_šab[cut]V/t"
"P273880",419,"c i 22","dur[board]N ab[window]N","{ŋeš}dur₂ ab",0,"dur[board]N_ab[window]N"
"P370399",139,"o iv 36'","ig[door]N šinig[tamarisk]N","{ŋeš}ig šinig",0,"ig[door]N_šinig[tamarisk]N"
"P370399",65,"o iii 4'","guza[chair]N anše[equid]N","{ŋeš}gu-za anše",0,"guza[chair]N_anše[equid]N"
"P271911",172,"o iii 19'","har[ring]N apin[plow]N","har apin",0,"har[ring]N_apin[plow]N"
"P332934",306,"r iii 9'","ma[ship]N {d}gu₂-du₈[NA]NA niŋ₂-da[NA]NA","{ŋeš}ma₂ {d}gu₂-du₈ niŋ₂-da",0,"ma[ship]N_{d}gu₂-du₈[NA]NA_niŋ₂-da[NA]NA"
"P347814",221,"c ii 27'","mar[shovel]N ninda[bread]N sag[rare]V/i","{ŋeš}mar ninda sag₁₀",0,"mar[shovel]N_ninda[bread]N_sag[rare]V/i"
"P447996",43,"o iv 12","KID.da[twig]N","{ŋeš}KID-da",0,"KID.da[twig]N"
"P429503",12,"o i 9","ŋešgana[tree]N su[red]V/i","ŋeš-kin₂ sa₅",0,"ŋešgana[tree]N_su[red]V/i"
"P332934",192,"o iii 28","ŋešnimbar[palm]N uhin[date]N sissig[green]V/i kum[hot]V/i","{ŋeš}ŋešnimbar u₄-hi-in sig₇-sig₇ kum₂",0,"ŋešnimbar[palm]N_uhin[date]N_sissig[green]V/i_kum[hot]V/i"
"P459217",110,"iv 32","{ŋeš}x-x-x-x[NA]NA","{ŋeš}x-x-x-x",0,"{ŋeš}x-x-x-x[NA]NA"
"P271301",304,"r i 32","ŋešnud[bed]N umbin[nail]N","ŋeš-nud umbin",0,"ŋešnud[bed]N_umbin[nail]N"
"P250736",47,"o ii 19","gi[reed]N sa[half]N gun[load]N","gi sa₉ gun₂",0,"gi[reed]N_sa[half]N_gun[load]N"
"P346714",169,"r v 05'","mar[shovel]N še[barley]N","{ŋeš}mar še",0,"mar[shovel]N_še[barley]N"
"P250736",298,"r iv 16","im[clay]N x-x-x[NA]NA","im x-x-x",0,"im[clay]N_x-x-x[NA]NA"
"P253233",11,"o i 6","banmin[vessel]N","{ŋeš}{+ba-an}banmin",0,"banmin[vessel]N"
"P271911",41,"o i 28'","saŋkul[bolt]N šulal[defiled]AJ","saŋ-kul šu-lal₂",0,"saŋkul[bolt]N_šulal[defiled]AJ"
"P370399",173,"o v 27'","ebir[vessel-stand]N gub[stand]V/i","{ŋeš}ebir gub",0,"ebir[vessel-stand]N_gub[stand]V/i"
"P271301",40,"o i 37","peš[fig]N šergu[string]N","{ŋeš}peš₃ še-er-kum",0,"peš[fig]N_šergu[string]N"
"Q000039",512,"459","šudul[yoke]N apin[plow]N","{ŋeš}šu₂-dul₄ apin",0,"šudul[yoke]N_apin[plow]N"
"P271911",183,"o iii 28'","muš[snake]N apin[plow]N","muš apin",0,"muš[snake]N_apin[plow]N"
"P271771",32,"o iii 9","zabalum[juniper]N","{ŋeš}za-ba-lum",0,"zabalum[juniper]N"
"P271911",131,"o ii 51","ŋešrin[scales]N lul[false]V/i","rin₂ lul",0,"ŋešrin[scales]N_lul[false]V/i"
"P247864",230,"o iv 41","ig[door]N sakar-ra[NA]NA","{ŋeš}ig sakar-ra",0,"ig[door]N_sakar-ra[NA]NA"
"P271911",214,"o iii 55'","al[hoe]N zu[tooth]N min[two]NU","al zu₂ min₅",0,"al[hoe]N_zu[tooth]N_min[two]NU"
"P370399",68,"o iii 7'","guza[chair]N kimah[grave]N","{ŋeš}gu-za ki-mah",0,"guza[chair]N_kimah[grave]N"
"Q000001",66,"66","udu[sheep]N a[water]N ak[do]V/t","udu a ak",0,"udu[sheep]N_a[water]N_ak[do]V/t"
"P271301",311,"r i 39","ŋešnud[bed]N Uri[Akkad]GN","ŋeš-nud uri-ma",0,"ŋešnud[bed]N_Uri[Akkad]GN"
"P250736",91,"o iii 25","gigurda[basket]N luʾurak[profession]N","gi-gur-da lu₂-ur₃-ra",0,"gigurda[basket]N_luʾurak[profession]N"
"P250363",19,"r 6","{ŋeš}HUR-MAŠ₂-ma[NA]NA","{ŋeš}HUR-MAŠ₂-ma",0,"{ŋeš}HUR-MAŠ₂-ma[NA]NA"
"P271911",276,"unknown","unknown","unknown",1,"unknown"
"P447996",56,"o iv 25","ŋeštin[vine]N x-en-na[NA]NA","{ŋeš}ŋeštin x-en-na",0,"ŋeštin[vine]N_x-en-na[NA]NA"
"P429503",158,"r iii' 1'","usan[whip]N","{ŋeš}usan₃",0,"usan[whip]N"
"P437074",183,"c ii 17'","{ŋeš}x[NA]NA x[NA]NA","{ŋeš}x x",0,"{ŋeš}x[NA]NA_x[NA]NA"
"P437074",125,"b iii 11''","{ŋeš}x-x[NA]NA","{ŋeš}x-x",0,"{ŋeš}x-x[NA]NA"
"P429503",177,"r iii' 20'","bulug[needle]N x-x[NA]NA","{ŋeš}bulug x-x",0,"bulug[needle]N_x-x[NA]NA"
"Q000039",679,"611","kul[handle]N zamin[lyre]N","{ŋeš}kul za₃-mi₂",0,"kul[handle]N_zamin[lyre]N"
"P332939",15,"o i 12","ŋeš[tree]N giggi[black]V/i","ŋeš giggi",0,"ŋeš[tree]N_giggi[black]V/i"
"P271911",186,"o iii 31'","gag[nail]N leʾum[board]N apin[plow]N","gag le-u₅-um apin",0,"gag[nail]N_leʾum[board]N_apin[plow]N"
"P459217",173,"r iv 7","guza[chair]N GAR-x[NA]NA","{ŋeš}gu-za GAR-x",0,"guza[chair]N_GAR-x[NA]NA"
"P273880",43,"a ii 10'","dam[~plow]N apin[plow]N","{ŋeš}da-am apin",0,"dam[~plow]N_apin[plow]N"
"P459217",86,"iv 8","pa[branch]N ŋešnimbar[palm]N","{ŋeš}pa ŋešnimbar",0,"pa[branch]N_ŋešnimbar[palm]N"
"P437074",124,"b iii 10''","bad[leg]N guza[chair]N","{ŋeš}bad gu-za",0,"bad[leg]N_guza[chair]N"
"P437074",178,"c ii 11'","naŋa[mortar]N x[NA]NA","{ŋeš}naŋa₃ x",0,"naŋa[mortar]N_x[NA]NA"
"Q000039",204,"170","guza[chair]N kaskal[way]N","{ŋeš}gu-za kaskal",0,"guza[chair]N_kaskal[way]N"
"P459218",53,"o iii 4","{ŋeš}BU-ERIN₂-AŠ-GI-MA[NA]NA","{ŋeš}BU-ERIN₂-AŠ-GI-MA",0,"{ŋeš}BU-ERIN₂-AŠ-GI-MA[NA]NA"
"P459217",15,"i 14'","hašhur[apple]N šeʾeštub[barley]N","{ŋeš}hašhur eštub",0,"hašhur[apple]N_šeʾeštub[barley]N"
"P235262",83,"d i 26'","{ŋeš}šag₄-hi-li-a[NA]NA","{ŋeš}šag₄-hi-li-a",0,"{ŋeš}šag₄-hi-li-a[NA]NA"
"P388265",389,"r vi 30","dilim[spoon]N banšur[table]N","{ŋeš}dilim₂ banšurₓ(|URU×IGI|)",0,"dilim[spoon]N_banšur[table]N"
"P388265",84,"iv 1","asal[poplar]N","{ŋeš}asal₂",0,"asal[poplar]N"
"P347814",176,"c i 32'","al[hoe]N","{ŋeš}al",0,"al[hoe]N"
"P271301",451,"r iv 32","zara[pivot]N gagsila[harness]N","{ŋeš}za-ra gag-sal₄",0,"zara[pivot]N_gagsila[harness]N"
"P459217",147,"r ii 16'","tun[container]N","{ŋeš}tun₃",0,"tun[container]N"
"P347814",228,"c ii 34'","dupsik[basket]N zala[smashed]N","{ŋeš}dupsik za-lal₂",0,"dupsik[basket]N_zala[smashed]N"
"P250364",6,"o i 3","e[house]N usan[whip]N gigir[chariot]N","{ŋeš}e₂ {kuš}usan₃ gigir",0,"e[house]N_usan[whip]N_gigir[chariot]N"
"Q000039",175,"145d","{ŋeš}GU₇[NA]NA","{ŋeš}GU₇",0,"{ŋeš}GU₇[NA]NA"
"P271911",311,"r i 3'","dim[post]N","dim",0,"dim[post]N"
"P429504",22,"o iii' 3","kišig[acacia]N","{ŋeš}kišig",0,"kišig[acacia]N"
"Q000039",179,"149","tibala[sign]N","{ŋeš}ti-bala",0,"tibala[sign]N"
"Q000001",158,"158","sila[lamb]N nim[high]V/i","sila₄ nim",0,"sila[lamb]N_nim[high]V/i"
"P332939",59,"r ii' 3'","{ŋeš}šir-x[NA]NA margida[cart]N","{ŋeš}šir-x mar-gid₂-da",0,"{ŋeš}šir-x[NA]NA_margida[cart]N"
"P273880",387,"b iv 55","zamrutum[lance]N","{ŋeš}za₃-mi-ri₂-tum",0,"zamrutum[lance]N"
"P388265",434,"t.e. iii 6","{ŋeš}x-x[NA]NA","{ŋeš}x-x",0,"{ŋeš}x-x[NA]NA"
"P235262",21,"unknown","unknown","unknown",999,"unknown"
"P271301",434,"r iv 15","{ŋeš}x[NA]NA x[NA]NA gigir[chariot]N","{ŋeš}x x gigir",0,"{ŋeš}x[NA]NA_x[NA]NA_gigir[chariot]N"
"P459218",68,"o iii 19","saŋ[head]N apin[plow]N","{ŋeš}saŋ apin",0,"saŋ[head]N_apin[plow]N"
"P332934",124,"o ii 41","mes[tree]N giggi[black]V/i","{ŋeš}mes giggi",0,"mes[tree]N_giggi[black]V/i"
"P345549",3,"o 2","gag[nail]N umbin[wheel]N margida[cart]N","{ŋeš}gag umbin mar-gid₂-da",0,"gag[nail]N_umbin[wheel]N_margida[cart]N"
"P459227",6,"o i 3'","x-AGA[NA]NA","x-AGA",0,"x-AGA[NA]NA"
"P247864",36,"o i 33","ŋipar[tree]N","{ŋeš}ŋi₆-par₃",0,"ŋipar[tree]N"
"P273712",4,"o 3'","ŋešrin[scales]N manala[weighmaster]N","ŋeš-rin₂ ma-na-la₂",0,"ŋešrin[scales]N_manala[weighmaster]N"
"P250364",166,"r iv 2'","Kiŋ-Inana[1]MN ud[sun]N 5-kam[NA]NA","{iti}kiŋ₂-{d}inana ud 5-kam",0,"Kiŋ-Inana[1]MN_ud[sun]N_5-kam[NA]NA"
"P247864",176,"o iii 50","e[house]N gigir[chariot]N","{ŋeš}e₂ gigir",0,"e[house]N_gigir[chariot]N"
"Q000039",129,"106","asal[poplar]N kur[mountain]N","{ŋeš}asal₂ kur",0,"asal[poplar]N_kur[mountain]N"
"P388265",9,"i 11","šagkal[tree]N","{ŋeš}šag₄-kal",0,"šagkal[tree]N"
"Q000001",295,"295","az[bear]N","az",0,"az[bear]N"
"P370399",73,"o iii 12'","umbin[base]N guza[chair]N","{ŋeš}umbin gu-za",0,"umbin[base]N_guza[chair]N"
"P271320",64,"r ii' 12'","KI.KAL[bottom]N margida[cart]N","{ŋeš}sasₓ(|KI.KAL|) mar-gid₂-da",0,"KI.KAL[bottom]N_margida[cart]N"
"P253228",50,"r i 14","ildag[poplar]N","{ŋeš}ildag₂",0,"ildag[poplar]N"
"P459218",48,"o ii 28'","malalum[container]N","{ŋeš}malla(BU)",0,"malalum[container]N"
"P459216",31,"i 29","{ŋeš}x[NA]NA","{ŋeš}x",0,"{ŋeš}x[NA]NA"
"P459227",15,"o ii 5'","DUB.du₃[~vehicle]N šag[heart]N","{ŋeš}ŠID šag₄",0,"DUB.du₃[~vehicle]N_šag[heart]N"
"P388265",243,"r iii 22","ŋešnud[bed]N šatuku[mattress]N siki[hair]N garig[comb]N ak[do]V/t","ŋeš-nud šag₄-tuku₅ siki {ŋeš}ga-rig₂ ak",0,"ŋešnud[bed]N_šatuku[mattress]N_siki[hair]N_garig[comb]N_ak[do]V/t"
"Q000039",1,"1","taškarin[boxwood]N","{ŋeš}taškarin",0,"taškarin[boxwood]N"
"P388265",353,"r v 43","illar[weapon]N kiŋ[work]V/t","{ŋeš}illar kiŋ₂",0,"illar[weapon]N_kiŋ[work]V/t"
"P253238",20,"o 17'","lamtur[nut]N","{ŋeš}lam-tur",0,"lamtur[nut]N"
"P332934",57,"o i 1'","aʾan[spadix]N usuh[tree]N","{ŋeš}an-na u₃-suh₅",0,"aʾan[spadix]N_usuh[tree]N"
"P271911",132,"o ii 52","ŋešrin[scales]N sal[thin]V/i","rin₂ sal",0,"ŋešrin[scales]N_sal[thin]V/i"
"P250736",283,"r iv 1","x-x-x-ra[NA]NA","x-x-x-ra",0,"x-x-x-ra[NA]NA"
"P273244",12,"r 5","ig[door]N zena[midrib]N","{ŋeš}ig zi-na",0,"ig[door]N_zena[midrib]N"
"P447996",91,"o v 16","nurma[pomegranate]N dar[split]V/t","{ŋeš}nu-ur₂-ma dar",0,"nurma[pomegranate]N_dar[split]V/t"
"P250736",39,"o ii 11","gi[reed]N diš[one]NU nindan[pole]N","gi diš nindan",0,"gi[reed]N_diš[one]NU_nindan[pole]N"
"P247864",326,"o vi 10","{ŋeš}x[NA]NA","{ŋeš}x",0,"{ŋeš}x[NA]NA"
"P492330",41,"unknown","unknown","unknown",999,"unknown"
"P388265",46,"ii 29","ŋeštin[vine]N","{ŋeš}ŋeštin",0,"ŋeštin[vine]N"
"P273880",285,"b iii 9","kaŋeškarak[table]N nita[male]N","{ŋeš}ka-kara₄ nita₂",0,"kaŋeškarak[table]N_nita[male]N"
"P347814",271,"d i 34'","{ŋeš}KUD[NA]NA","{ŋeš}KUD",0,"{ŋeš}KUD[NA]NA"
"P388265",387,"r vi 28","banšurzaggula[table]N","{ŋeš}banšurₓ(|URU×IGI|)-zag-ku-la₂",0,"banšurzaggula[table]N"
"Q000039",207,"173","guza[chair]N namen[priesthood]N","{ŋeš}gu-za nam-en",0,"guza[chair]N_namen[priesthood]N"
"Q000039",262,"226","saŋ[head]N ŋešnud[bed]N","{ŋeš}saŋ nud",0,"saŋ[head]N_ŋešnud[bed]N"
"P332939",61,"r ii' 5'","sudin[~chariot]N margida[cart]N","{ŋeš}šu-din mar-gid₂-da",0,"sudin[~chariot]N_margida[cart]N"
"P250736",198,"r ii 2","{dug}x-x[NA]NA","{dug}x-x",0,"{dug}x-x[NA]NA"
"X100003",27,"r 11","peš[fig]N Mari[1]SN","{ŋeš}peš₃ ma₂-ri₂{ki}",0,"peš[fig]N_Mari[1]SN"
"P346714",61,"r ii 29'","gag[nail]N zara[pivot]N ŋušur[harrow]N","{ŋeš}gag za-ra gana₂-ur₃",0,"gag[nail]N_zara[pivot]N_ŋušur[harrow]N"
"P332934",190,"o iii 26","ŋešnimbar[palm]N uhin[date]N su[red]V/i","{ŋeš}ŋešnimbar u₄-hi-in su₄",0,"ŋešnimbar[palm]N_uhin[date]N_su[red]V/i"
"P253228",74,"r ii 13'","peš[fig]N","{ŋeš}peš₃",0,"peš[fig]N"
"P250736",55,"o ii 29","ana[upper-part]N X-me-eš[NA]NA","an-na X-me-eš",0,"ana[upper-part]N_X-me-eš[NA]NA"
"P273880",365,"b iv 32","uluh[sapling]N","{ŋeš}u₃-luh-ha",0,"uluh[sapling]N"
"P229426",8,"o 7","halba[frost]N ha-al-bi-a[NA]NA |LAL₂.GIŠGAL|[NA]NA","halba₅ ha-al-bi-a |LAL₂.GIŠGAL|",0,"halba[frost]N_ha-al-bi-a[NA]NA_|LAL₂.GIŠGAL|[NA]NA"
"P332934",379,"r iv 13'","gu[neck]N margida[cart]N","{ŋeš}gu₂ mar-gid₂-da",0,"gu[neck]N_margida[cart]N"
"P273880",395,"b iv 63","šibir[staff]N","{ŋeš}šibirₓ(|EN×GAN₂|)",0,"šibir[staff]N"
"P459218",75,"o iii 26","niŋŋeštug[~plow]N apin[plow]N","{ŋeš}niŋ₂-ŋeštug apin",0,"niŋŋeštug[~plow]N_apin[plow]N"
"P249794",8,"r 1","maršu[spade]N","{ŋeš}mar-šu",0,"maršu[spade]N"
"P271911",168,"o iii 16'","saŋ[head]N apin[plow]N","saŋ apin",0,"saŋ[head]N_apin[plow]N"
"P271911",444,"r ii 46","anše[equid]N gud.si.AŠ[ram]N","anše gud-si-AŠ",0,"anše[equid]N_gud.si.AŠ[ram]N"
"P492330",12,"o i 10","ŋeš[tree]N x-x-bi[NA]NA","ŋeš x-x-bi",0,"ŋeš[tree]N_x-x-bi[NA]NA"
"P429503",85,"o iii 24","ŋešnimbar[palm]N x[NA]NA","{ŋeš}ŋešnimbar x",0,"ŋešnimbar[palm]N_x[NA]NA"
"Q000039",746,"675","{ŋeš}LUM-LUM[NA]NA anše[equid]N","{ŋeš}LUM-LUM anše",0,"{ŋeš}LUM-LUM[NA]NA_anše[equid]N"
"P247864",355,"o vi 39","al[hoe]N","{ŋeš}al",0,"al[hoe]N"
"P346714",6,"r i 02'","{ŋeš}x[NA]NA","{ŋeš}x",0,"{ŋeš}x[NA]NA"
"P271911",244,"o iv 15","dur[board]N ab[window]N","dur₂ a-ab",0,"dur[board]N_ab[window]N"
"P492330",33,"r i 3'","{ŋeš}AMA-x[NA]NA","{ŋeš}AMA-x",0,"{ŋeš}AMA-x[NA]NA"
"P271301",349,"r ii 33","naŋa[mortar]N esir[bitumen]N ea[~bitumen]N","{ŋeš}naŋa₃ esir e₃-a",0,"naŋa[mortar]N_esir[bitumen]N_ea[~bitumen]N"
"Q000001",60,"60","udu[sheep]N igidu[gift]N","udu igi-duh-a",0,"udu[sheep]N_igidu[gift]N"
"P459217",128,"r i 15'","maš[plant]N","{ŋeš}maš",0,"maš[plant]N"
"P271301",288,"r i 16","na[box]N A-TE{ki}[NA]NA","{ŋeš}na A-TE{ki}",0,"na[box]N_A-TE{ki}[NA]NA"
"P271911",92,"o ii 18","balak[spindle]N gal[big]V/i","balak gal",0,"balak[spindle]N_gal[big]V/i"
"P247864",331,"o vi 15","epana[quiver]N","{ŋeš}e₂-pana",0,"epana[quiver]N"
"P271301",323,"r ii 7","maštakda[wooden-object]N","{ŋeš}maš-tak-didli",0,"maštakda[wooden-object]N"
"P273880",515,"c ii 60","ŋešnimbar[palm]N uš[die]V/i","{ŋeš}ŋešnimbar uš₂",0,"ŋešnimbar[palm]N_uš[die]V/i"
"P225065",6,"o i 3","ig[door]N x[NA]NA","{ŋeš}ig x",0,"ig[door]N_x[NA]NA"
"P247864",166,"o iii 40","ŋušur[harrow]N","{ŋeš}gana₂-ur₃",0,"ŋušur[harrow]N"
"P332934",121,"o ii 38","mesgam[tree]N","{ŋeš}mes-gam₃",0,"mesgam[tree]N"
"P250736",146,"o iv 39","gi[reed]N HAR-x[NA]NA","gi HAR-x",0,"gi[reed]N_HAR-x[NA]NA"
"Q000039",656,"590","eme[tongue]N mar[shovel]N","{ŋeš}eme mar",0,"eme[tongue]N_mar[shovel]N"
"Q000039",705,"636","eme[tongue]N gud.si.AŠ[ram]N","{ŋeš}eme gud-si-AŠ",0,"eme[tongue]N_gud.si.AŠ[ram]N"
"Q000039",250,"214","ŋešnud[bed]N","ŋeš-nud",0,"ŋešnud[bed]N"
"Q000039",65,"52","eren[cedar]N","{ŋeš}eren",0,"eren[cedar]N"
"P273880",462,"c ii 6","e[house]N ma[ship]N","{ŋeš}e₂ ma₂",0,"e[house]N_ma[ship]N"
"P271911",154,"o iii 4'","apin[plow]N tugsaga[plow]N","apin šu-uš-saga₁₁",0,"apin[plow]N_tugsaga[plow]N"
"Q000039",580,"523","ŋeš[tree]N šanabi[two-thirds]N sila[unit]N","ŋeš šanabi sila₃",0,"ŋeš[tree]N_šanabi[two-thirds]N_sila[unit]N"
"P273880",164,"b i 7'","guza[chair]N x-x-x[NA]NA","{ŋeš}gu-za x-x-x",0,"guza[chair]N_x-x-x[NA]NA"
"Q000039",769,"698","piriŋ[lion]N","{ŋeš}piriŋ",0,"piriŋ[lion]N"
"P346714",177,"r v 13'","še[barley]N rah[beat]V/t","{ŋeš}še ra-ah",0,"še[barley]N_rah[beat]V/t"
"P388265",402,"r vi 44","{ŋeš}nam-x[NA]NA","{ŋeš}nam-x",0,"{ŋeš}nam-x[NA]NA"
"Q000001",99,"99","udu[sheep]N hi[mix]V/t","udu hi",0,"udu[sheep]N_hi[mix]V/t"
"P332934",396,"r iv 30'","x[NA]NA margida[cart]N","x mar-gid₂-da",0,"x[NA]NA_margida[cart]N"
"Q000039",657,"591","kul[handle]N mar[shovel]N","{ŋeš}kul mar",0,"kul[handle]N_mar[shovel]N"
"P388265",168,"r i 46","SUD[post-or-stake?]N","{ŋeš}SUD",0,"SUD[post-or-stake?]N"
"P388265",263,"r iv 3","{ŋeš}x-x[NA]NA","{ŋeš}x-x",0,"{ŋeš}x-x[NA]NA"
"P271301",186,"o iv 20","pešbandazi[offshoot]N ŋešnimbar[palm]N","{ŋeš}peš-banda₃-zi ŋešnimbar",0,"pešbandazi[offshoot]N_ŋešnimbar[palm]N"
"P271320",35,"r i' 3'","suhur[tool]N gigir[chariot]N","{ŋeš}suhur gigir",0,"suhur[tool]N_gigir[chariot]N"
"Q000039",127,"104","pešbandazi[offshoot]N ŋešnimbar[palm]N","{ŋeš}peš-banda₃-zi ŋešnimbar",0,"pešbandazi[offshoot]N_ŋešnimbar[palm]N"
"P247864",396,"o vii 15'","{ŋeš}x[NA]NA x-x[NA]NA","{ŋeš}x x-x",0,"{ŋeš}x[NA]NA_x-x[NA]NA"
"P332930",22,"r 1","ma[ship]N sal[thin]V/i","{ŋeš}ma₂ sal",0,"ma[ship]N_sal[thin]V/i"
"P271301",218,"o iv 52","anta[tree]N","{ŋeš}an-tag",0,"anta[tree]N"
"Q000039",579,"522","ŋeš[tree]N šušana[fraction]N sila[unit]N","ŋeš šušana sila₃",0,"ŋeš[tree]N_šušana[fraction]N_sila[unit]N"
"P273880",171,"b i 14'","guza[chair]N hašhur[apple]N","{ŋeš}gu-za {ŋeš}hašhur",0,"guza[chair]N_hašhur[apple]N"
"P271301",468,"r iv 49","da[side-board]N margida[cart]N","{ŋeš}da mar-gid₂-da",0,"da[side-board]N_margida[cart]N"
"P253866",48,"o ii 12'","guza[chair]N x-x-x[NA]NA","{ŋeš}gu-za x-x-x",0,"guza[chair]N_x-x-x[NA]NA"
"P370399",115,"o iv 12'","e[house]N gigir[chariot]N","{ŋeš}e₂ gigir",0,"e[house]N_gigir[chariot]N"
"P347814",154,"c i 9'","ninda[vessel]N","{ŋeš}ninda₂",0,"ninda[vessel]N"
"Q000039",464,"415","ŋešgina[~loom]N","{ŋeš}niŋ₂-gi-na",0,"ŋešgina[~loom]N"
"P253228",62,"r ii 1'","mes[tree]N x-x[NA]NA","{ŋeš}mes x-x",0,"mes[tree]N_x-x[NA]NA"
"P437074",125,"b iii 11''","{ŋeš}x-x[NA]NA","{ŋeš}x-x",0,"{ŋeš}x-x[NA]NA"
"P370399",6,"o i 3'","x[NA]NA ŋešnimbar[palm]N","x ŋešnimbar",0,"x[NA]NA_ŋešnimbar[palm]N"
"P297185",3,"1","urnum[cedar]N","{ŋeš}ur-nu-um",0,"urnum[cedar]N"
"Q000039",153,"129","huš[plant]N","{ŋeš}huš",0,"huš[plant]N"
"P235262",107,"d ii 12'","DUB.du₃[~vehicle]N bar[outside]V/t","{ŋeš}šid-du₁₀ bar",0,"DUB.du₃[~vehicle]N_bar[outside]V/t"
"P332939",63,"r ii' 7'","gag[nail]N ašte[chair]N margida[cart]N","{ŋeš}gag al-te mar-gid₂-da",0,"gag[nail]N_ašte[chair]N_margida[cart]N"
"Q000039",100,"79","ŋešnimbar[palm]N uš[die]V/i","{ŋeš}ŋešnimbar uš₂",0,"ŋešnimbar[palm]N_uš[die]V/i"
"P332934",197,"o iii 33","ŋešnimbar[palm]N ŋeštin[vine]N","{ŋeš}ŋešnimbar ŋeštin",0,"ŋešnimbar[palm]N_ŋeštin[vine]N"
"P253245",9,"o 5","{ŋeš}x[NA]NA","{ŋeš}x",0,"{ŋeš}x[NA]NA"
"P459217",156,"r iii 13","guza[chair]N sirda[cnne]N","{ŋeš}gu-za sir₃-da",0,"guza[chair]N_sirda[cnne]N"
"P332939",67,"r ii' 11'","ŋirigub[footstool]N margida[cart]N","{ŋeš}ŋiri₃ mar-gid₂-da",0,"ŋirigub[footstool]N_margida[cart]N"
"Q000001",468,"465","uzu[flesh]N hab[malodorous]V/i","uzu hab₂",0,"uzu[flesh]N_hab[malodorous]V/i"
"P247864",71,"o ii 8","ŋešnimbar[palm]N","{ŋeš}ŋešnimbar",0,"ŋešnimbar[palm]N"
"P273880",25,"a i 41'","{ŋeš}x[NA]NA","{ŋeš}x",0,"{ŋeš}x[NA]NA"
"Q000001",423,"422","uzu[flesh]N sila[cut]N zag[side]N udu[sheep]N","uzu sila₃ zag udu",0,"uzu[flesh]N_sila[cut]N_zag[side]N_udu[sheep]N"
"P332934",374,"r iv 8'","margida[cart]N Mari[1]SN","{ŋeš}mar-gid₂-da ma₂-ri₂{ki}",0,"margida[cart]N_Mari[1]SN"
"P235262",60,"d i 3'","adus[plank]N ma[ship]N","{ŋeš}ad-us₂ ma₂",0,"adus[plank]N_ma[ship]N"
"P273880",167,"b i 10'","guza[chair]N namlugal[kingship]N","{ŋeš}gu-za nam-lugal",0,"guza[chair]N_namlugal[kingship]N"
"P249794",8,"r 1","maršu[spade]N","{ŋeš}mar-šu",0,"maršu[spade]N"
"P271771",96,"r i 2'","x[NA]NA guza[chair]N","x gu-za",0,"x[NA]NA_guza[chair]N"
"Q000001",191,"191","gud[ox]N hunu[weak]V/i","gud hu-nu",0,"gud[ox]N_hunu[weak]V/i"
"P253228",45,"r i 9","dada[tree]N","{ŋeš}da-da",0,"dada[tree]N"
"Q000039",599,"540","ellaŋdu[trap]N tur[small]V/i","{ŋeš}ellaŋ₂-du tur",0,"ellaŋdu[trap]N_tur[small]V/i"
"Q000001",153,"153","sila[lamb]N","sila₄",0,"sila[lamb]N"
"P409466",3,"o 2","Magurnubzu[1]ON","{ŋeš}ma₂-{d}gur₈-nu-ub-zu",0,"Magurnubzu[1]ON"
"P247864",327,"o vi 11","{ŋeš}x-x[NA]NA","{ŋeš}x-x",0,"{ŋeš}x-x[NA]NA"
"P247864",160,"o iii 34","gag[nail]N šudul[yoke]N margida[cart]N","{ŋeš}gag šu₂-dul₄ mar-gid₂-da",0,"gag[nail]N_šudul[yoke]N_margida[cart]N"
"P250736",19,"o i 15","gi[reed]N niŋ[thing]N tur[small]V/i","gi niŋ₂ tur-tur",0,"gi[reed]N_niŋ[thing]N_tur[small]V/i"
"P370399",12,"o i 9'","x-ha-ŠID-ma[NA]NA ŋešnimbar[palm]N","x-ha-ŠID-ma ŋešnimbar",0,"x-ha-ŠID-ma[NA]NA_ŋešnimbar[palm]N"
"P273880",401,"c i 4","usakar[moon]N","{ŋeš}u₄-sakar",0,"usakar[moon]N"
"P388265",199,"r ii 26","bariga[unit]N","{ŋeš}ba-ri₂-ga",0,"bariga[unit]N"
"P271320",19,"o i 12'","guza[chair]N Magan[1]GN","{ŋeš}gu-za ma₂-gan-na",0,"guza[chair]N_Magan[1]GN"
"P332934",27,"o i 23","tila[grapevine]N ŋeštin[vine]N","{ŋeš}illat ŋeštin",0,"tila[grapevine]N_ŋeštin[vine]N"
"P347814",189,"c i 45'","dur[board]N šeg[brick]N alura[baked]AJ","{ŋeš}dur₂ šeg₁₂ al-ur₃-ra",0,"dur[board]N_šeg[brick]N_alura[baked]AJ"
"P273880",184,"b i 34'","ŋešnud[bed]N šagkal[tree]N","ŋeš-nud šag₄-kal",0,"ŋešnud[bed]N_šagkal[tree]N"
"P253233",36,"r i 4'","ŋipar[tree]N","{ŋeš}ŋi₆-par₄",0,"ŋipar[tree]N"
"P247864",74,"o ii 11","dala[thorn]N ŋešnimbar[palm]N","{ŋeš}dala₂ ŋešnimbar",0,"dala[thorn]N_ŋešnimbar[palm]N"
"P459218",11,"o i 15'","ig[door]N gal[big]V/i","{ŋeš}ig gu-la",0,"ig[door]N_gal[big]V/i"
"P437074",60,"b ii 3'","ila[elevation]N","{ŋeš}i-il₃",0,"ila[elevation]N"
"P370399",23,"o i 20'","x[NA]NA ŋešnimbar[palm]N","x ŋešnimbar",0,"x[NA]NA_ŋešnimbar[palm]N"
"P250736",180,"r i 34","anzalub[pith]N","{gi}anzalub",0,"anzalub[pith]N"
"P271911",229,"unknown","unknown","unknown",1,"unknown"
"P370399",151,"o v 5'","{ŋeš}DIB-QA-BUR[NA]NA","{ŋeš}DIB-QA-BUR",0,"{ŋeš}DIB-QA-BUR[NA]NA"
"P271771",4,"unknown","unknown","unknown",999,"unknown"
"Q000039",658,"592","sugin[rot]N","{ŋeš}sugin(BAD)",0,"sugin[rot]N"
"Q000001",328,"328","niŋziŋal[living-creature]N eden[back]N","niŋ₂-zi-ŋal₂ eden",0,"niŋziŋal[living-creature]N_eden[back]N"
"P273880",107,"a iii 46'","ig[door]N papah[cella]N","{ŋeš}ig pa-pah",0,"ig[door]N_papah[cella]N"
"P437074",103,"b iii 7'","guza[chair]N ŋeškiŋti[workshop]N","{ŋeš}gu-za ŋeš-kiŋ₂-ti",0,"guza[chair]N_ŋeškiŋti[workshop]N"
"Q000039",47,"40","ŋešaʾabak[tree]N Meluhha[1]GN","ŋeš-ab-ba me-luh-ha",0,"ŋešaʾabak[tree]N_Meluhha[1]GN"
"P459216",11,"i 9","ŋeš[tree]N giggi[black]V/i","ŋeš giggi",0,"ŋeš[tree]N_giggi[black]V/i"
"P347814",175,"c i 31'","{ŋeš}x[NA]NA suhur[tool]N","{ŋeš}x suhur",0,"{ŋeš}x[NA]NA_suhur[tool]N"
"P271911",344,"r i 30'","niŋgul[hatchet]N","niŋ₂-gul",0,"niŋgul[hatchet]N"
"P235262",32,"c ii 5'","dilim[spoon]N","{ŋeš}dilim₂",0,"dilim[spoon]N"
"P459216",39,"ii 7","manu[wood]N gibil[firewood]N ak[do]V/t","{ŋeš}ma-nu gibil₂ ak",0,"manu[wood]N_gibil[firewood]N_ak[do]V/t"
"P273880",420,"c i 23","dur[board]N bisaŋ[basket]N","{ŋeš}dur₂ bisaŋ",0,"dur[board]N_bisaŋ[basket]N"
"P271519",5,"unknown","unknown","unknown",1,"unknown"
"P459216",154,"r iii 21'","{ŋeš}x[NA]NA madu[~boat]N","{ŋeš}x ma₂-du₃",0,"{ŋeš}x[NA]NA_madu[~boat]N"
"P271911",191,"o iii 35'","sala[~plow]N apin[plow]N","sal-la apin",0,"sala[~plow]N_apin[plow]N"
"P271301",199,"o iv 33","asal[poplar]N hili[attractiveness]N","{ŋeš}asal₂ hi-li",0,"asal[poplar]N_hili[attractiveness]N"
"P250736",125,"o iv 18","masab[basket]N ninda[bread]N gur[thick]V/i","{gi}ma-sa₂-ab ninda gur₄",0,"masab[basket]N_ninda[bread]N_gur[thick]V/i"
"P250364",13,"o i 10","guza[chair]N gigir[chariot]N","{ŋeš}gu-za gigir",0,"guza[chair]N_gigir[chariot]N"
"P297194",5,"o 4","še[cone]N usuh[tree]N","{ŋeš}še u₃-suh₅",0,"še[cone]N_usuh[tree]N"
"P271911",496,"r iii 31","x[NA]NA","x",0,"x[NA]NA"
"P271911",622,"r v 1'","šaʾuša[lance]N","{ŋeš}za-u₁₉-ša",0,"šaʾuša[lance]N"
"P271301",362,"r ii 46","ma[ship]N x[NA]NA","{ŋeš}ma₂ x",0,"ma[ship]N_x[NA]NA"
"P429503",135,"r ii' 11'","si[horn]N ma[ship]N","{ŋeš}si ma₂",0,"si[horn]N_ma[ship]N"
"Q000039",493,"441","dilim[spoon]N ŋešrin[scales]N","{ŋeš}dilim₂ rin₂",0,"dilim[spoon]N_ŋešrin[scales]N"
"P459226",9,"o i 6'","ŋešgana[tree]N giggi[black]V/i","ŋeš-kin₂ giggi",0,"ŋešgana[tree]N_giggi[black]V/i"
"Q000039",99,"78a","ŋešnimbar[palm]N gaz[kill]V/t","{ŋeš}ŋešnimbar gaz",0,"ŋešnimbar[palm]N_gaz[kill]V/t"
"P273880",142,"a iv 39'","guza[chair]N x[NA]NA","{ŋeš}gu-za x",0,"guza[chair]N_x[NA]NA"
"P271301",11,"o i 8","esi[tree]N Magan[1]GN","{ŋeš}esi ma₂-gan-na{ki}",0,"esi[tree]N_Magan[1]GN"
"P388265",54,"iii 3","eren[cedar]N","{ŋeš}eren",0,"eren[cedar]N"
"P273880",286,"b iii 10","kaŋeškarak[table]N urud[copper]N","{ŋeš}ka-kara₄ urud",0,"kaŋeškarak[table]N_urud[copper]N"
"P347814",41,"a ii 12'","{ŋeš}x[NA]NA","{ŋeš}x",0,"{ŋeš}x[NA]NA"
"P347814",284,"d ii 12'","{ŋeš}KUM-x-x[NA]NA","{ŋeš}KUM-x-x",0,"{ŋeš}KUM-x-x[NA]NA"
"P230849",5,"r 1","asal[poplar]N","{ŋeš}asal₂",0,"asal[poplar]N"
"P273880",600,"c iv 34","suhub[tread]V/t","{ŋeš}suhub",0,"suhub[tread]V/t"
"P273880",709,"unknown","unknown","unknown",999,"unknown"
"P388330",2,"o 1","hašhur[apple]N","{ŋeš}hašhur",0,"hašhur[apple]N"
"Q000039",421,"376","ig[door]N i[oil]N","{ŋeš}ig i₃",0,"ig[door]N_i[oil]N"
"P247864",139,"o iii 13","{ŋeš}x[NA]NA margida[cart]N","{ŋeš}x mar-gid₂-da",0,"{ŋeš}x[NA]NA_margida[cart]N"
"P250364",85,"o v 6","sa[net]N gi[thicket]N","{ŋeš}sa {ŋeš}gi",0,"sa[net]N_gi[thicket]N"
"P253866",90,"o iii 23'","niŋna[incense]N mud[blood]N","{ŋeš}niŋ₂-na mud",0,"niŋna[incense]N_mud[blood]N"
"P389511",8,"o 7","šiqdum[almond]N","{ŋeš}ši-iq-du-um",0,"šiqdum[almond]N"
"P429505",10,"8'","ŋešnimbar[palm]N uhin[date]N duru[wet]V/i ah[dry]V/i","{ŋeš}ŋešnimbar u₄-hi-in duru₅ e₃",0,"ŋešnimbar[palm]N_uhin[date]N_duru[wet]V/i_ah[dry]V/i"
"P271301",369,"r iii 2","ma[ship]N nurum[light]N","{ŋeš}ma₂ nu-ri",0,"ma[ship]N_nurum[light]N"
"P253866",67,"unknown","unknown","unknown",999,"unknown"
"Q000039",266,"230","dilimgal[dish]N","{ŋeš}dilim₂-gal",0,"dilimgal[dish]N"
"P459217",177,"r iv 11","guza[chair]N halub[tree]N","{ŋeš}gu-za {ŋeš}ha-lu-ub₂",0,"guza[chair]N_halub[tree]N"
"Q000039",573,"516","bariga[unit]N","{ŋeš}ba-ri₂-ga",0,"bariga[unit]N"
"Q000001",61,"61","udu[sheep]N urri[~sheep]N","udu ur₂-ri-a",0,"udu[sheep]N_urri[~sheep]N"
"P271911",367,"r i 50'","eme[tongue]N mar[shovel]N","eme mar",0,"eme[tongue]N_mar[shovel]N"
"P332930",14,"o 12","ma[ship]N su[sink]V/t","{ŋeš}ma₂ šu₂",0,"ma[ship]N_su[sink]V/t"
"P429505",4,"2'","ŋešnimbar[palm]N dar[split]V/t","{ŋeš}ŋešnimbar dar",0,"ŋešnimbar[palm]N_dar[split]V/t"
"P271301",459,"r iv 40","usan[whip]N gud[ox]N","{ŋeš}usan₃ gud",0,"usan[whip]N_gud[ox]N"
"P429503",36,"o ii 5","lamhal[nut]N","{ŋeš}lam-hal",0,"lamhal[nut]N"
"P273880",390,"b iv 58","masatum[lance?]N","{ŋeš}ma-sa-tum",0,"masatum[lance?]N"
"P229426",19,"o 18","i[oil]N i[NA]NA NI[NA]NA","i₃ i NI",0,"i[oil]N_i[NA]NA_NI[NA]NA"
"Q000039",18,"16","šenu[tree]N","{ŋeš}še-nu",0,"šenu[tree]N"
"P273880",380,"b iv 47","kakaku[profession]N","{ŋeš}kak-a-ku₅",0,"kakaku[profession]N"
"P250361",15,"o ii 3'","muš[snake]N apin[plow]N","{ŋeš}muš apin",0,"muš[snake]N_apin[plow]N"
"P250736",259,"r iii 20","šauša[scraper]N","{dug}ša-uš-ša",0,"šauša[scraper]N"
"P271301",113,"o iii 1","mes[tree]N babbar[white]V/i","{ŋeš}mes babbar",0,"mes[tree]N_babbar[white]V/i"
"P271301",331,"r ii 15","emerah[jug]N si[horn]N","{ŋeš}emerah si",0,"emerah[jug]N_si[horn]N"
"Q000039",130,"107","asal[poplar]N dug[good]V/i","{ŋeš}asal₂ dug₃",0,"asal[poplar]N_dug[good]V/i"
"Q000039",711,"642","ŋušur[beam]N eš[three]NU","ŋeš-ur₂ eš₅",0,"ŋušur[beam]N_eš[three]NU"
"P250736",257,"r iii 18","amam[jar]N","{dug}am-ma-am",0,"amam[jar]N"
"P346714",77,"r ii 45'","{ŋeš}x[NA]NA","{ŋeš}x",0,"{ŋeš}x[NA]NA"
"P250363",23,"r 10","{ŋeš}nam-ba-x[NA]NA","{ŋeš}nam-ba-x",0,"{ŋeš}nam-ba-x[NA]NA"
"P247864",203,"o iv 14","{ŋeš}nir-du₃[NA]NA","{ŋeš}nir-du₃",0,"{ŋeš}nir-du₃[NA]NA"
"P388265",133,"r i 11","eme[tongue]N apin[plow]N","{ŋeš}eme apin",0,"eme[tongue]N_apin[plow]N"
"P229426",33,"r ii 7","ma[ship]N An[1]DN","{ŋeš}ma₂ an-na",0,"ma[ship]N_An[1]DN"
"P429503",75,"o iii 14","ŋešnimbar[palm]N x[NA]NA","{ŋeš}ŋešnimbar x",0,"ŋešnimbar[palm]N_x[NA]NA"
"P429503",127,"r ii' 3'","ma[ship]N Ninazu[1]DN","{ŋeš}ma₂ {d}nin-a-zu",0,"ma[ship]N_Ninazu[1]DN"
"P250364",112,"r i 12'","{ŋeš}x[NA]NA","{ŋeš}x",0,"{ŋeš}x[NA]NA"
"P253874",9,"o 6","gag[nail]N šudul[yoke]N gigir[chariot]N","{ŋeš}gag šudul₄ gigir",0,"gag[nail]N_šudul[yoke]N_gigir[chariot]N"
"Q000039",36,"30","šennur[plum]N","{ŋeš}šennur",0,"šennur[plum]N"
"P235262",124,"d ii 29'","{ŋeš}x[NA]NA","{ŋeš}x",0,"{ŋeš}x[NA]NA"
"Q000001",107,"107","u[ewe]N","u₈",0,"u[ewe]N"
"Q000001",186,"186","gud[ox]N su[red]V/i","gud su₄",0,"gud[ox]N_su[red]V/i"
"P250736",109,"o iv 2","bisaŋ[basket]N x[NA]NA","{gi}bisaŋ x",0,"bisaŋ[basket]N_x[NA]NA"
"P447996",48,"o iv 17","manu[wood]N šu[hand]N ak[do]V/t","{ŋeš}ma-nu šu ak",0,"manu[wood]N_šu[hand]N_ak[do]V/t"
"P273880",358,"b iv 21","zanarum[lyre]N","{ŋeš}za-na-ru-um",0,"zanarum[lyre]N"
"P273712",17,"r i 7","al[hoe]N zu[tooth]N eš[three]NU","{ŋeš}al zu₂ eš₅",0,"al[hoe]N_zu[tooth]N_eš[three]NU"
"Q000001",47,"47","udu[sheep]N mašdarea[payment]N","udu maš₂-da-ri",0,"udu[sheep]N_mašdarea[payment]N"
"Q000001",334,"334","zu[tooth]N uman[insect]N","zu₂ umanₓ(|HI×AŠ₂|)",0,"zu[tooth]N_uman[insect]N"
"Q000039",221,"186a","guza[chair]N gidim[ghost]N","{ŋeš}gu-za gidim",0,"guza[chair]N_gidim[ghost]N"
"Q000039",158,"134","{ŋeš}si[NA]NA saŋ-keš₂[NA]NA","{ŋeš}si saŋ-keš₂",0,"{ŋeš}si[NA]NA_saŋ-keš₂[NA]NA"
"P388265",324,"r v 9","naŋa[mortar]N šumgaz[vegetable]N","{ŋeš}naŋa₄ šum₂-gaz",0,"naŋa[mortar]N_šumgaz[vegetable]N"
"P273880",480,"c ii 24","ma[ship]N peš[thick]V/i","{ŋeš}ma₂ peš-peš",0,"ma[ship]N_peš[thick]V/i"
"P250736",147,"o iv 40","gi[reed]N x-x[NA]NA","gi x-x",0,"gi[reed]N_x-x[NA]NA"
"P271301",163,"o iii 51","ŋešnimbar[palm]N munus[woman]N","{ŋeš}ŋešnimbar munus",0,"ŋešnimbar[palm]N_munus[woman]N"
"P273880",7,"a i 3'","{ŋeš}x-x[NA]NA","{ŋeš}x-x",0,"{ŋeš}x-x[NA]NA"
"P273880",218,"b ii 7","emerah[jug]N","{ŋeš}emerahₓ(|U.U.HUB₂|)",0,"emerah[jug]N"
"P247864",311,"o v 59","ma[ship]N gal[big]V/i","{ŋeš}ma₂ gu-la",0,"ma[ship]N_gal[big]V/i"
"P251867",3,"o 2","Maʾašte[1]ON","{ŋeš}ma₂-aš-te",0,"Maʾašte[1]ON"
"P429503",27,"o i 24","garan[bunch]N ŋeštin[vine]N","{ŋeš}ga-ra-na ŋeštin",0,"garan[bunch]N_ŋeštin[vine]N"
"P247864",11,"o i 8","esi[tree]N","{ŋeš}esi",0,"esi[tree]N"
"Q000039",289,"253","buniŋ[trough]N tur[small]V/i","{ŋeš}buniŋ tur",0,"buniŋ[trough]N_tur[small]V/i"
"Q000039",353,"311","{ŋeš}uš₂[NA]NA madu[~boat]N","{ŋeš}uš₂ ma₂-du₃",0,"{ŋeš}uš₂[NA]NA_madu[~boat]N"
"P370399",94,"o iii 33'","x[NA]NA saŋ[head]N apin[plow]N","x saŋ apin",0,"x[NA]NA_saŋ[head]N_apin[plow]N"
"P447996",52,"o iv 21","manu[wood]N muran[tree]N","{ŋeš}ma-nu mur-ra-an",0,"manu[wood]N_muran[tree]N"
"P459216",155,"r iii 22'","{ŋeš}x[NA]NA","{ŋeš}x",0,"{ŋeš}x[NA]NA"
"Q000039",630,"564","igiŋal[weapon]N","{ŋeš}igi-ŋal₂",0,"igiŋal[weapon]N"
"Q000039",159,"135","arina[madder]N","{ŋeš}i-ri₉-na",0,"arina[madder]N"
"P370399",9,"o i 6'","x-x[NA]NA ŋešnimbar[palm]N","x-x ŋešnimbar",0,"x-x[NA]NA_ŋešnimbar[palm]N"
"P332934",51,"o i 47","šenu[tree]N","{ŋeš}še-nu₂",0,"šenu[tree]N"
"P459227",18,"unknown","unknown","unknown",999,"unknown"
"P273880",584,"c iv 17","{ŋeš}x[NA]NA","{ŋeš}x",0,"{ŋeš}x[NA]NA"
"Q000001",247,"247","anše[equid]N nun[prince]N","anše nun",0,"anše[equid]N_nun[prince]N"
"P459216",186,"r iv 18'","umbin[wheel]N margida[cart]N","{ŋeš}umbin mar-gid₂-da",0,"umbin[wheel]N_margida[cart]N"
"Q000039",138,"115","samana[tree]N","{ŋeš}sa-ma-na₂",0,"samana[tree]N"
"P447996",64,"o iv 33","ŋeštin[vine]N babbar[white]V/i","{ŋeš}ŋeštin babbar",0,"ŋeštin[vine]N_babbar[white]V/i"
"P447996",146,"r i 28","{ŋeš}x[NA]NA ŋešnimbar[palm]N","{ŋeš}x ŋešnimbar",0,"{ŋeš}x[NA]NA_ŋešnimbar[palm]N"
"P247864",236,"o iv 47","ig[door]N uma[triumph]N","{ŋeš}ig u₃-ma",0,"ig[door]N_uma[triumph]N"
"P459218",73,"o iii 24","šusaŋ[compressor]N apin[plow]N","{ŋeš}šu-saŋ apin",0,"šusaŋ[compressor]N_apin[plow]N"
"P271911",350,"unknown","unknown","unknown",1,"unknown"
"P388265",92,"iv 9","ŋešnimbar[palm]N","{ŋeš}ŋešnimbar",0,"ŋešnimbar[palm]N"
"P347814",71,"a ii 42'","{ŋeš}x[NA]NA","{ŋeš}x",0,"{ŋeš}x[NA]NA"
"P273880",284,"b iii 8","kaŋeškarak[table]N munus[woman]N","{ŋeš}ka-kara₄ munus",0,"kaŋeškarak[table]N_munus[woman]N"
"P273880",107,"a iii 46'","ig[door]N papah[cella]N","{ŋeš}ig pa-pah",0,"ig[door]N_papah[cella]N"
"P273880",627,"unknown","unknown","unknown",999,"unknown"
"P459217",159,"r iii 16","guza[chair]N x[NA]NA","{ŋeš}gu-za x",0,"guza[chair]N_x[NA]NA"
"P349893",6,"6","malalum[container]N","{ŋeš}malla",0,"malalum[container]N"
"P253228",52,"r i 16","ildag[poplar]N bur[spread]V/t","{ŋeš}ildag₂ bur-ra",0,"ildag[poplar]N_bur[spread]V/t"
"P253233",57,"r ii 7'","{ŋeš}x-x[NA]NA","{ŋeš}x-x",0,"{ŋeš}x-x[NA]NA"
"Q000001",2,"2","udu[sheep]N niga[fattened]V/i sag[rare]V/i","udu niga sag₁₀",0,"udu[sheep]N_niga[fattened]V/i_sag[rare]V/i"
"P447996",130,"r i 12","šag[heart]N ŋešnimbar[palm]N","{ŋeš}šag₄ ŋešnimbar",0,"šag[heart]N_ŋešnimbar[palm]N"
"P253866",103,"r i 6","illar[weapon]N eban[pair]N","{ŋeš}illar e₂-ba-an-na",0,"illar[weapon]N_eban[pair]N"
"P429504",29,"o iii' 10","peškal[tree]N","{ŋeš}peš-gal",0,"peškal[tree]N"
"Q000001",74,"74","udu[sheep]N sug[empty]V/i","udu sug₄",0,"udu[sheep]N_sug[empty]V/i"
"P247864",149,"o iii 23","{ŋeš}a-RI-a[NA]NA margida[cart]N","{ŋeš}a-RI-a mar-gid₂-da",0,"{ŋeš}a-RI-a[NA]NA_margida[cart]N"
"P346714",46,"r ii 14'","sala[~plow]N apin[plow]N","{ŋeš}sal-la apin",0,"sala[~plow]N_apin[plow]N"
"P459216",41,"ii 9","nurma[pomegranate]N","{ŋeš}nu-ur₂-ma",0,"nurma[pomegranate]N"
"P247864",226,"o iv 37","{ŋeš}x[NA]NA gid[long]V/i ig[door]N","{ŋeš}x gid₂ ig",0,"{ŋeš}x[NA]NA_gid[long]V/i_ig[door]N"
"Q000001",76,"76","udu[sheep]N KI.KAŠ.NI[meal]N","udu KI-KAŠ-NI",0,"udu[sheep]N_KI.KAŠ.NI[meal]N"
"P459217",67,"iii 17","armanu[tree]N","{ŋeš}ar-man-nu-um",0,"armanu[tree]N"
"P272243",14,"o i' 10'","ŋešnimbar[palm]N kud[cut]V/t","{ŋeš}ŋešnimbar kud",0,"ŋešnimbar[palm]N_kud[cut]V/t"
"P247543",5,"o 3","ma[ship]N ninnu[fifty]NU gur[unit]N","{ŋeš}ma₂ ninnu gur",0,"ma[ship]N_ninnu[fifty]NU_gur[unit]N"
"P459216",35,"ii 3","ŋipar[tree]N","{ŋeš}ŋi₆-par₄",0,"ŋipar[tree]N"
"P271911",599,"r iv 54","x[NA]NA","x",0,"x[NA]NA"
"P271911",137,"unknown","unknown","unknown",1,"unknown"
"Q000039",325,"287","ma[ship]N tur[small]V/i","{ŋeš}ma₂ tur",0,"ma[ship]N_tur[small]V/i"
"P459216",9,"i 7","halub[tree]N","{ŋeš}ha-lu-ub₂",0,"halub[tree]N"
"P271771",143,"unknown","unknown","unknown",999,"unknown"
"P271320",65,"unknown","unknown","unknown",2,"unknown"
"P271911",520,"r iii 50","šag[heart]N ninda[bull]N","šag₄ ninda₂",0,"šag[heart]N_ninda[bull]N"
"P250736",259,"r iii 20","šauša[scraper]N","{dug}ša-uš-ša",0,"šauša[scraper]N"
"Q000039",547,"491","zirigum[irrigation-device]N","{ŋeš}zi-ri₂-gum",0,"zirigum[irrigation-device]N"
"Q000039",192,"159","niŋna[incense]N mud[blood]N","{ŋeš}niŋ₂-na mud₂",0,"niŋna[incense]N_mud[blood]N"
"P271301",341,"r ii 25","buniŋ[trough]N tur[small]V/i","{ŋeš}buniŋ₂ tur",0,"buniŋ[trough]N_tur[small]V/i"
"P273880",200,"b i 50'","bulug[needle]N","{ŋeš}bulug",0,"bulug[needle]N"
"P347814",201,"c ii 7","ŋeš[tree]N ba-an-x[NA]NA","ŋeš ba-an-x",0,"ŋeš[tree]N_ba-an-x[NA]NA"
"Q000039",717,"648","gam[crook]N","{ŋeš}kab",0,"gam[crook]N"
"P459217",13,"i 12'","hašhur[apple]N damšelum[plant]N","{ŋeš}hašhur dam-ši-lum",0,"hašhur[apple]N_damšelum[plant]N"
"P447996",154,"r i 36","kita[basket]N ŋešnimbar[palm]N","{ŋeš}kid-da ŋešnimbar",0,"kita[basket]N_ŋešnimbar[palm]N"
"P273880",285,"b iii 9","kaŋeškarak[table]N nita[male]N","{ŋeš}ka-kara₄ nita₂",0,"kaŋeškarak[table]N_nita[male]N"
"P271911",232,"o iv 6","gag[nail]N šum[garlic]N širdili[~garlic]N","gag šum₂ šir-dili",0,"gag[nail]N_šum[garlic]N_širdili[~garlic]N"
"P247864",168,"o iii 42","saŋkul[bolt]N ŋušur[harrow]N","{ŋeš}saŋ-kul gana₂-ur₃",0,"saŋkul[bolt]N_ŋušur[harrow]N"
"P271911",30,"unknown","unknown","unknown",1,"unknown"
"P332939",66,"r ii' 10'","igi[eye]N margida[cart]N","{ŋeš}igi mar-gid₂-da",0,"igi[eye]N_margida[cart]N"
"P388265",106,"iv 23","igi[eye]N ŋešnimbar[palm]N","{ŋeš}igi ŋešnimbar",0,"igi[eye]N_ŋešnimbar[palm]N"
"P273880",383,"b iv 50","kakpana[arrow]N","{ŋeš}kak-pana",0,"kakpana[arrow]N"
"P273880",354,"b iv 17","{ŋeš}AN-x[NA]NA","{ŋeš}AN-x",0,"{ŋeš}AN-x[NA]NA"
"P247864",8,"o i 5","taškarin[boxwood]N","{ŋeš}taškarin",0,"taškarin[boxwood]N"
"P247864",148,"o iii 22","{ŋeš}gub-ba[NA]NA margida[cart]N","{ŋeš}gub-ba mar-gid₂-da",0,"{ŋeš}gub-ba[NA]NA_margida[cart]N"
"P271301",387,"r iii 20","si[horn]N ma[ship]N","{ŋeš}si ma₂",0,"si[horn]N_ma[ship]N"
"P459216",110,"r i 15'","{ŋeš}x[NA]NA","{ŋeš}x",0,"{ŋeš}x[NA]NA"
"P253233",23,"o ii 6","banmin[vessel]N","{ŋeš}{+ba-an}banmin",0,"banmin[vessel]N"
"P273880",414,"c i 17","niŋgul[hatchet]N","{ŋeš}niŋ₂-gul",0,"niŋgul[hatchet]N"
"Q000039",270,"234","banšur[table]N","{ŋeš}banšur",0,"banšur[table]N"
"P235262",31,"unknown","unknown","unknown",4,"unknown"
"P253887",11,"r 3","ma[ship]N x[NA]NA gur[unit]N","ma₂ x gur",0,"ma[ship]N_x[NA]NA_gur[unit]N"
"Q000001",191,"191","gud[ox]N hunu[weak]V/i","gud hu-nu",0,"gud[ox]N_hunu[weak]V/i"
"P271771",89,"o v 19","suhur[tuft]N x[NA]NA","{ŋeš}suhur x",0,"suhur[tuft]N_x[NA]NA"
"P346714",172,"r v 08'","mar[shovel]N gi[reed]N","{ŋeš}mar gi",0,"mar[shovel]N_gi[reed]N"
"P273880",252,"b ii 45","ŋeš[tree]N šušana[fraction]N sila[unit]N","ŋeš šušana sila₃",0,"ŋeš[tree]N_šušana[fraction]N_sila[unit]N"
"P247864",436,"o vii 55'","guza[chair]N {ŋeš}x[NA]NA","{ŋeš}gu-za {ŋeš}x",0,"guza[chair]N_{ŋeš}x[NA]NA"
"P253233",15,"o i 9","dilim[spoon]N banšur[table]N","{ŋeš}dilim₂ banšur",0,"dilim[spoon]N_banšur[table]N"
"P346714",162,"r iv 45'","{ŋeš}x[NA]NA burud[perforate]V/t","{ŋeš}x burudₓ(U)-burudₓ(U)",0,"{ŋeš}x[NA]NA_burud[perforate]V/t"
"Q000039",640,"574","gidim[fork]N","{ŋeš}gi₂-dim",0,"gidim[fork]N"
"P273880",340,"b iv 3","zamin[lyre]N","{ŋeš}za₃-mi₂",0,"zamin[lyre]N"
"P273880",79,"a iii 10'","e[house]N gigir[chariot]N","{ŋeš}e₂ gigir",0,"e[house]N_gigir[chariot]N"
"P247864",52,"o i 49","peš[fig]N","{ŋeš}peš₃",0,"peš[fig]N"
"P250736",60,"o ii 34","dur[bond]N mušendu[bird-catcher]N","{gi}dur mušen-du₃",0,"dur[bond]N_mušendu[bird-catcher]N"
"P247864",135,"o iii 9","apin[plow]N 2[NA]NA gud[ox]N","{ŋeš}apin 2 gud",0,"apin[plow]N_2[NA]NA_gud[ox]N"
"P271911",624,"r v 3'","ŋeš[tree]N šuniŋin[total]N","ŋeš šu-niŋ₂-niŋin₂",0,"ŋeš[tree]N_šuniŋin[total]N"
"P332934",249,"o iv 20'","{ŋeš}šid[NA]NA saŋ-KEŠ[NA]NA","{ŋeš}šid saŋ-KEŠ",0,"{ŋeš}šid[NA]NA_saŋ-KEŠ[NA]NA"
"P370399",171,"o v 25'","{ŋeš}tur[NA]NA UD-HUB₂-x[NA]NA","{ŋeš}tur UD-HUB₂-x",0,"{ŋeš}tur[NA]NA_UD-HUB₂-x[NA]NA"
"P273880",264,"b ii 57","epig[drinking-vessel]N diš[one]NU ma-na[NA]NA","{ŋeš}epig diš ma-na",0,"epig[drinking-vessel]N_diš[one]NU_ma-na[NA]NA"
"P332934",187,"o iii 23","ŋešnimbar[palm]N uhin[date]N šag[heart]N ud[sun]N","{ŋeš}ŋešnimbar u₄-hi-in šag₄ ud",0,"ŋešnimbar[palm]N_uhin[date]N_šag[heart]N_ud[sun]N"
"P459217",39,"ii 15'","manu[wood]N","{ŋeš}ma-nu",0,"manu[wood]N"
"P370399",38,"o ii 11'","{ŋeš}gur₂-gur₂-x[NA]NA","{ŋeš}gur₂-gur₂-x",0,"{ŋeš}gur₂-gur₂-x[NA]NA"
"P271911",606,"r v 2","ganum[stand]N kaš[beer]N","ŋa₂-an-nu kaš",0,"ganum[stand]N_kaš[beer]N"
"P429503",170,"r iii' 13'","{ŋeš}ta-ta[NA]NA margida[cart]N","{ŋeš}ta-ta mar-gid₂-da",0,"{ŋeš}ta-ta[NA]NA_margida[cart]N"
"P273880",181,"b i 31'","{ŋeš}x-x[NA]NA us[follow]V/t ŋešnud[bed]N","{ŋeš}x-x us₂ nud",0,"{ŋeš}x-x[NA]NA_us[follow]V/t_ŋešnud[bed]N"
"P332934",350,"r iv 7","gigir[chariot]N zabar[bronze]N ŋar[place]V/t","{ŋeš}gigir zabar ŋar",0,"gigir[chariot]N_zabar[bronze]N_ŋar[place]V/t"
"Q000001",73,"73","udu[sheep]N ŋissu[shade]N","udu ŋissu",0,"udu[sheep]N_ŋissu[shade]N"
"P370399",46,"o ii 19'","{ŋeš}U.PIRIG-x[NA]NA","{ŋeš}U.PIRIG-x",0,"{ŋeš}U.PIRIG-x[NA]NA"
"P271301",15,"o i 12","šagkal[tree]N","{ŋeš}šag₄-kal",0,"šagkal[tree]N"
"Q000039",116,"94","tubala[harness]N ŋešnimbar[palm]N","{ŋeš}tubaₓ(TUG₂) ŋešnimbar",0,"tubala[harness]N_ŋešnimbar[palm]N"
"P447996",177,"r ii 14","ma[ship]N gal[big]V/i","{ŋeš}ma₂ gal-gal",0,"ma[ship]N_gal[big]V/i"
"P459217",133,"r i 20'","arina[madder]N","{ŋeš}i-ri₉-na",0,"arina[madder]N"
"P433291",4,"o 3","lamgal[nut]N","{ŋeš}lam-gal",0,"lamgal[nut]N"
"Q000039",234,"198","guza[chair]N gar[knob]N kuš[skin]N ŋar[place]V/t","{ŋeš}gu-za gar₃ kuš ŋar",0,"guza[chair]N_gar[knob]N_kuš[skin]N_ŋar[place]V/t"
"P347814",263,"d i 18'","sigsig[musical-instrument]N eban[pair]N","{ŋeš}sig₃-sig₃ e₂-ba-an-na",0,"sigsig[musical-instrument]N_eban[pair]N"
"P459216",125,"r ii 10'","banšurzagŋara[table]N","{ŋeš}banšur-zag-ŋar-ra",0,"banšurzagŋara[table]N"
"P273880",618,"c iv 52","ellag[ball]N","{ŋeš}ellag",0,"ellag[ball]N"
"P273880",406,"c i 9","tukul[weapon]N šu[hand]N","{ŋeš}tukul šu",0,"tukul[weapon]N_šu[hand]N"
"Q000039",223,"188","guza[chair]N silim[healthy]V/i","{ŋeš}gu-za silim",0,"guza[chair]N_silim[healthy]V/i"
"P247864",226,"o iv 37","{ŋeš}x[NA]NA gid[long]V/i ig[door]N","{ŋeš}x gid₂ ig",0,"{ŋeš}x[NA]NA_gid[long]V/i_ig[door]N"
"P229426",7,"o 6","laʾu[arrears]N la-u₂[NA]NA |LAL₂.KAK|[NA]NA","laʾu₄ la-u₂ |LAL₂.KAK|",0,"laʾu[arrears]N_la-u₂[NA]NA_|LAL₂.KAK|[NA]NA"
"P459217",116,"r i 2'","šušum[licorice]N","{ŋeš}šušin",0,"šušum[licorice]N"
"Q000039",30,"25c","usuh[tree]N a[water]N de[pour]V/t","{ŋeš}u₃-suh₅ a de₂",0,"usuh[tree]N_a[water]N_de[pour]V/t"
"P271301",417,"r iii 50","gabar[herder]N","{ŋeš}ka-bar",0,"gabar[herder]N"
"P253233",45,"r i 13'","{ŋeš}PA-da[NA]NA","{ŋeš}PA-da",0,"{ŋeš}PA-da[NA]NA"
"P459217",68,"iii 18","arganum[conifer]N","{ŋeš}ar-ga-nu-um",0,"arganum[conifer]N"
"P346714",40,"r ii 08'","eme[tongue]N apin[plow]N","{ŋeš}eme apin",0,"eme[tongue]N_apin[plow]N"
"P273880",429,"c i 34","guru[store]N","{ŋeš}guru₇",0,"guru[store]N"
"P459216",152,"r iii 19'","madu[~boat]N","{ŋeš}ma₂-du₃",0,"madu[~boat]N"
"P247864",192,"o iv 3","{ŋeš}KA-x[NA]NA gigir[chariot]N","{ŋeš}KA-x gigir",0,"{ŋeš}KA-x[NA]NA_gigir[chariot]N"
"P271771",116,"r ii 3'","banšur[table]N saŋdu[head]N","{ŋeš}banšur saŋ-du",0,"banšur[table]N_saŋdu[head]N"
"P273880",125,"a iv 13'","mud[tube]N x[NA]NA","{ŋeš}mud x",0,"mud[tube]N_x[NA]NA"
"P271911",63,"o i 43'","saŋdu[beam]N kita[lower]AJ","sag-du ki-ta",0,"saŋdu[beam]N_kita[lower]AJ"
"P271301",60,"o ii 8","šennur[plum]N","{ŋeš}šennur",0,"šennur[plum]N"
"P228683",7,"r 4","hašhur[apple]N šeʾeštub[barley]N","{ŋeš}hašhur še-eštub",0,"hašhur[apple]N_šeʾeštub[barley]N"
"P271911",577,"r iv 37","niŋšuluh[cleaning-equipment]N","niŋ-šu-luh-ha",0,"niŋšuluh[cleaning-equipment]N"
"P271301",45,"o i 42","hašhur[apple]N armanu[tree]N","{ŋeš}hašhur ar-ma-nu-um",0,"hašhur[apple]N_armanu[tree]N"
"Q000039",464,"415","ŋešgina[~loom]N","{ŋeš}niŋ₂-gi-na",0,"ŋešgina[~loom]N"
"P447996",10,"o iii 6'","allanum[oak]N","{ŋeš}al-la-nu-um",0,"allanum[oak]N"
"P247864",359,"o vi 43","{ŋeš}LAGAB[NA]NA x[NA]NA x[NA]NA","{ŋeš}LAGAB x x",0,"{ŋeš}LAGAB[NA]NA_x[NA]NA_x[NA]NA"
"P346714",91,"r iii 13'","x[NA]NA","x",0,"x[NA]NA"
"P271771",79,"o v 9","{ŋeš}saŋ-SAG-UR[NA]NA","{ŋeš}saŋ-SAG-UR",0,"{ŋeš}saŋ-SAG-UR[NA]NA"
"P247864",86,"o ii 23","zulum[date]N","zu₂-lum",0,"zulum[date]N"
"P347814",106,"b i 36'","x[NA]NA x-ra-kam[NA]NA","x x-ra-kam",0,"x[NA]NA_x-ra-kam[NA]NA"
"P271911",433,"r ii 37","x[NA]NA","x",0,"x[NA]NA"
"P273880",197,"b i 47'","saŋdu[beam]N","{ŋeš}saŋ-du",0,"saŋdu[beam]N"
"P271911",123,"o ii 44","gur[rim]N bandudu[basket]N","gur₂ ba-an-du₈",0,"gur[rim]N_bandudu[basket]N"
"P389437",4,"o 3","ŋeš[tree]N min[two]NU giŋ[unit]N","ŋeš min giŋ₄",0,"ŋeš[tree]N_min[two]NU_giŋ[unit]N"
"P247864",62,"o i 59","šenu[tree]N","{ŋeš}še-nud-a",0,"šenu[tree]N"
"P370399",106,"o iv 3'","margida[cart]N x[NA]NA","{ŋeš}mar-gid₂-da x",0,"margida[cart]N_x[NA]NA"
"P250363",23,"r 10","{ŋeš}nam-ba-x[NA]NA","{ŋeš}nam-ba-x",0,"{ŋeš}nam-ba-x[NA]NA"
"P437074",90,"b ii 14''","guza[chair]N zag[side]N us[follow]V/t","{ŋeš}gu-za zag us₂",0,"guza[chair]N_zag[side]N_us[follow]V/t"
"P253866",38,"o ii 2'","gag[nail]N šibir[staff]N","{ŋeš}gag šibir",0,"gag[nail]N_šibir[staff]N"
"P432448",8,"o 2'","esi[tree]N","{ŋeš}esi",0,"esi[tree]N"
"P332930",18,"b.e. 2","ma[ship]N kud[cut]V/t","{ŋeš}ma₂ kud",0,"ma[ship]N_kud[cut]V/t"
"Q000039",485,"434","ŋešpu[rim]N","ŋeš-bu",0,"ŋešpu[rim]N"
"P459784",8,"unknown","unknown","unknown",2,"unknown"
"Q000039",696,"627a","ebir[vessel-stand]N dug[pot]N imin[seven]NU","{ŋeš}ebir dug imin",0,"ebir[vessel-stand]N_dug[pot]N_imin[seven]NU"
"P273880",480,"c ii 24","ma[ship]N peš[thick]V/i","{ŋeš}ma₂ peš-peš",0,"ma[ship]N_peš[thick]V/i"
"P250736",260,"r iii 21","zagšela[container]N","{dug}zag-še₃-la₂",0,"zagšela[container]N"
"Q000001",188,"188","gud[ox]N gunu[speckled]V/i","gud gun₃",0,"gud[ox]N_gunu[speckled]V/i"
"P253866",91,"o iii 24'","ešgiri[staff]N šudu[equipped]AJ","ŋeš-kiri₃ šu-du₇",0,"ešgiri[staff]N_šudu[equipped]AJ"
"P250736",321,"r iv 39","bad[wall]N bar[outside]V/t","bad₃ bar",0,"bad[wall]N_bar[outside]V/t"
"Q000039",624,"558","gagsisa[arrow]N","{ŋeš}gag-si-sa₂",0,"gagsisa[arrow]N"
"P273880",146,"a iv 43'","guza[chair]N sirda[cnne]N","{ŋeš}gu-za sir₃-da",0,"guza[chair]N_sirda[cnne]N"
"P253228",42,"r i 6","ŋipar[tree]N ah[dry]V/i","{ŋeš}ŋi₆-par₄ e₃",0,"ŋipar[tree]N_ah[dry]V/i"
"P388265",12,"i 14","girinum[plant]N","{ŋeš}gi-ri-num₂",0,"girinum[plant]N"
"Q000039",585,"526","ŋeš[tree]N diš[one]NU giŋ[unit]N","ŋeš diš giŋ₄",0,"ŋeš[tree]N_diš[one]NU_giŋ[unit]N"
"P388265",263,"r iv 3","{ŋeš}x-x[NA]NA","{ŋeš}x-x",0,"{ŋeš}x-x[NA]NA"
"P332939",53,"r i' 12'","gigir[chariot]N x[NA]NA","{ŋeš}gigir x",0,"gigir[chariot]N_x[NA]NA"
"Q000039",302,"265","ma[ship]N","{ŋeš}ma₂",0,"ma[ship]N"
"P332930",25,"r 4","ma[ship]N dirig[float]V/i","{ŋeš}ma₂ dirig",0,"ma[ship]N_dirig[float]V/i"
"P437074",136,"c i 1'","ŋirigub[footstool]N","{ŋeš}ŋiri₃-gub",0,"ŋirigub[footstool]N"
"P388265",263,"r iv 3","{ŋeš}x-x[NA]NA","{ŋeš}x-x",0,"{ŋeš}x-x[NA]NA"
"P273880",701,"d ii 44'","{ŋeš}šu-x[NA]NA","{ŋeš}šu-x",0,"{ŋeš}šu-x[NA]NA"
"P271301",77,"o ii 25","manu[wood]N","{ŋeš}ma-nu",0,"manu[wood]N"
"P459219",2,"1","{ŋeš}GIR₂[NA]NA x[NA]NA","{ŋeš}GIR₂ x",0,"{ŋeš}GIR₂[NA]NA_x[NA]NA"
"P388563",3,"o 2","anzam[vessel]N apin[plow]N","{ŋeš}an-za-am apin",0,"anzam[vessel]N_apin[plow]N"
"P247864",336,"o vi 20","pana[bow]N x-a[NA]NA","{ŋeš}pana x-a",0,"pana[bow]N_x-a[NA]NA"
"P271911",11,"o i 5'","ig[door]N eren[cedar]N","ig {ŋeš}eren",0,"ig[door]N_eren[cedar]N"
"P271301",338,"r ii 22","u[planking]N kuŋ[stair]N","{ŋeš}u₅ kun₄",0,"u[planking]N_kuŋ[stair]N"
"P437074",115,"b iii 1''","{ŋeš}x[NA]NA","{ŋeš}x",0,"{ŋeš}x[NA]NA"
"Q000001",477,"474","uzu[flesh]N nikid[~food]N","uzu ni₂-kid₂",0,"uzu[flesh]N_nikid[~food]N"
"Q000039",39,"32","lamtur[nut]N","{ŋeš}lam-tur",0,"lamtur[nut]N"
"Q000039",554,"498","tukul[weapon]N ur[root]N","{ŋeš}tukul ur₂",0,"tukul[weapon]N_ur[root]N"
"P247864",64,"o ii 1","asal[poplar]N","{ŋeš}asal₂",0,"asal[poplar]N"
"Q000001",346,"346","nim[fly]N urmah[lion]N","nim ur-mah",0,"nim[fly]N_urmah[lion]N"
"Q000039",634,"568","aga.DUN₃@g.ma[ax]N","{ŋeš}aga-DUN₃@g-ma",0,"aga.DUN₃@g.ma[ax]N"
"P271549",12,"7'","x[NA]NA","x",0,"x[NA]NA"
"P271911",371,"r i 54'","endur[navel?]N mar[shovel]N","en₃-dur mar",0,"endur[navel?]N_mar[shovel]N"
"P459216",131,"r ii 23'","{ŋeš}x[NA]NA","{ŋeš}x",0,"{ŋeš}x[NA]NA"
"P253230",28,"o ii 6","apin[plow]N šu[hand]N","{ŋeš}apin šu",0,"apin[plow]N_šu[hand]N"
"P271301",213,"o iv 47","zarlamtum[plant]N","{ŋeš}zar-lam-tum",0,"zarlamtum[plant]N"
"P437074",171,"c ii 4'","buniŋ[trough]N","{ŋeš}buniŋ",0,"buniŋ[trough]N"
"Q000039",19,"17","šeše[tree]N","{ŋeš}še-še",0,"šeše[tree]N"
"P247864",365,"o vi 49","dilim[spoon]N gal[big]V/i","{ŋeš}dilim₂ gal",0,"dilim[spoon]N_gal[big]V/i"
"P492330",43,"r ii 1'","x[NA]NA","x",0,"x[NA]NA"
"P273880",471,"c ii 15","mete[appropriate-thing]N ma[ship]N","{ŋeš}me-te ma₂",0,"mete[appropriate-thing]N_ma[ship]N"
"P388265",182,"r ii 9","mud[tube]N margida[cart]N","{ŋeš}mud mar-gid₂-da",0,"mud[tube]N_margida[cart]N"
"P271911",614,"r v 11","alan[statue]N","alan",0,"alan[statue]N"
"P388265",293,"r iv 33","tugtug[~loom]N","{ŋeš}tug₂-tug₂",0,"tugtug[~loom]N"
"P271911",12,"o i 6'","ig[door]N šurmen[cypress]N","ig {ŋeš}šu-ur₂-min₃",0,"ig[door]N_šurmen[cypress]N"
"P271911",403,"r ii 16","zamin[lyre]N","za₃-mi₂",0,"zamin[lyre]N"
"Q000001",398,"397","bizaza[frog]N gu[voice]N","bil₂-za-za gu₃",0,"bizaza[frog]N_gu[voice]N"
"P250364",121,"r ii 6'","kunsig[bristle]N","{ŋeš}kun-zi",0,"kunsig[bristle]N"
"P253866",38,"o ii 2'","gag[nail]N šibir[staff]N","{ŋeš}gag šibir",0,"gag[nail]N_šibir[staff]N"
"P370399",79,"o iii 18'","{ŋeš}x-x[NA]NA","{ŋeš}x-x",0,"{ŋeš}x-x[NA]NA"
"P271911",528,"r iii 56","bu-zu₃-tum[NA]NA","bu-zu₃-tum",0,"bu-zu₃-tum[NA]NA"
"Q000039",555,"499","tukul[weapon]N kun[tail]N","{ŋeš}tukul kun",0,"tukul[weapon]N_kun[tail]N"
"P429503",58,"o ii 27","x-sig₇[NA]NA","x-sig₇",0,"x-sig₇[NA]NA"
"P250364",136,"r iii 2'","{ŋeš}x[NA]NA","{ŋeš}x",0,"{ŋeš}x[NA]NA"
"P429505",7,"5'","ŋešnimbar[palm]N šeŋ[cook]V/t","{ŋeš}ŋešnimbar šeŋ₆",0,"ŋešnimbar[palm]N_šeŋ[cook]V/t"
"P271301",42,"o i 39","hašhur[apple]N","{ŋeš}hašhur",0,"hašhur[apple]N"
"P332934",190,"o iii 26","ŋešnimbar[palm]N uhin[date]N su[red]V/i","{ŋeš}ŋešnimbar u₄-hi-in su₄",0,"ŋešnimbar[palm]N_uhin[date]N_su[red]V/i"
"P459220",2,"1","ig[door]N","{ŋeš}ig",0,"ig[door]N"
"P250736",25,"o i 21","gi[reed]N x[NA]NA","gi x",0,"gi[reed]N_x[NA]NA"
"P253866",86,"o iii 19'","ba[tool]N šab[cut]V/t","{ŋeš}ba šab",0,"ba[tool]N_šab[cut]V/t"
"P271911",609,"unknown","unknown","unknown",4,"unknown"
"P370399",86,"o iii 25'","kaŋeškarak[table]N x[NA]NA","{ŋeš}ka-ŋeš-kara₄ x",0,"kaŋeškarak[table]N_x[NA]NA"
"P429503",176,"r iii' 19'","gag[nail]N x-x[NA]NA","{ŋeš}gag x-x",0,"gag[nail]N_x-x[NA]NA"
"P273880",290,"b iii 14","naŋa[mortar]N ŋeši[sesame]N","{ŋeš}naŋa₃ {še}ŋeš-i₃",0,"naŋa[mortar]N_ŋeši[sesame]N"
"P271911",65,"o i 44'","kura[~loom]N","kur₄-ra",0,"kura[~loom]N"
"P247864",192,"o iv 3","{ŋeš}KA-x[NA]NA gigir[chariot]N","{ŋeš}KA-x gigir",0,"{ŋeš}KA-x[NA]NA_gigir[chariot]N"
"P346714",101,"r iii 23'","ŋešrin[scales]N","ŋeš-rin₂",0,"ŋešrin[scales]N"
"Q000039",640,"574","gidim[fork]N","{ŋeš}gi₂-dim",0,"gidim[fork]N"
"Q000039",207,"173","guza[chair]N namen[priesthood]N","{ŋeš}gu-za nam-en",0,"guza[chair]N_namen[priesthood]N"
"P299509",3,"3","ŋešnud[bed]N kinud[bedroom]N","ŋeš-nud ki-nud",0,"ŋešnud[bed]N_kinud[bedroom]N"
"Q000039",564,"507","udug[weapon]N saŋ[head]N ninnu[fifty]NU","{ŋeš}udug₂ saŋ ninnu",0,"udug[weapon]N_saŋ[head]N_ninnu[fifty]NU"
"Q000039",75,"58","zirdum[olive]N","{ŋeš}zi-ir-dum",0,"zirdum[olive]N"
"P271911",607,"r v 3","ganum[stand]N i[oil]N","ŋa₂-an-nu i₃",0,"ganum[stand]N_i[oil]N"
"Q000001",266,"266","muš[snake]N ušumgal[dragon]N","muš ušumgal",0,"muš[snake]N_ušumgal[dragon]N"
"P459216",161,"r iii 28'","ma[ship]N 15[NA]NA gur[unit]N","{ŋeš}ma₂ 15 gur",0,"ma[ship]N_15[NA]NA_gur[unit]N"
"P228596",9,"9","matgan[stand]N","{ŋeš}ma-at-gan",0,"matgan[stand]N"
"Q000039",667,"601","alŋar[instrument]N","{ŋeš}al-ŋar",0,"alŋar[instrument]N"
"P437074",22,"a iii 4'","ŋešnimbar[palm]N lul[false]V/i","{ŋeš}ŋešnimbar lulₓ(|LUL.A|)",0,"ŋešnimbar[palm]N_lul[false]V/i"
"P250736",119,"o iv 12","bisaŋ[basket]N eša[flour]N","{gi}bisaŋ eša",0,"bisaŋ[basket]N_eša[flour]N"
"Q000039",245,"209","šuʾa[stool]N kaskal[way]N","{ŋeš}šu₂-a kaskal",0,"šuʾa[stool]N_kaskal[way]N"
"Q000001",210,"210","ab[cow]N ubur[breast]N","ab₂ ubur(|DAG.KISIM₅×GA|)",0,"ab[cow]N_ubur[breast]N"
"P253230",6,"o i 2","apin[plow]N šudu[equipped]AJ","{ŋeš}apin šu-du₇",0,"apin[plow]N_šudu[equipped]AJ"
"P273880",31,"a i 47'","{ŋeš}x-a-x-x[NA]NA","{ŋeš}x-a-x-x",0,"{ŋeš}x-a-x-x[NA]NA"
"P273880",470,"c ii 14","ma[ship]N tur[small]V/i","{ŋeš}ma₂ tur",0,"ma[ship]N_tur[small]V/i"
"P332934",244,"o iv 15'","maš[plant]N","{ŋeš}maš-maš",0,"maš[plant]N"
"P349893",8,"8","{ŋeš}BU[NA]NA x-x[NA]NA","{ŋeš}BU x-x",0,"{ŋeš}BU[NA]NA_x-x[NA]NA"
"P388265",7,"i 9","mes.TU[tree]N","{ŋeš}mes-TU",0,"mes.TU[tree]N"
"P273880",189,"b i 39'","ŋešnud[bed]N siki[hair]N uzud[goat]N sig[put]V/t","ŋeš-nud siki uzud sig₁₀",0,"ŋešnud[bed]N_siki[hair]N_uzud[goat]N_sig[put]V/t"
"P388265",285,"r iv 25","ig[door]N papah[cella]N","{ŋeš}ig pap-pah",0,"ig[door]N_papah[cella]N"
"P459217",51,"iii 1","mes[tree]N Meluhha[1]GN","{ŋeš}mes me-luh-ha",0,"mes[tree]N_Meluhha[1]GN"
"Q000039",743,"unknown","unknown","unknown",1,"unknown"
"Q000039",542,"486","ušub[brick-mold]N šeg[brick]N alura[baked]AJ","{ŋeš}u₃-šub šeg₁₂ al-ur₅-ra",0,"ušub[brick-mold]N_šeg[brick]N_alura[baked]AJ"
"P347814",70,"a ii 41'","{ŋeš}balaŋ-x[NA]NA","{ŋeš}balaŋ-x",0,"{ŋeš}balaŋ-x[NA]NA"
"P251686",12,"unknown","unknown","unknown",2,"unknown"
"P370399",76,"o iii 15'","banšur[table]N mul[star]N","{ŋeš}banšur mul",0,"banšur[table]N_mul[star]N"
"P273880",459,"c ii 3","ŋisal[rudder]N ŋiri[foot]N","{ŋeš}ŋisal ŋiri₃",0,"ŋisal[rudder]N_ŋiri[foot]N"
"P250736",33,"o ii 5","enbar[reed]N adagur[pot]N","{gi}en₃-bar a-da-gur",0,"enbar[reed]N_adagur[pot]N"
"P271301",7,"o i 4","esi[tree]N x[NA]NA","{ŋeš}esi x",0,"esi[tree]N_x[NA]NA"
"P273880",531,"c iii 16","{ŋeš}x-x[NA]NA ŋešnimbar[palm]N","{ŋeš}x-x ŋešnimbar",0,"{ŋeš}x-x[NA]NA_ŋešnimbar[palm]N"
"P347814",126,"b ii 10'","usakar[moon]N","{ŋeš}u₄-sakar",0,"usakar[moon]N"
"P271771",29,"o iii 6","eren[cedar]N","{ŋeš}eren",0,"eren[cedar]N"
"P388265",189,"r ii 16","nukirik[gardener]N ŋušur[harrow]N","{ŋeš}nu-kiri₆ gana₂-ur₃",0,"nukirik[gardener]N_ŋušur[harrow]N"
"P370399",78,"o iii 17'","banšur[table]N x-ga[NA]NA","{ŋeš}banšur x-ga",0,"banšur[table]N_x-ga[NA]NA"
"P332934",79,"o i 23'","ildag[poplar]N tur[small]V/i","{ŋeš}ildag₂ tur",0,"ildag[poplar]N_tur[small]V/i"
"Q000039",101,"80","ŋešnimbar[palm]N sissig[green]V/i šeŋ[cook]V/t","{ŋeš}ŋešnimbar sig₇-sig₇ šeŋ₆",0,"ŋešnimbar[palm]N_sissig[green]V/i_šeŋ[cook]V/t"
"Q000001",225,"225","amar[young]N ga[milk]N gu[eat]V/t","amar ga gu₇",0,"amar[young]N_ga[milk]N_gu[eat]V/t"
"P297195",4,"o 3","{ŋeš}x[NA]NA","{ŋeš}x",0,"{ŋeš}x[NA]NA"
"P332939",10,"o i 7","ŋešgana[tree]N babbar[white]V/i","ŋeš-kin₂ babbar",0,"ŋešgana[tree]N_babbar[white]V/i"
"P459216",38,"ii 6","manu[wood]N šu[hand]N ak[do]V/t","{ŋeš}ma-nu šu ak",0,"manu[wood]N_šu[hand]N_ak[do]V/t"
"P253228",27,"o ii 8","saŋkul[bolt]N gigir[chariot]N","{ŋeš}sag-gul gigir",0,"saŋkul[bolt]N_gigir[chariot]N"
"P459216",51,"ii 19","šennur[plum]N","{ŋeš}šennur",0,"šennur[plum]N"
"P492330",32,"r i 2'","{ŋeš}GAR-x[NA]NA","{ŋeš}GAR-x",0,"{ŋeš}GAR-x[NA]NA"
"P271301",128,"o iii 16","ilianum[tree]N","{ŋeš}i-li-ia-nu-um",0,"ilianum[tree]N"
"P250736",141,"o iv 34","gizi[reed]N","gi-zi",0,"gizi[reed]N"
"P388265",425,"t.e. ii 4","gi[thicket]N gub[stand]V/i","{ŋeš}gi gub",0,"gi[thicket]N_gub[stand]V/i"
"P429503",20,"o i 17","ŋeštinkaʾa[grape]N","{ŋeš}ŋeštin-ka₅-a",0,"ŋeštinkaʾa[grape]N"
"P332934",50,"o i 46","hašhur[apple]N peš[fig]N","{ŋeš}hašhur {ŋeš}peš₃",0,"hašhur[apple]N_peš[fig]N"
"Q000039",588,"529","sa[net]N sig[weak]V/i","{ŋeš}sa sig",0,"sa[net]N_sig[weak]V/i"
"P247864",171,"o iii 45","šudul[yoke]N ŋušur[harrow]N","{ŋeš}šu₂-dul₄ gana₂-ur₃",0,"šudul[yoke]N_ŋušur[harrow]N"
"Q000001",202,"202","gud[ox]N gu[neck]N ŋar[place]V/t","gud gu₂ ŋar",0,"gud[ox]N_gu[neck]N_ŋar[place]V/t"
"P271911",422,"unknown","unknown","unknown",1,"unknown"
"Q000039",4,"4","halub[tree]N","{ŋeš}ha-lu-ub₂",0,"halub[tree]N"
"P429503",42,"o ii 11","ildag[poplar]N šitan[water-channel]N","{ŋeš}ildag₂ še-de₂-n·a",0,"ildag[poplar]N_šitan[water-channel]N"
"P432448",20,"o 14'","ŋeštinguruma[~vine]N","{ŋeš}ŋeštin-gurum-ma",0,"ŋeštinguruma[~vine]N"
"P273880",36,"a ii 3'","gag[nail]N x-x[NA]NA apin[plow]N","{ŋeš}gag x-x apin",0,"gag[nail]N_x-x[NA]NA_apin[plow]N"
"P271320",52,"r ii' 1'","{ŋeš}x[NA]NA","{ŋeš}x",0,"{ŋeš}x[NA]NA"
"P271549",16,"unknown","unknown","unknown",999,"unknown"
"P388563",2,"o 1","dubla[tower]N apin[plow]N","{ŋeš}dub-la₂ apin",0,"dubla[tower]N_apin[plow]N"
"P253866",11,"o i 6'","ŋešgina[~loom]N","{ŋeš}niŋ₂-gi-na",0,"ŋešgina[~loom]N"
"P332934",346,"r iv 3","gigir[chariot]N mah[great]V/i","{ŋeš}gigir {d}mah",0,"gigir[chariot]N_mah[great]V/i"
"P247864",114,"o ii 51","{ŋeš}x-x-x[NA]NA","{ŋeš}x-x-x",0,"{ŋeš}x-x-x[NA]NA"
"P271771",54,"o iv 10","dala[thorn]N ŋešnimbar[palm]N","{ŋeš}dala₂ ŋešnimbar",0,"dala[thorn]N_ŋešnimbar[palm]N"
"P388330",6,"o 5","hašhur[apple]N šeŋuš[barley]N","{ŋeš}hašhur še-muš₅",0,"hašhur[apple]N_šeŋuš[barley]N"
"Q000039",445,"396","nukušu[~door]N ana[upper]AJ","{ŋeš}nu-kuš₂-u₃ an-na",0,"nukušu[~door]N_ana[upper]AJ"
"P235262",115,"d ii 20'","{ŋeš}x[NA]NA x[NA]NA","{ŋeš}x x",0,"{ŋeš}x[NA]NA_x[NA]NA"
"P247864",201,"o iv 12","{ŋeš}x[NA]NA","{ŋeš}x",0,"{ŋeš}x[NA]NA"
"P271301",372,"r iii 5","magid[boat]N","{ŋeš}ma₂-gid₂-da",0,"magid[boat]N"
"P271771",37,"o iii 14","zirdum[olive]N","{ŋeš}zi-ir-du",0,"zirdum[olive]N"
"Q000039",423,"378","ig[door]N leʾum[board]N","{ŋeš}ig li",0,"ig[door]N_leʾum[board]N"
"P253233",59,"r ii 9'","{ŋeš}x-x[NA]NA x[NA]NA","{ŋeš}x-x x",0,"{ŋeš}x-x[NA]NA_x[NA]NA"
"Q000039",292,"256","naŋa[mortar]N še[barley]N","{ŋeš}naŋa₃ še",0,"naŋa[mortar]N_še[barley]N"
"Q000001",502,"498","uzu[flesh]N ŋeš[penis]N","uzu ŋeš₃",0,"uzu[flesh]N_ŋeš[penis]N"
"P247864",281,"o v 29","{ŋeš}x-x[NA]NA","{ŋeš}x-x",0,"{ŋeš}x-x[NA]NA"
"P459216",73,"iii 12","{ŋeš}x-na[NA]NA ŋešnimbar[palm]N","{ŋeš}x-na ŋešnimbar",0,"{ŋeš}x-na[NA]NA_ŋešnimbar[palm]N"
"P447996",79,"o v 4","hašhur[apple]N damšelum[plant]N","{ŋeš}hašhur dam-ši-lum",0,"hašhur[apple]N_damšelum[plant]N"
"P459218",91,"o iv 9","{ŋeš}x[NA]NA","{ŋeš}x",0,"{ŋeš}x[NA]NA"
"P273880",231,"b ii 20","garig[comb]N","{ŋeš}ga-rig₂",0,"garig[comb]N"
"P332934",188,"o iii 24","ŋešnimbar[palm]N uhin[date]N babbar[white]V/i","{ŋeš}ŋešnimbar u₄-hi-in babbar",0,"ŋešnimbar[palm]N_uhin[date]N_babbar[white]V/i"
"P347814",242,"unknown","unknown","unknown",1,"unknown"
"Q000001",165,"165","sila[lamb]N ga[milk]N naŋ[drink]V/t","sila₄ ga naŋ",0,"sila[lamb]N_ga[milk]N_naŋ[drink]V/t"
"P447996",192,"r ii 29","magurgur[large-boat]N","{ŋeš}ma₂-gur-gur",0,"magurgur[large-boat]N"
"P346714",39,"r ii 07'","ama[mother]N apin[plow]N","{ŋeš}ama apin",0,"ama[mother]N_apin[plow]N"
"P271301",286,"r i 14","na[box]N tur[small]V/i","{ŋeš}na tur",0,"na[box]N_tur[small]V/i"
"P235262",42,"c ii 18'","kuŋ[stair]N bad[wall]N","{ŋeš}kuŋ₅ bad₃",0,"kuŋ[stair]N_bad[wall]N"
"P273880",406,"c i 9","tukul[weapon]N šu[hand]N","{ŋeš}tukul šu",0,"tukul[weapon]N_šu[hand]N"
"P459218",39,"o ii 19'","saŋ[head]N balak[spindle]N","{ŋeš}saŋ balak",0,"saŋ[head]N_balak[spindle]N"
"P272243",28,"r i 9","ŋešnimbar[palm]N ŋal[be]V/i","{ŋeš}ŋešnimbar ŋal₂",0,"ŋešnimbar[palm]N_ŋal[be]V/i"
"P250736",15,"o i 11","gi[reed]N gal[big]V/i","gi gal-gal",0,"gi[reed]N_gal[big]V/i"
"Q000001",130,"130","uzud[goat]N ŋeš[penis]N zu[know]V/t","uzud ŋeš₃ zu",0,"uzud[goat]N_ŋeš[penis]N_zu[know]V/t"
"P271911",206,"o iii 48'","u[ride]V/t ŋušur[harrow]N","u₅ niŋ₂-gan₂-ur₃",0,"u[ride]V/t_ŋušur[harrow]N"
"P247864",243,"o iv 54","dim[post]N","{ŋeš}dim",0,"dim[post]N"
"P388265",397,"r vi 38","{ŋeš}ma-dim-ma[NA]NA","{ŋeš}ma-dim-ma",0,"{ŋeš}ma-dim-ma[NA]NA"
"P332934",331,"r iii 34'","ŋirigub[footstool]N madu[~boat]N","{ŋeš}ŋiri₃ ma₂-du-uš",0,"ŋirigub[footstool]N_madu[~boat]N"
"P332934",106,"o ii 23","tir[forest]N hašur[tree]N","{ŋeš}tir {ŋeš}ha-šur",0,"tir[forest]N_hašur[tree]N"
"P388265",182,"r ii 9","mud[tube]N margida[cart]N","{ŋeš}mud mar-gid₂-da",0,"mud[tube]N_margida[cart]N"
"P247864",156,"o iii 30","gag[nail]N umbin[wheel]N margida[cart]N","{ŋeš}gag umbin mar-gid₂-da",0,"gag[nail]N_umbin[wheel]N_margida[cart]N"
"P250736",122,"o iv 15","masab[basket]N","{gi}ma-sa₂-ab",0,"masab[basket]N"
"P228096",4,"o i 2","namulum[wooden-object]N","{ŋeš}na-mu-ul-lum",0,"namulum[wooden-object]N"
"P459227",9,"unknown","unknown","unknown",999,"unknown"
"P459225",11,"r i 6'","dimmaršu[instrument]N","{ŋeš}dim₃-mar-šu",0,"dimmaršu[instrument]N"
"P250736",183,"r i 37","gaba[chest]N erim[enemy]N","{gi}gaba erim₂",0,"gaba[chest]N_erim[enemy]N"
"P250736",185,"r i 39","{gi}u₂-ŋiri₃[NA]NA kud[cut]V/t","{gi}u₂-ŋiri₃ kud",0,"{gi}u₂-ŋiri₃[NA]NA_kud[cut]V/t"
"P346714",109,"r iii 31'","al[hoe]N saŋ[head]N ŋal[be]V/i","{ŋeš}al saŋ ŋal₂",0,"al[hoe]N_saŋ[head]N_ŋal[be]V/i"
"P250364",96,"o v 17","{ŋeš}x[NA]NA","{ŋeš}x",0,"{ŋeš}x[NA]NA"
"P332939",42,"r i' 1'","{ŋeš}x[NA]NA","{ŋeš}x",0,"{ŋeš}x[NA]NA"
"P273880",498,"c ii 43","šita[weapon]N ma[ship]N","{ŋeš}šita₄ ma₂",0,"šita[weapon]N_ma[ship]N"
"P429503",130,"r ii' 6'","u[ride]V/t ma[ship]N","{ŋeš}u₅ ma₂",0,"u[ride]V/t_ma[ship]N"
"P459217",58,"iii 8","elammakum[tree]N","{ŋeš}e-lam-ma-kum",0,"elammakum[tree]N"
"Q000001",255,"255","eme[donkey]N šag[heart]N","eme₅ šag₄",0,"eme[donkey]N_šag[heart]N"
"P247864",414,"o vii 33'","aga[ax]N HI-LUM[NA]NA","{ŋeš}aga HI-LUM",0,"aga[ax]N_HI-LUM[NA]NA"
"P447996",138,"r i 20","{ŋeš}x[NA]NA KU-KU[NA]NA ŋešnimbar[palm]N","{ŋeš}x KU-KU ŋešnimbar",0,"{ŋeš}x[NA]NA_KU-KU[NA]NA_ŋešnimbar[palm]N"
"P250736",123,"o iv 16","masab[basket]N šu[hand]N","{gi}ma-sa₂-ab šu",0,"masab[basket]N_šu[hand]N"
"Q000001",342,"342","uman[insect]N ŋušur[beam]N","umanₓ(|HI×AŠ₂|) {ŋeš}ŋušur",0,"uman[insect]N_ŋušur[beam]N"
"P271911",412,"unknown","unknown","unknown",1,"unknown"
"P459217",125,"r i 12'","tulubum[tree]N","{ŋeš}dili-bu-ma",0,"tulubum[tree]N"
"P349173",2,"o 1","ig[door]N maštab[twin]N","{ŋeš}ig maš-tab",0,"ig[door]N_maštab[twin]N"
"P271771",7,"o ii 5","an[sky]N usuh[tree]N","{ŋeš}an u₃-suh₅",0,"an[sky]N_usuh[tree]N"
"P370399",35,"o ii 8'","{ŋeš}GAM-x[NA]NA","{ŋeš}GAM-x",0,"{ŋeš}GAM-x[NA]NA"
"P388265",156,"r i 34","sugin[rot]N","{ŋeš}sugin",0,"sugin[rot]N"
"P271911",141,"unknown","unknown","unknown",1,"unknown"
"P492330",36,"r i 6'","{ŋeš}saŋ-x[NA]NA","{ŋeš}saŋ-x",0,"{ŋeš}saŋ-x[NA]NA"
"P388265",350,"r v 40","kuŋ[stair]N x[NA]NA x[NA]NA","{ŋeš}kuŋ₅ x x",0,"kuŋ[stair]N_x[NA]NA_x[NA]NA"
"P332934",248,"o iv 19'","{ŋeš}saŋ-KEŠ₂[NA]NA","{ŋeš}saŋ-KEŠ₂",0,"{ŋeš}saŋ-KEŠ₂[NA]NA"
"P273880",115,"a iv 3'","nukušu[~door]N kita[lower]AJ","{ŋeš}nu-kuš₂ ki-ta",0,"nukušu[~door]N_kita[lower]AJ"
"P273880",665,"unknown","unknown","unknown",999,"unknown"
"P273880",351,"b iv 14","balaŋ[instrument]N x[NA]NA Išbi-Erra[1]PN","{ŋeš}balaŋ x {d}iš-bi-ir₃-ra",0,"balaŋ[instrument]N_x[NA]NA_Išbi-Erra[1]PN"
"P249794",12,"unknown","unknown","unknown",999,"unknown"
"P429503",91,"unknown","unknown","unknown",999,"unknown"
"Q000039",236,"200","saŋ[head]N guza[chair]N","{ŋeš}saŋ gu-za",0,"saŋ[head]N_guza[chair]N"
"P247864",385,"o vii 4'","ig[door]N x-ne[NA]NA","{ŋeš}ig x-ne",0,"ig[door]N_x-ne[NA]NA"
"P273880",628,"d i 1'","madal[pole]N","{ŋeš}mudla(BU)",0,"madal[pole]N"
"Q000039",4,"4","halub[tree]N","{ŋeš}ha-lu-ub₂",0,"halub[tree]N"
"Q000039",308,"271","ma[ship]N šukud[fisherman]N","{ŋeš}ma₂ šu-HA@g",0,"ma[ship]N_šukud[fisherman]N"
"P271911",507,"r iii 40","x-|URU×GU|-ga[NA]NA","x-|URU×GU|-ga",0,"x-|URU×GU|-ga[NA]NA"
"P247864",129,"o iii 3","kašu[~plow]N apin[plow]N","{ŋeš}ka-šu₂ apin",0,"kašu[~plow]N_apin[plow]N"
"P250736",148,"o iv 41","gi[reed]N x-x[NA]NA","gi x-x",0,"gi[reed]N_x-x[NA]NA"
"Q000039",605,"545","ligima[shoot]N","{ŋeš}ligima(|IGI.TUR.TUR|)",0,"ligima[shoot]N"
"P388265",269,"r iv 9","dilim[spoon]N","{ŋeš}dilim₂",0,"dilim[spoon]N"
"P273880",524,"c iii 9","{ŋeš}x[NA]NA ŋešnimbar[palm]N","{ŋeš}x ŋešnimbar",0,"{ŋeš}x[NA]NA_ŋešnimbar[palm]N"
"P253233",67,"r ii 17'","peš[fig]N kur[mountain]N","{ŋeš}peš₃ kur",0,"peš[fig]N_kur[mountain]N"
"Q000001",429,"428","uzu[flesh]N gag[nail]N ti[rib]N","uzu gag ti",0,"uzu[flesh]N_gag[nail]N_ti[rib]N"
"P250361",8,"o 6'","guza[chair]N ad[log]N","{ŋeš}gu-za ad",0,"guza[chair]N_ad[log]N"
"P332934",347,"r iv 4","gigir[chariot]N Enlil[1]DN","{ŋeš}gigir {d}50",0,"gigir[chariot]N_Enlil[1]DN"
"Q000039",129,"106","asal[poplar]N kur[mountain]N","{ŋeš}asal₂ kur",0,"asal[poplar]N_kur[mountain]N"
"P250736",280,"r iii 41","gir[oven]N mah[great]V/i","gir₄ mah",0,"gir[oven]N_mah[great]V/i"
"P332934",363,"r iv 20","zara[pivot]N gigir[chariot]N","{ŋeš}za-ra gigir",0,"zara[pivot]N_gigir[chariot]N"
"P271792",12,"unknown","unknown","unknown",8,"unknown"
"P370399",182,"o v 36'","{ŋeš}x[NA]NA","{ŋeš}x",0,"{ŋeš}x[NA]NA"
"P429503",78,"o iii 17","ŋešnimbar[palm]N x-x[NA]NA","{ŋeš}ŋešnimbar x-x",0,"ŋešnimbar[palm]N_x-x[NA]NA"
"P250736",319,"r iv 37","bad[wall]N","bad₃",0,"bad[wall]N"
"P247864",4,"o i 1","eren[cedar]N","{ŋeš}eren",0,"eren[cedar]N"
"P332934",196,"o iii 32","ŋešnimbar[palm]N gurum[bend]V/t","{ŋeš}ŋešnimbar gurum",0,"ŋešnimbar[palm]N_gurum[bend]V/t"
"P296528",17,"r v 4'","urzinum[tree]N","{ŋeš}ur-zi-num₂",0,"urzinum[tree]N"
"Q000001",61,"61","udu[sheep]N urri[~sheep]N","udu ur₂-ri-a",0,"udu[sheep]N_urri[~sheep]N"
"P271301",397,"r iii 30","{ŋeš}uš₂[NA]NA madu[~boat]N","{ŋeš}uš₂ ma₂-du₃",0,"{ŋeš}uš₂[NA]NA_madu[~boat]N"
"P271911",28,"o i 19'","x[NA]NA","x",0,"x[NA]NA"
"P271301",306,"r i 34","ŋešnud[bed]N umbin[nail]N sal[thin]V/i","ŋeš-nud umbin sal",0,"ŋešnud[bed]N_umbin[nail]N_sal[thin]V/i"
"P271911",217,"o iii 58'","al[hoe]N zu[tooth]N limmu[four]NU","al zu₂ limmu₂",0,"al[hoe]N_zu[tooth]N_limmu[four]NU"
"Q000039",493,"441","dilim[spoon]N ŋešrin[scales]N","{ŋeš}dilim₂ rin₂",0,"dilim[spoon]N_ŋešrin[scales]N"
"Q000039",264,"228","izzi[wall]N ŋešnud[bed]N","{ŋeš}i-zi nud",0,"izzi[wall]N_ŋešnud[bed]N"
"P388265",291,"r iv 31","miriza[plank]N","{ŋeš}mi-ri₂-za",0,"miriza[plank]N"
"P271911",582,"r iv 41","umbin[nail]N zigan[rudder]N","umbin si-kam₂",0,"umbin[nail]N_zigan[rudder]N"
"P459217",159,"r iii 16","guza[chair]N x[NA]NA","{ŋeš}gu-za x",0,"guza[chair]N_x[NA]NA"
"P332934",41,"o i 37","hašhur[apple]N kur[mountain]N","{ŋeš}hašhur kur",0,"hašhur[apple]N_kur[mountain]N"
"P273880",364,"b iv 31","ešgiri[staff]N","ŋeš-giri₁₉",0,"ešgiri[staff]N"
"P273880",38,"a ii 5'","dubla[tower]N apin[plow]N","{ŋeš}dub-la₂ apin",0,"dubla[tower]N_apin[plow]N"
"P271911",315,"unknown","unknown","unknown",1,"unknown"
"P388265",115,"iv 32","pa[branch]N ŋešnimbar[palm]N","{ŋeš}pa ŋešnimbar",0,"pa[branch]N_ŋešnimbar[palm]N"
"Q000039",119,"97","ŋali[~palm]N ŋešnimbar[palm]N","{ŋeš}ŋa₂-li ŋešnimbar",0,"ŋali[~palm]N_ŋešnimbar[palm]N"
"P224996",4,"o i 1","guza[chair]N","{ŋeš}gu-za",0,"guza[chair]N"
"P271301",143,"o iii 31","ŋešnimbar[palm]N uš[die]V/i","{ŋeš}ŋešnimbar uš₂",0,"ŋešnimbar[palm]N_uš[die]V/i"
"P437074",25,"a iii 7'","šag[heart]N ŋešnimbar[palm]N","{ŋeš}šag₄ ŋešnimbar",0,"šag[heart]N_ŋešnimbar[palm]N"
"P273880",44,"a ii 11'","damga[~plow]N apin[plow]N","{ŋeš}da-ga apin",0,"damga[~plow]N_apin[plow]N"
"P437074",160,"c i 25'","dilim[spoon]N","{ŋeš}dilim₂",0,"dilim[spoon]N"
"Q000039",406,"361","saŋkul[bolt]N margida[cart]N","{ŋeš}saŋ-kul mar-gid₂-da",0,"saŋkul[bolt]N_margida[cart]N"
"P271301",359,"r ii 43","ma[ship]N x[NA]NA","{ŋeš}ma₂ x",0,"ma[ship]N_x[NA]NA"
"P271911",78,"o ii 7","il[basket]N siki[hair]N","il₂ siki",0,"il[basket]N_siki[hair]N"
"Q000039",149,"125","gizulumma[nettle?]N","{ŋeš}gi-zu₂-lum-ma",0,"gizulumma[nettle?]N"
"P447996",160,"r i 42","mud[stump]N ŋešnimbar[palm]N","{ŋeš}mud ŋešnimbar",0,"mud[stump]N_ŋešnimbar[palm]N"
"Q000039",733,"662","{ŋeš}ŋir₃-re[NA]NA","{ŋeš}ŋir₃-re",0,"{ŋeš}ŋir₃-re[NA]NA"
"P273880",254,"b ii 47","ŋeš[tree]N ya[five]NU giŋ[unit]N","ŋeš ia₂ giŋ₄",0,"ŋeš[tree]N_ya[five]NU_giŋ[unit]N"
"P271320",28,"unknown","unknown","unknown",999,"unknown"
"P273880",339,"b iv 2","dim[post]N maršum[bed]N","{ŋeš}dim₃ mar-šu",0,"dim[post]N_maršum[bed]N"
"P271911",220,"o iii 60'","ušub[brick-mold]N","u₃-šub",0,"ušub[brick-mold]N"
"P429503",162,"r iii' 5'","margida[cart]N","{ŋeš}mar-gid₂-da",0,"margida[cart]N"
"P332934",55,"unknown","unknown","unknown",999,"unknown"
"P271911",38,"unknown","unknown","unknown",1,"unknown"
"Q000039",640,"574","gidim[fork]N","{ŋeš}gi₂-dim",0,"gidim[fork]N"
"P253866",79,"o iii 12'","innušugura[chopper]N","{ŋeš}in-nu-šu-gur₁₀-a",0,"innušugura[chopper]N"
"Q000039",35,"29","šimgig[tree]N","{ŋeš}šim-gig",0,"šimgig[tree]N"
"P459216",88,"iv 2'","{ŋeš}x-x[NA]NA","{ŋeš}x-x",0,"{ŋeš}x-x[NA]NA"
"P346714",44,"r ii 12'","muš[snake]N apin[plow]N","{ŋeš}muš apin",0,"muš[snake]N_apin[plow]N"
"P459217",84,"iv 6","{ŋeš}HU[NA]NA ŋešnimbar[palm]N","{ŋeš}HU ŋešnimbar",0,"{ŋeš}HU[NA]NA_ŋešnimbar[palm]N"
"P459217",145,"r ii 14'","sumungi[tool]N","{ŋeš}sumun-gi₄",0,"sumungi[tool]N"
"P388265",144,"r i 22","šudul[yoke]N apin[plow]N","{ŋeš}šu₂-dul₄ apin",0,"šudul[yoke]N_apin[plow]N"
"P250736",126,"o iv 19","masab[basket]N guru[store]N","{gi}ma-sa₂-ab guru₇",0,"masab[basket]N_guru[store]N"
"Q000039",547,"491","zirigum[irrigation-device]N","{ŋeš}zi-ri₂-gum",0,"zirigum[irrigation-device]N"
"P332934",250,"o iv 21'","arina[madder]N","{ŋeš}i-ri-na",0,"arina[madder]N"
"P271301",56,"o ii 4","pa[branch]N usuh[tree]N","{ŋeš}pa u₃-suh₅",0,"pa[branch]N_usuh[tree]N"
"Q000039",321,"283","ma[ship]N niš[twenty]NU gur[unit]N","{ŋeš}ma₂ niš gur",0,"ma[ship]N_niš[twenty]NU_gur[unit]N"
"P271911",359,"r i 43'","mar[shovel]N šerah[shovel]N","mar še-ra-ah",0,"mar[shovel]N_šerah[shovel]N"
"Q000039",717,"648","gam[crook]N","{ŋeš}kab",0,"gam[crook]N"
"P273712",23,"r i 13","ušub[brick-mold]N šeg[brick]N alura[baked]AJ","{ŋeš}u₃-šub šeg₁₂ al-ur₅-ra",0,"ušub[brick-mold]N_šeg[brick]N_alura[baked]AJ"
"P235262",122,"d ii 27'","KI.KAL[bottom]N margida[cart]N","{ŋeš}|KI.KAL| mar-gid₂-da",0,"KI.KAL[bottom]N_margida[cart]N"
"P250736",154,"r i 8","ig[door]N x-x[NA]NA","{gi}ig x-x",0,"ig[door]N_x-x[NA]NA"
"P271911",429,"unknown","unknown","unknown",1,"unknown"
"Q000001",260,"260","eme[donkey]N ŋeš[penis]N zu[know]V/t","eme₅ ŋeš₃ zu",0,"eme[donkey]N_ŋeš[penis]N_zu[know]V/t"
"P271771",103,"r i 9'","na[box]N šu[hand]N","{ŋeš}na šu",0,"na[box]N_šu[hand]N"
"P271911",379,"unknown","unknown","unknown",3,"unknown"
"P271911",322,"unknown","unknown","unknown",1,"unknown"
"P251686",6,"o 3","guza[chair]N zag[side]N us[follow]V/t","{ŋeš}gu-za zag us₂",0,"guza[chair]N_zag[side]N_us[follow]V/t"
"P332930",31,"r 10","ma[ship]N ušu[thirty]NU gur[unit]N","{ŋeš}ma₂ ušu₃ gur",0,"ma[ship]N_ušu[thirty]NU_gur[unit]N"
"P271911",51,"o i 34'","gag[nail]N aškud[~door]N","gag aškudₓ(|A₂.ZA.AN.MUŠ₃|)",0,"gag[nail]N_aškud[~door]N"
"P250736",250,"r iii 11","epig[vessel]N mušen[bird]N","{dug}epig mušen",0,"epig[vessel]N_mušen[bird]N"
"Q000001",251,"251","anše[equid]N barag[sack]N la[hang]V/t","anše barag la₂",0,"anše[equid]N_barag[sack]N_la[hang]V/t"
"Q000039",605,"545","ligima[shoot]N","{ŋeš}ligima(|IGI.TUR.TUR|)",0,"ligima[shoot]N"
"P253866",5,"unknown","unknown","unknown",999,"unknown"
"P271911",411,"r ii 22","dim[post]N Marhaši[1]GN","dim₃ mar-ha-a-ši",0,"dim[post]N_Marhaši[1]GN"
"P273244",8,"r 1","ig[door]N šag[heart]N sig[silent]N","{ŋeš}ig šag₄ sig₉",0,"ig[door]N_šag[heart]N_sig[silent]N"
"P273244",9,"r 2","ig[door]N papah[cella]N","{ŋeš}ig pa-pa-ah",0,"ig[door]N_papah[cella]N"
"P250736",191,"r i 45","dug[pot]N gal[big]V/i","dug gal",0,"dug[pot]N_gal[big]V/i"
"Q000039",109,"87","pa[branch]N kud[cut]V/t ŋešnimbar[palm]N","{ŋeš}pa kud ŋešnimbar",0,"pa[branch]N_kud[cut]V/t_ŋešnimbar[palm]N"
"P271301",247,"o v 20'","guza[chair]N zag[side]N us[follow]V/t","{ŋeš}gu-za zag us₂",0,"guza[chair]N_zag[side]N_us[follow]V/t"
"P253238",33,"r 10","manu[wood]N šu[hand]N ak[do]V/t","{ŋeš}ma-nu šu ak",0,"manu[wood]N_šu[hand]N_ak[do]V/t"
"P250736",202,"r ii 6","{dug}x[NA]NA","{dug}x",0,"{dug}x[NA]NA"
"P228105",21,"r ii 1","namulum[wooden-object]N","{ŋeš}na-mu-ul-lum",0,"namulum[wooden-object]N"
"P272243",36,"r i 16","ŋešnimbar[palm]N uhin[date]N x[NA]NA","{ŋeš}ŋešnimbar u₄-hi-in x",0,"ŋešnimbar[palm]N_uhin[date]N_x[NA]NA"
"P347814",230,"c ii 36'","alŋarsur[drumstick]N","{ŋeš}al-ŋar-sur",0,"alŋarsur[drumstick]N"
"Q000039",255,"219","ŋešnud[bed]N umbin[nail]N gud[ox]N","ŋeš-nud umbin gud",0,"ŋešnud[bed]N_umbin[nail]N_gud[ox]N"
"P250736",50,"o ii 22","{gi}LAGAB[NA]NA","{gi}LAGAB",0,"{gi}LAGAB[NA]NA"
"P447996",84,"o v 9","hašhur[apple]N baza[dwarf]N","{ŋeš}hašhur ba-za",0,"hašhur[apple]N_baza[dwarf]N"
"Q000001",104,"104","udu[sheep]N sissig[green]V/i","udu sig₇-sig₇",0,"udu[sheep]N_sissig[green]V/i"
"P459216",74,"iii 13","mud[stump]N ŋešnimbar[palm]N","{ŋeš}mud ŋešnimbar",0,"mud[stump]N_ŋešnimbar[palm]N"
"P388265",114,"iv 31","{ŋeš}su₁₁-si[NA]NA ŋešnimbar[palm]N","{ŋeš}su₁₁-si ŋešnimbar",0,"{ŋeš}su₁₁-si[NA]NA_ŋešnimbar[palm]N"
"Q000039",611,"550","šunir[emblem]N","{ŋeš}šu-nir",0,"šunir[emblem]N"
"P349893",4,"4","madal[pole]N","{ŋeš}mudla(BU)",0,"madal[pole]N"
"P271771",137,"r iii 7'","Mari[1]SN","{ŋeš}ma₂-ri₂{ki}",0,"Mari[1]SN"
"P347814",285,"d ii 13'","{ŋeš}al-x-MA[NA]NA","{ŋeš}al-x-MA",0,"{ŋeš}al-x-MA[NA]NA"
"Q000039",727,"655","pa[branch]N gibil[new]V/i ug[die]V/t","{ŋeš}pa gibil ug₅-ga",0,"pa[branch]N_gibil[new]V/i_ug[die]V/t"
"P388265",191,"r ii 18","mar[shovel]N","{ŋeš}mar",0,"mar[shovel]N"
"P273880",657,"unknown","unknown","unknown",2,"unknown"
"P447996",166,"r ii 3","{ŋeš}x-bu-ga[NA]NA ŋešnimbar[palm]N","{ŋeš}x-bu-ga ŋešnimbar",0,"{ŋeš}x-bu-ga[NA]NA_ŋešnimbar[palm]N"
"P271911",328,"r i 18'","illar[weapon]N šu[hand]N lugal[king]N","illar šu lugal",0,"illar[weapon]N_šu[hand]N_lugal[king]N"
"P273880",54,"a ii 28'","šeršer[chain]N apin[plow]N","{ŋeš}šir₃-šir₃ apin",0,"šeršer[chain]N_apin[plow]N"
"P346714",136,"r iv 16'","sa[net]N mah[great]V/i","{ŋeš}sa mah",0,"sa[net]N_mah[great]V/i"
"P250369",4,"2","pešmur[~palm]N ŋešnimbar[palm]N","{ŋeš}peš-mur₇ ŋešnimbar",0,"pešmur[~palm]N_ŋešnimbar[palm]N"
"Q000039",458,"409","kura[~loom]N","{ŋeš}kur-ra",0,"kura[~loom]N"
"P492330",28,"unknown","unknown","unknown",999,"unknown"
"P253866",9,"o i 4'","barbar[shuttle]N","{ŋeš}bar-bar",0,"barbar[shuttle]N"
"P347814",72,"a ii 43'","{ŋeš}x[NA]NA","{ŋeš}x",0,"{ŋeš}x[NA]NA"
"P247864",400,"o vii 19'","{ŋeš}x-x-x[NA]NA","{ŋeš}x-x-x",0,"{ŋeš}x-x-x[NA]NA"
"P447996",29,"o iii 25","ildag[poplar]N tur[small]V/i","{ŋeš}ildag₂ tur",0,"ildag[poplar]N_tur[small]V/i"
"Q000001",186,"186","gud[ox]N su[red]V/i","gud su₄",0,"gud[ox]N_su[red]V/i"
"P459216",136,"r iii 3'","ma[ship]N ki-x[NA]NA","{ŋeš}ma₂ ki-x",0,"ma[ship]N_ki-x[NA]NA"
"P347815",8,"o 7","buniŋ[trough]N tur[small]V/i","{ŋeš}buniŋ tur",0,"buniŋ[trough]N_tur[small]V/i"
"P346714",150,"r iv 33'","illar[weapon]N šub[fall]V/t","{ŋeš}illar šub",0,"illar[weapon]N_šub[fall]V/t"
"P370399",4,"unknown","unknown","unknown",1,"unknown"
"P250736",270,"r iii 31","ubur[breast]N imin[seven]NU maštab[twin]N","{dug}ubur imin maš-tab",0,"ubur[breast]N_imin[seven]NU_maštab[twin]N"
"P437074",86,"b ii 10''","guza[chair]N sag[good]V/i","{ŋeš}gu-za sag₁₀",0,"guza[chair]N_sag[good]V/i"
"P250736",304,"r iv 22","šeg[brick]N dili[single]V/i","šeg₁₂ dili",0,"šeg[brick]N_dili[single]V/i"
"P429503",141,"r ii' 17'","anše[equid]N ma[ship]N","{ŋeš}anše ma₂",0,"anše[equid]N_ma[ship]N"
"P429503",19,"o i 16","ŋeštinzug[grape]N","{ŋeš}ŋeštin-zug₂",0,"ŋeštinzug[grape]N"
"P271301",340,"r ii 24","buniŋ[trough]N","{ŋeš}buniŋ₂",0,"buniŋ[trough]N"
"P271911",262,"o iv 29","5/6[NA]NA sila[unit]N","5/6 sila₃",0,"5/6[NA]NA_sila[unit]N"
"P273880",489,"c ii 33","ma[ship]N u[ten]NU gur[unit]N","{ŋeš}ma₂ u gur",0,"ma[ship]N_u[ten]NU_gur[unit]N"
"P346714",114,"r iii 36'","al[hoe]N zu[tooth]N limmu[four]NU","{ŋeš}al zu₂ limmu₅",0,"al[hoe]N_zu[tooth]N_limmu[four]NU"
"P347814",129,"b ii 13'","{ŋeš}x[NA]NA","{ŋeš}x",0,"{ŋeš}x[NA]NA"
"P247864",230,"o iv 41","ig[door]N sakar-ra[NA]NA","{ŋeš}ig sakar-ra",0,"ig[door]N_sakar-ra[NA]NA"
"P250361",5,"o 3'","guza[chair]N","{ŋeš}gu-za",0,"guza[chair]N"
"Q000001",282,"282","muš[snake]N šagsig[weft]N","muš šag₄-sig",0,"muš[snake]N_šagsig[weft]N"
"Q000001",341,"341","uman[insect]N zid[flour]N","umanₓ(|HI×AŠ₂|) zid₂",0,"uman[insect]N_zid[flour]N"
"P429503",170,"r iii' 13'","{ŋeš}ta-ta[NA]NA margida[cart]N","{ŋeš}ta-ta mar-gid₂-da",0,"{ŋeš}ta-ta[NA]NA_margida[cart]N"
"Q000039",507,"454","niŋŋeštug[~plow]N apin[plow]N","{ŋeš}niŋ₂-ŋeštug apin",0,"niŋŋeštug[~plow]N_apin[plow]N"
"Q000039",57,"49","mes[tree]N","{ŋeš}mes",0,"mes[tree]N"
"P273712",17,"r i 7","al[hoe]N zu[tooth]N eš[three]NU","{ŋeš}al zu₂ eš₅",0,"al[hoe]N_zu[tooth]N_eš[three]NU"
"P253866",81,"o iii 14'","naŋasikaz[pestle]N","{ŋeš}naŋa₃-zi₃-gaz",0,"naŋasikaz[pestle]N"
"P235262",99,"d ii 4'","maš[~wheel]N umbin[wheel]N gigir[chariot]N","{ŋeš}maš₂ umbin gigir",0,"maš[~wheel]N_umbin[wheel]N_gigir[chariot]N"
"P273880",438,"c i 43","emesig[plank]N","{ŋeš}eme-sig",0,"emesig[plank]N"
"P447996",65,"o iv 34","ŋeštin[vine]N giggi[black]V/i","{ŋeš}ŋeštin giggi",0,"ŋeštin[vine]N_giggi[black]V/i"
"P388265",82,"iii 32","ŋipar[tree]N","{ŋeš}ŋi₆-par₄",0,"ŋipar[tree]N"
"P271301",356,"r ii 40","miriza[plank]N zag[side]N gi[turn]V/i","{ŋeš}mi-ri₂-za zag gi",0,"miriza[plank]N_zag[side]N_gi[turn]V/i"
"P273880",25,"a i 41'","{ŋeš}x[NA]NA","{ŋeš}x",0,"{ŋeš}x[NA]NA"
"P273880",649,"d i 32'","{ŋeš}x[NA]NA","{ŋeš}x",0,"{ŋeš}x[NA]NA"
"P370399",191,"o vii 3'","ma[ship]N ya[five]NU gur[unit]N","{ŋeš}ma₂ ia₂ gur",0,"ma[ship]N_ya[five]NU_gur[unit]N"
"P332930",20,"b.e. 4","mala[boat]N","ma₂-la-la₂",0,"mala[boat]N"
"P247864",103,"o ii 40","ba[tool]N sim[sieve]V/t","{ŋeš}ba sim",0,"ba[tool]N_sim[sieve]V/t"
"P347814",147,"unknown","unknown","unknown",999,"unknown"
"Q000001",185,"185","gud[ox]N giggi[black]V/i","gud giggi",0,"gud[ox]N_giggi[black]V/i"
"P271301",169,"unknown","unknown","unknown",3,"unknown"
"P346714",20,"r i 24'","zara[pivot]N margida[cart]N","{ŋeš}za-ra mar-gid₂-da",0,"zara[pivot]N_margida[cart]N"
"P459217",29,"ii 5'","allanum[oak]N","{ŋeš}al-la-nu-um",0,"allanum[oak]N"
"P388265",270,"r iv 10","dilim[spoon]N kag[mouth]N","{ŋeš}dilim₂ ka",0,"dilim[spoon]N_kag[mouth]N"
"P347814",117,"unknown","unknown","unknown",999,"unknown"
"Q000039",271,"235","dilim[spoon]N banšur[table]N","{ŋeš}dilim₂ banšur",0,"dilim[spoon]N_banšur[table]N"
"P230849",8,"r 4","numun[seed]N asal[poplar]N","{ŋeš}numun asal₂",0,"numun[seed]N_asal[poplar]N"
"P388330",2,"o 1","hašhur[apple]N","{ŋeš}hašhur",0,"hašhur[apple]N"
"P447996",32,"o iv 1","x-x[NA]NA","x-x",0,"x-x[NA]NA"
"P459784",3,"1'","{ŋeš}x[NA]NA","{ŋeš}x",0,"{ŋeš}x[NA]NA"
"P346714",129,"r iv 09'","niŋ[thing]N ya[five]NU giŋ[unit]N","{ŋeš}niŋ₂ ia₂ giŋ₄",0,"niŋ[thing]N_ya[five]NU_giŋ[unit]N"
"P273880",401,"c i 4","usakar[moon]N","{ŋeš}u₄-sakar",0,"usakar[moon]N"
"P271301",160,"o iii 48","ŋešnimbar[palm]N lipiš[innards]N bur[tear]V/t","{ŋeš}ŋešnimbar lipiš bur₁₂",0,"ŋešnimbar[palm]N_lipiš[innards]N_bur[tear]V/t"
"P253233",7,"o i 2","dilim[spoon]N kag[mouth]N","{ŋeš}dilim₂ ka",0,"dilim[spoon]N_kag[mouth]N"
"P271771",75,"o v 5","anta[tree]N","{ŋeš}an-tag",0,"anta[tree]N"
"Q000039",274,"238","banšur[table]N zagŋara[shrine]N","{ŋeš}banšur zag-ŋar-ra",0,"banšur[table]N_zagŋara[shrine]N"
"P247864",237,"o iv 48","ig[door]N x[NA]NA","{ŋeš}ig x",0,"ig[door]N_x[NA]NA"
"P271911",213,"o iii 54'","al[hoe]N zu[tooth]N","al zu₂",0,"al[hoe]N_zu[tooth]N"
"P388265",70,"iii 20","usuh[tree]N","{ŋeš}u₃-suh₅",0,"usuh[tree]N"
"Q000001",221,"221","abzaza[zebu]N","ab₂-za-za",0,"abzaza[zebu]N"
"P273880",136,"a iv 33'","guza[chair]N barag[sanctum]N","{ŋeš}gu-za barag",0,"guza[chair]N_barag[sanctum]N"
"P273880",327,"b iii 55","{ŋeš}$RU[NA]NA x-x[NA]NA","{ŋeš}$RU x-x",0,"{ŋeš}$RU[NA]NA_x-x[NA]NA"
"P459226",10,"o i 7'","ŋeš[tree]N giggi[black]V/i","ŋeš giggi",0,"ŋeš[tree]N_giggi[black]V/i"
"Q000039",206,"172","guza[chair]N namlugal[kingship]N","{ŋeš}gu-za nam-lugal",0,"guza[chair]N_namlugal[kingship]N"
"Q000001",173,"173","ašgar[kid]N ŋeš[penis]N zu[know]V/t","{munus}aš₂-gar₃ ŋeš₃ zu",0,"ašgar[kid]N_ŋeš[penis]N_zu[know]V/t"
"P388265",316,"r v 1","{ŋeš}x[NA]NA ma[ship]N","{ŋeš}x ma₂",0,"{ŋeš}x[NA]NA_ma[ship]N"
"P459217",88,"iv 10","dala[thorn]N ŋešnimbar[palm]N","{ŋeš}dala₂ ŋešnimbar",0,"dala[thorn]N_ŋešnimbar[palm]N"
"P247864",395,"o vii 14'","{ŋeš}x-x[NA]NA x-x[NA]NA","{ŋeš}x-x x-x",0,"{ŋeš}x-x[NA]NA_x-x[NA]NA"
"P250736",149,"o iv 42","gi[reed]N x[NA]NA","gi x",0,"gi[reed]N_x[NA]NA"
"P250363",16,"r 3","siŋar[bolt]N","{ŋeš}si-ŋar",0,"siŋar[bolt]N"
"Q000039",746,"675","{ŋeš}LUM-LUM[NA]NA anše[equid]N","{ŋeš}LUM-LUM anše",0,"{ŋeš}LUM-LUM[NA]NA_anše[equid]N"
"Q000039",285,"249","x[NA]NA","x",0,"x[NA]NA"
"P346714",37,"r ii 05'","da[side-board]N apin[plow]N","{ŋeš}da apin",0,"da[side-board]N_apin[plow]N"
"P388265",360,"r v 50","{ŋeš}MAŠ-U[NA]NA","{ŋeš}MAŠ-U",0,"{ŋeš}MAŠ-U[NA]NA"
"Q000039",687,"619","šukarak[instrument]N","{ŋeš}šu-kara₂",0,"šukarak[instrument]N"
"P370399",165,"o v 19'","malalum[container]N","{ŋeš}malla(BU)",0,"malalum[container]N"
"Q000001",211,"211","ab[cow]N utud[bear]V/t","ab₂ u₃-tud",0,"ab[cow]N_utud[bear]V/t"
"P273880",576,"c iv 8","{ŋeš}x[NA]NA","{ŋeš}x",0,"{ŋeš}x[NA]NA"
"P332934",329,"r iii 32'","madu[~boat]N","{ŋeš}ma₂-du-uš",0,"madu[~boat]N"
"Q000001",445,"444","uzu[flesh]N šag[heart]N us[follow]V/t","uzu šag₄ us₂",0,"uzu[flesh]N_šag[heart]N_us[follow]V/t"
"P332934",149,"o ii 65","ŋešnimbar[palm]N x[NA]NA","{ŋeš}ŋešnimbar x",0,"ŋešnimbar[palm]N_x[NA]NA"
"P247864",434,"o vii 53'","guza[chair]N malah[sailor]N","{ŋeš}gu-za ma-lah₄",0,"guza[chair]N_malah[sailor]N"
"P332934",243,"o iv 14'","{ŋeš}maš-an-ta[NA]NA","{ŋeš}maš-an-ta",0,"{ŋeš}maš-an-ta[NA]NA"
"Q000001",138,"138","maš[goat]N gaba[chest]N","maš₂ gaba",0,"maš[goat]N_gaba[chest]N"
"P459217",118,"r i 4'","x-x-x[NA]NA","x-x-x",0,"x-x-x[NA]NA"
"P388265",150,"r i 28","al[hoe]N zu[tooth]N min[two]NU","{ŋeš}al zu₂ min",0,"al[hoe]N_zu[tooth]N_min[two]NU"
"Q000039",217,"183","guza[chair]N nita[male]N","{ŋeš}gu-za nita",0,"guza[chair]N_nita[male]N"
"P271911",523,"r iii 52","uninda[flower]N","u₅-ninda₂",0,"uninda[flower]N"
"P332934",10,"o i 6","ŋešgana[tree]N","ŋeš-kin₂",0,"ŋešgana[tree]N"
"P271301",125,"o iii 13","urnum[cedar]N","{ŋeš}ur-nu-um",0,"urnum[cedar]N"
"P229426",7,"o 6","laʾu[arrears]N la-u₂[NA]NA |LAL₂.KAK|[NA]NA","laʾu₄ la-u₂ |LAL₂.KAK|",0,"laʾu[arrears]N_la-u₂[NA]NA_|LAL₂.KAK|[NA]NA"
"P429503",44,"o ii 13","ildag[poplar]N tur[small]V/i","{ŋeš}ildag₂ tur",0,"ildag[poplar]N_tur[small]V/i"
"P271301",40,"o i 37","peš[fig]N šergu[string]N","{ŋeš}peš₃ še-er-kum",0,"peš[fig]N_šergu[string]N"
"P296528",4,"o 3","ŋešnimbar[palm]N","{ŋeš}ŋešnimbar",0,"ŋešnimbar[palm]N"
"P346714",170,"r v 06'","mar[shovel]N še[barley]N da[NA]NA","{ŋeš}mar še da",0,"mar[shovel]N_še[barley]N_da[NA]NA"
"P253866",46,"o ii 10'","guza[chair]N anše[equid]N","{ŋeš}gu-za anše",0,"guza[chair]N_anše[equid]N"
"P459226",14,"o i 11'","peš[fig]N šergu[string]N","{ŋeš}peš₃ še-er-gu",0,"peš[fig]N_šergu[string]N"
"P388265",23,"i 25","{ŋeš}nam[NA]NA","{ŋeš}nam",0,"{ŋeš}nam[NA]NA"
"P388330",2,"o 1","hašhur[apple]N","{ŋeš}hašhur",0,"hašhur[apple]N"
"P429503",7,"o i 4","halub[tree]N","{ŋeš}ha-lu-ub₂",0,"halub[tree]N"
"P271771",102,"r i 8'","na[box]N tur[small]V/i","{ŋeš}na tur",0,"na[box]N_tur[small]V/i"
"P253866",112,"r i 15","magur[barge]N","{ŋeš}ma₂-gur₈",0,"magur[barge]N"
"P370399",167,"o v 21'","naŋa[mortar]N","{ŋeš}naŋa₃",0,"naŋa[mortar]N"
"P388265",272,"r iv 12","buniŋ[trough]N","{ŋeš}buniŋ",0,"buniŋ[trough]N"
"P459216",60,"unknown","unknown","unknown",1,"unknown"
"P273880",302,"unknown","unknown","unknown",5,"unknown"
"P247864",305,"o v 53","anše[equid]N ma[ship]N","{ŋeš}anše ma₂",0,"anše[equid]N_ma[ship]N"
"Q000039",710,"641","ŋušur[beam]N TUG₂[NA]NA","{ŋeš}ur₂ TUG₂",0,"ŋušur[beam]N_TUG₂[NA]NA"
"Q000001",46,"46","udu[sheep]N maššugidgid[diviner]N","udu maš₂-šu-gid₂-gid₂",0,"udu[sheep]N_maššugidgid[diviner]N"
"P459226",25,"o ii 5'","{ŋeš}x[NA]NA","{ŋeš}x",0,"{ŋeš}x[NA]NA"
"P347814",172,"unknown","unknown","unknown",2,"unknown"
"P247864",16,"o i 13","ŋešgana[tree]N","ŋeš-kin₂",0,"ŋešgana[tree]N"
"P247864",94,"o ii 31","šinig[tamarisk]N","{ŋeš}šinig",0,"šinig[tamarisk]N"
"P273880",194,"b i 44'","namulum[wooden-object]N","{ŋeš}na-mu-lum",0,"namulum[wooden-object]N"
"P250736",199,"r ii 3","{dug}x-x[NA]NA","{dug}x-x",0,"{dug}x-x[NA]NA"
"P459216",167,"r iii 34'","{ŋeš}|EN×KAR₂|[NA]NA","{ŋeš}|EN×KAR₂|",0,"{ŋeš}|EN×KAR₂|[NA]NA"
"P388265",87,"iv 4","KID.da[twig]N","{ŋeš}KID-da",0,"KID.da[twig]N"
"P492330",20,"o ii 3","tukul[weapon]N šeŋ[rain]V/i","{ŋeš}tukul šeŋ₃-šeŋ₃",0,"tukul[weapon]N_šeŋ[rain]V/i"
"P250364",54,"o iii 4'","{ŋeš}x[NA]NA","{ŋeš}x",0,"{ŋeš}x[NA]NA"
"Q000039",687,"619","šukarak[instrument]N","{ŋeš}šu-kara₂",0,"šukarak[instrument]N"
"P347814",13,"a i 11'","ig[door]N ul[fruit]N","{ŋeš}ig ul-li₂",0,"ig[door]N_ul[fruit]N"
"P250369",3,"1","peš[frond]N ŋešnimbar[palm]N","{ŋeš}peš ŋešnimbar",0,"peš[frond]N_ŋešnimbar[palm]N"
"P271301",149,"o iii 37","ŋešnimbar[palm]N šeŋ[cook]V/t","{ŋeš}ŋešnimbar šeŋ₆",0,"ŋešnimbar[palm]N_šeŋ[cook]V/t"
"P247864",27,"o i 24","urnum[cedar]N","{ŋeš}ur₂-nu-um",0,"urnum[cedar]N"
"Q000039",632,"566","giŋsal[hoe]N","{ŋeš}giŋ₄-sal",0,"giŋsal[hoe]N"
"Q000039",772,"701","zana[doll]N","{ŋeš}za-na",0,"zana[doll]N"
"P332934",159,"o ii 75","ŋešnimbar[palm]N x[NA]NA","{ŋeš}ŋešnimbar x",0,"ŋešnimbar[palm]N_x[NA]NA"
"P253866",22,"o i 17'","{ŋeš}x[NA]NA saŋ[head]N il[raise]V/t","{ŋeš}x saŋ il₂",0,"{ŋeš}x[NA]NA_saŋ[head]N_il[raise]V/t"
"Q000001",248,"248","anšeŋirnun[equid]N","anše-ŋir₂-nun",0,"anšeŋirnun[equid]N"
"Q000039",671,"605","urzababitum[instrument]N","{ŋeš}ur-za-ba-bi₂-tum",0,"urzababitum[instrument]N"
"Q000039",170,"144","dibdib[waterclock]N","{ŋeš}dib-dib",0,"dibdib[waterclock]N"
"P273880",376,"b iv 43","arina[root]N","{ŋeš}i-ri₉-na",0,"arina[root]N"
"P271911",210,"o iii 51'","al[hoe]N","al",0,"al[hoe]N"
"Q000039",315,"277","ma[ship]N NE[NA]NA","{ŋeš}ma₂ NE",0,"ma[ship]N_NE[NA]NA"
"P250364",15,"o i 12","gag[nail]N mud[tube]N gigir[chariot]N","{ŋeš}gag mud gigir",0,"gag[nail]N_mud[tube]N_gigir[chariot]N"
"P459217",98,"iv 20","su[fibers]N ŋešnimbar[palm]N","{ŋeš}su₁₁ ŋešnimbar",0,"su[fibers]N_ŋešnimbar[palm]N"
"P332939",21,"unknown","unknown","unknown",999,"unknown"
"P388265",406,"r vi 50","{ŋeš}ur-x-x[NA]NA","{ŋeš}ur-x-x",0,"{ŋeš}ur-x-x[NA]NA"
"P429504",14,"o ii' 8","ŋešnimbar[palm]N uhin[date]N su[red]V/i","{ŋeš}ŋešnimbar u₄-hi-in su₄",0,"ŋešnimbar[palm]N_uhin[date]N_su[red]V/i"
"P409466",4,"o 3","Madurahabzu[1]ON","{ŋeš}ma₂-{d}durah-abzu",0,"Madurahabzu[1]ON"
"P459227",4,"o i 1'","x-KA[NA]NA","x-KA",0,"x-KA[NA]NA"
"P250364",92,"o v 13","sa[net]N harmušen[snare]N","{ŋeš}sa har-mušen-na",0,"sa[net]N_harmušen[snare]N"
"Q000001",365,"365","pešgigua[rodent]N","peš₂-{ŋeš}gi-e-gu₇-a",0,"pešgigua[rodent]N"
"P347814",140,"b ii 24'","kakpana[arrow]N","{ŋeš}kak-pana",0,"kakpana[arrow]N"
"P370399",160,"o v 14'","{ŋeš}KAL[NA]NA","{ŋeš}KAL",0,"{ŋeš}KAL[NA]NA"
"P429503",179,"r iii' 22'","sudin[~chariot]N margida[cart]N","{ŋeš}šu-din mar-gid₂-da",0,"sudin[~chariot]N_margida[cart]N"
"P253874",5,"o 2","mud[tube]N gigir[chariot]N","{ŋeš}mud₂ gigir",0,"mud[tube]N_gigir[chariot]N"
"P250364",161,"unknown","unknown","unknown",2,"unknown"
"P459217",127,"r i 14'","huš[plant]N","{ŋeš}huš",0,"huš[plant]N"
"P273880",711,"d iii 2'","{ŋeš}niŋ₂-x[NA]NA","{ŋeš}niŋ₂-x",0,"{ŋeš}niŋ₂-x[NA]NA"
"P247864",74,"o ii 11","dala[thorn]N ŋešnimbar[palm]N","{ŋeš}dala₂ ŋešnimbar",0,"dala[thorn]N_ŋešnimbar[palm]N"
"Q000039",51,"44","manu[wood]N gibil[firewood]N ak[do]V/t","{ŋeš}ma-nu gibil₂ ak",0,"manu[wood]N_gibil[firewood]N_ak[do]V/t"
"P253233",63,"r ii 13'","ŋeštinkira[berry]N","ŋeštin-kur",0,"ŋeštinkira[berry]N"
"P459217",73,"iii 23","ŋešnimbar[palm]N kur[mountain]N","{ŋeš}ŋešnimbar kur",0,"ŋešnimbar[palm]N_kur[mountain]N"
"Q000039",239,"203","umbin[base]N guza[chair]N","{ŋeš}umbin gu-za",0,"umbin[base]N_guza[chair]N"
"P271301",451,"r iv 32","zara[pivot]N gagsila[harness]N","{ŋeš}za-ra gag-sal₄",0,"zara[pivot]N_gagsila[harness]N"
"Q000039",453,"404","siŋar[bolt]N guʾe[textile]N","{ŋeš}si-ŋar gu₂-e₃",0,"siŋar[bolt]N_guʾe[textile]N"
"P247864",28,"o i 25","tiʾarum[tree]N","{ŋeš}ti-ia-rum",0,"tiʾarum[tree]N"
"P273880",666,"d ii 1'","{ŋeš}x[NA]NA","{ŋeš}x",0,"{ŋeš}x[NA]NA"
"P271301",443,"r iv 24","tum[cross-beam]N gigir[chariot]N","{ŋeš}tum gigir",0,"tum[cross-beam]N_gigir[chariot]N"
"P370399",24,"o i 21'","x[NA]NA ŋešnimbar[palm]N","x ŋešnimbar",0,"x[NA]NA_ŋešnimbar[palm]N"
"P388265",415,"r vi 59","e[house]N bulug[needle]N","{ŋeš}e₂ bulug",0,"e[house]N_bulug[needle]N"
"P271911",448,"r ii 50","mete[appropriate-thing]N gud.si.AŠ[ram]N","me-te gud-si-AŠ",0,"mete[appropriate-thing]N_gud.si.AŠ[ram]N"
"P271301",33,"o i 30","peš[fig]N","{ŋeš}peš₃",0,"peš[fig]N"
"P429503",43,"o ii 12","ildag[poplar]N kindar[hole]N","{ŋeš}ildag₂ kin-tur",0,"ildag[poplar]N_kindar[hole]N"
"P459217",11,"i 10'","hašhur[apple]N kur[mountain]N","{ŋeš}hašhur kur",0,"hašhur[apple]N_kur[mountain]N"
"P235262",46,"c ii 22'","x[NA]NA kuŋ[stair]N","x kun₅",0,"x[NA]NA_kuŋ[stair]N"
"P332930",20,"b.e. 4","mala[boat]N","ma₂-la-la₂",0,"mala[boat]N"
"P250736",315,"r iv 33","sahar[dust]N peš[thick]V/i","sahar peš₁₁",0,"sahar[dust]N_peš[thick]V/i"
"P437074",66,"b ii 9'","dibdib[waterclock]N","{ŋeš}dib-dib",0,"dibdib[waterclock]N"
"P347814",80,"b i 5'","{ŋeš}x[NA]NA apin[plow]N","{ŋeš}x apin",0,"{ŋeš}x[NA]NA_apin[plow]N"
"P250736",157,"r i 11","hal[basket]N","{gi}hal",0,"hal[basket]N"
"P388265",149,"r i 27","al[hoe]N zu[tooth]N","{ŋeš}al zu₂",0,"al[hoe]N_zu[tooth]N"
"Q000039",389,"346","gabaŋal[guard]N gigir[chariot]N","{ŋeš}gaba-ŋal₂ gigir",0,"gabaŋal[guard]N_gigir[chariot]N"
"Q000039",169,"143","{ŋeš}|LAGAB×A|-da[NA]NA","{ŋeš}|LAGAB×A|-da",0,"{ŋeš}|LAGAB×A|-da[NA]NA"
"Q000001",56,"56","udu[sheep]N ŋirtab[scorpion]N","udu ŋir₂-tab",0,"udu[sheep]N_ŋirtab[scorpion]N"
"P250736",22,"o i 18","giniŋsig[fence]N","gi-niŋ₂-sig-ga",0,"giniŋsig[fence]N"
"Q000001",199,"199","gud[ox]N kun[tail]N","gud kun",0,"gud[ox]N_kun[tail]N"
"Q000001",164,"164","sila[lamb]N ga[milk]N gu[eat]V/t","sila₄ ga gu₇",0,"sila[lamb]N_ga[milk]N_gu[eat]V/t"
"P349859",2,"02'","sa[net]N igi[eye]N gal[big]V/i","{ŋeš}sa igi gal-gal",0,"sa[net]N_igi[eye]N_gal[big]V/i"
"P346714",89,"r iii 11'","{ŋeš}URI[NA]NA","{ŋeš}URI",0,"{ŋeš}URI[NA]NA"
"P273880",223,"b ii 12","{ŋeš}x[NA]NA","{ŋeš}x",0,"{ŋeš}x[NA]NA"
"P370399",203,"o viii 4'","x-si-x[NA]NA","x-si-x",0,"x-si-x[NA]NA"
"P250364",54,"o iii 4'","{ŋeš}x[NA]NA","{ŋeš}x",0,"{ŋeš}x[NA]NA"
"P250736",41,"o ii 13","haz[cover]N","{gi}ha-az",0,"haz[cover]N"
"P271911",311,"r i 3'","dim[post]N","dim",0,"dim[post]N"
"P271301",127,"o iii 15","tiʾarum[tree]N","{ŋeš}ti-ia-lum",0,"tiʾarum[tree]N"
"Q000039",524,"468","ŋušur[harrow]N","{ŋeš}gana₂-ur₃",0,"ŋušur[harrow]N"
"P388265",74,"iii 24","usuh[tree]N pa[branch]N kud[cut]V/t","{ŋeš}u₃-suh₅ pa kud",0,"usuh[tree]N_pa[branch]N_kud[cut]V/t"
"P429503",115,"r i' 19'","naŋa[mortar]N","{ŋeš}naŋa₃",0,"naŋa[mortar]N"
"P273880",483,"c ii 27","ma[ship]N ŋeš[sixty]NU gur[unit]N","{ŋeš}ma₂ ŋeš₂ gur",0,"ma[ship]N_ŋeš[sixty]NU_gur[unit]N"
"P271911",562,"r iv 26","umbin[wheel]N","umbin",0,"umbin[wheel]N"
"P459217",106,"iv 28","ŋešnimbar[palm]N al-x[NA]NA","{ŋeš}ŋešnimbar al-x",0,"ŋešnimbar[palm]N_al-x[NA]NA"
"Q000039",308,"271","ma[ship]N šukud[fisherman]N","{ŋeš}ma₂ šu-HA@g",0,"ma[ship]N_šukud[fisherman]N"
"Q000039",204,"170","guza[chair]N kaskal[way]N","{ŋeš}gu-za kaskal",0,"guza[chair]N_kaskal[way]N"
"P247864",418,"o vii 37'","guza[chair]N","{ŋeš}gu-za",0,"guza[chair]N"
"P447996",57,"o iv 26","ŋeštin[vine]N nim[high]V/i","{ŋeš}ŋeštin nim",0,"ŋeštin[vine]N_nim[high]V/i"
"P459216",134,"r iii 1'","ma[ship]N x[NA]NA","{ŋeš}ma₂ x",0,"ma[ship]N_x[NA]NA"
"P332934",157,"o ii 73","ŋešnimbar[palm]N al-x[NA]NA","{ŋeš}ŋešnimbar al-x",0,"ŋešnimbar[palm]N_al-x[NA]NA"
"P250736",135,"o iv 28","gi[reed]N gum[crush]V/t","gi gum",0,"gi[reed]N_gum[crush]V/t"
"Q000039",123,"100","niŋkiluh[broom]N ŋešnimbar[palm]N","{ŋeš}niŋ₂-ki-luh ŋešnimbar",0,"niŋkiluh[broom]N_ŋešnimbar[palm]N"
"P429503",91,"unknown","unknown","unknown",999,"unknown"
"Q000039",21,"19","šinig[tamarisk]N dili[single]V/i","{ŋeš}šinig dili",0,"šinig[tamarisk]N_dili[single]V/i"
"P273880",305,"b iii 33","DUB.du₃[~vehicle]N mar[shovel]N","{ŋeš}ŠID mar",0,"DUB.du₃[~vehicle]N_mar[shovel]N"
"Q000039",298,"261a","mete[appropriate-thing]N šidim[builder]N","{ŋeš}me-te šidim",0,"mete[appropriate-thing]N_šidim[builder]N"
"P332939",28,"o ii 6","{ŋeš}x[NA]NA","{ŋeš}x",0,"{ŋeš}x[NA]NA"
"P250364",165,"unknown","unknown","unknown",3,"unknown"
"P332939",16,"o i 13","ŋeštin[vine]N","{ŋeš}ŋeštin",0,"ŋeštin[vine]N"
"P247864",412,"o vii 31'","{ŋeš}x-za-ab[NA]NA x-x[NA]NA","{ŋeš}x-za-ab x-x",0,"{ŋeš}x-za-ab[NA]NA_x-x[NA]NA"
"P229173",2,"o 1","mes[tree]N Meluhha[1]GN","{ŋeš}mes me-luh-ha",0,"mes[tree]N_Meluhha[1]GN"
"P296528",19,"r v 6'","{ŋeš}IGI-TUR[NA]NA","{ŋeš}IGI-TUR",0,"{ŋeš}IGI-TUR[NA]NA"
"P273880",349,"b iv 12","tigidlu[instrument]N x[NA]NA","{ŋeš}tigidla x",0,"tigidlu[instrument]N_x[NA]NA"
"P228096",5,"o i 3","namuzum[a-tool]N","{ŋeš}na-mu-zum",0,"namuzum[a-tool]N"
"P347814",154,"c i 9'","ninda[vessel]N","{ŋeš}ninda₂",0,"ninda[vessel]N"
"P271911",518,"unknown","unknown","unknown",1,"unknown"
"Q000039",107,"85a","aʾan[spadix]N zag[side]N ŋešnimbar[palm]N","{ŋeš}an-na zag ŋešnimbar",0,"aʾan[spadix]N_zag[side]N_ŋešnimbar[palm]N"
"P247864",5,"o i 2","šurmen[cypress]N","{ŋeš}šu-ur₂-min₃",0,"šurmen[cypress]N"
"P459217",119,"r i 5'","{ŋeš}pa-sikil-x[NA]NA","{ŋeš}pa-sikil-x",0,"{ŋeš}pa-sikil-x[NA]NA"
"P388265",310,"r iv 51","{ŋeš}x[NA]NA","{ŋeš}x",0,"{ŋeš}x[NA]NA"
"P347814",55,"a ii 26'","{ŋeš}x[NA]NA","{ŋeš}x",0,"{ŋeš}x[NA]NA"
"P332934",215,"o iii 53","tubala[harness]N ŋešnimbar[palm]N","{ŋeš}tubaₓ(EŠ₂)-la₂ ŋešnimbar",0,"tubala[harness]N_ŋešnimbar[palm]N"
"P228105",7,"o i 5'","namuzum[a-tool]N","{ŋeš}na-mu-zum",0,"namuzum[a-tool]N"
"P332934",137,"o ii 54","tiʾarum[tree]N","{ŋeš}ti-ia-lum",0,"tiʾarum[tree]N"
"P459217",164,"r iii 21","guza[chair]N me-da-da[NA]NA","{ŋeš}gu-za me-da-da",0,"guza[chair]N_me-da-da[NA]NA"
"P273880",323,"b iii 51","illar[weapon]N pa[branch]N mušen[bird]N","{ŋeš}illar pa mušen",0,"illar[weapon]N_pa[branch]N_mušen[bird]N"
"Q000001",56,"56","udu[sheep]N ŋirtab[scorpion]N","udu ŋir₂-tab",0,"udu[sheep]N_ŋirtab[scorpion]N"
"P271301",277,"r i 5","guza[chair]N UR-x-x[NA]NA","{ŋeš}gu-za UR-x-x",0,"guza[chair]N_UR-x-x[NA]NA"
"P447996",137,"r i 19","zena[midrib]N ŋešnimbar[palm]N","{ŋeš}ze₂-an-na ŋešnimbar",0,"zena[midrib]N_ŋešnimbar[palm]N"
"P447996",226,"r iii 27","si[horn]N malah[sailor]N","{ŋeš}si ma₂-lah₄",0,"si[horn]N_malah[sailor]N"
"P429503",162,"r iii' 5'","margida[cart]N","{ŋeš}mar-gid₂-da",0,"margida[cart]N"
"P273880",191,"b i 41'","ŋešnud[bed]N šusar[string]N du[build]V/t","ŋeš-nud šu-sar du₃",0,"ŋešnud[bed]N_šusar[string]N_du[build]V/t"
"P346897",3,"o 2","e[house]N gigir[chariot]N","{ŋeš}e₂ gigir",0,"e[house]N_gigir[chariot]N"
"P247864",200,"o iv 11","{ŋeš}x[NA]NA","{ŋeš}x",0,"{ŋeš}x[NA]NA"
"P253238",42,"r 19","{ŋeš}x[NA]NA x[NA]NA","{ŋeš}x x",0,"{ŋeš}x[NA]NA_x[NA]NA"
"P459216",48,"ii 16","mes[tree]N x[NA]NA","{ŋeš}mes x",0,"mes[tree]N_x[NA]NA"
"P347814",141,"b ii 25'","gagsisa[arrow]N","{ŋeš}gag-si-sa₂",0,"gagsisa[arrow]N"
"P332934",29,"o i 25","garan[bunch]N ŋeštin[vine]N","{ŋeš}ga-ra-an ŋeštin",0,"garan[bunch]N_ŋeštin[vine]N"
"P250736",242,"r iii 3","utul[tureen]N gal[big]V/i","{dug}utul₂ gal",0,"utul[tureen]N_gal[big]V/i"
"P347814",276,"unknown","unknown","unknown",1,"unknown"
"P447996",29,"o iii 25","ildag[poplar]N tur[small]V/i","{ŋeš}ildag₂ tur",0,"ildag[poplar]N_tur[small]V/i"
"P273880",710,"d iii 1'","{ŋeš}x[NA]NA","{ŋeš}x",0,"{ŋeš}x[NA]NA"
"P332934",109,"o ii 26","nurma[pomegranate]N","{ŋeš}nu-ur₂-ma",0,"nurma[pomegranate]N"
"P347814",181,"c i 37'","al[hoe]N zu[tooth]N limmu[four]NU","{ŋeš}al zu₂ limmu₅",0,"al[hoe]N_zu[tooth]N_limmu[four]NU"
"P253238",27,"r 4","kur[wood]N","{ŋeš}kur",0,"kur[wood]N"
"P271911",134,"o ii 54","ŋešrin[scales]N zala[smashed]N","rin₂ zag-lal₂",0,"ŋešrin[scales]N_zala[smashed]N"
"P273880",469,"c ii 13","magur[barge]N","{ŋeš}ma₂-kur",0,"magur[barge]N"
"P250364",161,"unknown","unknown","unknown",2,"unknown"
"P250736",296,"r iv 14","im[clay]N dugud[heavy]V/i","im dugud",0,"im[clay]N_dugud[heavy]V/i"
"P272243",43,"r ii 9","x[NA]NA","x",0,"x[NA]NA"
"P332934",136,"o ii 53","tiʾarum[tree]N","{ŋeš}ti-i-lum",0,"tiʾarum[tree]N"
"P250364",80,"o v 1","x[NA]NA","x",0,"x[NA]NA"
"P225062",4,"o i 1","allanum[oak]N","{ŋeš}al-la-nu-um",0,"allanum[oak]N"
"P271301",78,"o ii 26","manu[wood]N ah[dry]V/i","{ŋeš}ma-nu e₃",0,"manu[wood]N_ah[dry]V/i"
"P247543",4,"o 2","ma[ship]N x[NA]NA gur[unit]N","{ŋeš}ma₂ x gur",0,"ma[ship]N_x[NA]NA_gur[unit]N"
"P429503",76,"o iii 15","ŋešnimbar[palm]N x-x[NA]NA","{ŋeš}ŋešnimbar x-x",0,"ŋešnimbar[palm]N_x-x[NA]NA"
"P247864",393,"o vii 12'","{ŋeš}x[NA]NA","{ŋeš}x",0,"{ŋeš}x[NA]NA"
"P388265",372,"r vi 13","emerah[jug]N","{ŋeš}emerah",0,"emerah[jug]N"
"Q000039",663,"597","balaŋ[instrument]N","{ŋeš}balaŋ",0,"balaŋ[instrument]N"
"P296528",20,"r v 7'","ligima[shoot]N","{ŋeš}ligima",0,"ligima[shoot]N"
"P429505",11,"unknown","unknown","unknown",999,"unknown"
"P253238",43,"unknown","unknown","unknown",999,"unknown"
"P253233",19,"o ii 2","dilim[spoon]N dug[speak]V/t","{ŋeš}dilim₂ dug₄",0,"dilim[spoon]N_dug[speak]V/t"
"P247864",366,"o vi 50","dilim[spoon]N tur[small]V/i","{ŋeš}dilim₂ tur",0,"dilim[spoon]N_tur[small]V/i"
"P271301",17,"o i 14","ŋešgana[tree]N babbar[white]V/i","ŋeš-kin₂ babbar",0,"ŋešgana[tree]N_babbar[white]V/i"
"P247864",132,"o iii 6","šudul[yoke]N apin[plow]N","{ŋeš}šu₂-dul₄ apin",0,"šudul[yoke]N_apin[plow]N"
"P346714",94,"r iii 16'","malalum[container]N","{ŋeš}malla",0,"malalum[container]N"
"P459226",11,"o i 8'","ŋeš[tree]N babbar[white]V/i","ŋeš babbar",0,"ŋeš[tree]N_babbar[white]V/i"
"P388265",255,"r iii 42","x[NA]NA gigir[chariot]N","x gigir",0,"x[NA]NA_gigir[chariot]N"
"P388265",298,"r iv 38","dur[balk]N peš[thick]V/i","{ŋeš}dur peš",0,"dur[balk]N_peš[thick]V/i"
"Q000001",502,"498","uzu[flesh]N ŋeš[penis]N","uzu ŋeš₃",0,"uzu[flesh]N_ŋeš[penis]N"
"P247864",140,"o iii 14","guza[chair]N margida[cart]N","{ŋeš}gu-za mar-gid₂-da",0,"guza[chair]N_margida[cart]N"
"P332934",316,"r iii 19'","{ŋeš}ad-du₅-gi[NA]NA ma[ship]N","{ŋeš}ad-du₅-gi ma₂",0,"{ŋeš}ad-du₅-gi[NA]NA_ma[ship]N"
"P388265",266,"r iv 6","šuʾa[stool]N ašgab[leatherworker]N","{ŋeš}šu₂-a ašgab",0,"šuʾa[stool]N_ašgab[leatherworker]N"
"P271301",85,"o ii 33","manu[wood]N du[build]V/t","{ŋeš}ma-nu du₃-du₃",0,"manu[wood]N_du[build]V/t"
"P253863",7,"o 3","zara[pivot]N ŋušur[harrow]N","{ŋeš}za-ra gana₂-ur₃",0,"zara[pivot]N_ŋušur[harrow]N"
"P271301",235,"o v 8'","ba[tool]N šab[cut]V/t","{ŋeš}ba šab",0,"ba[tool]N_šab[cut]V/t"
"P247864",176,"o iii 50","e[house]N gigir[chariot]N","{ŋeš}e₂ gigir",0,"e[house]N_gigir[chariot]N"
"P429503",183,"r iii' 26'","gag[nail]N umbin[wheel]N margida[cart]N","{ŋeš}gag umbin mar-gid₂-da",0,"gag[nail]N_umbin[wheel]N_margida[cart]N"
"Q000039",566,"509","dur[board]N bisaŋ[basket]N","{ŋeš}dur₂ bisaŋ",0,"dur[board]N_bisaŋ[basket]N"
"P253866",37,"o ii 1'","šibir[staff]N","{ŋeš}šibir",0,"šibir[staff]N"
"P332934",171,"o iii 7","ŋešnimbar[palm]N kum[hot]V/i","{ŋeš}ŋešnimbar kum₂",0,"ŋešnimbar[palm]N_kum[hot]V/i"
"P250736",94,"o iii 28","gigur[container]N sal[thin]V/i","gi-gur sal",0,"gigur[container]N_sal[thin]V/i"
"Q000001",322,"322","kir[hyena]N","kir₄",0,"kir[hyena]N"
"P346714",143,"r iv 23'","{ŋeš}x[NA]NA harmušen[snare]N","{ŋeš}x har-mušen-na",0,"{ŋeš}x[NA]NA_harmušen[snare]N"
"P347814",154,"c i 9'","ninda[vessel]N","{ŋeš}ninda₂",0,"ninda[vessel]N"
"P250736",184,"r i 38","{gi}u₂-ur₄[NA]NA kud[cut]V/t","{gi}u₂-ur₄ kud",0,"{gi}u₂-ur₄[NA]NA_kud[cut]V/t"
"Q000001",137,"137","maš[goat]N zu[tooth]N rah[beat]V/t","maš₂ zu₂ ra-ah",0,"maš[goat]N_zu[tooth]N_rah[beat]V/t"
"P447996",24,"o iii 20","ildag[poplar]N kur[mountain]N","{ŋeš}ildag₂ kur",0,"ildag[poplar]N_kur[mountain]N"
"P347814",141,"b ii 25'","gagsisa[arrow]N","{ŋeš}gag-si-sa₂",0,"gagsisa[arrow]N"
"P447996",194,"r ii 31","magilum[boat]N","{ŋeš}ma₂-gi-lum",0,"magilum[boat]N"
"P247864",404,"o vii 23'","{ŋeš}x-ŋar-ra[NA]NA","{ŋeš}x-ŋar-ra",0,"{ŋeš}x-ŋar-ra[NA]NA"
"P447996",190,"r ii 27","maʾu[barge]N","{ŋeš}ma₂-u₅",0,"maʾu[barge]N"
"P253228",75,"r ii 14'","peš[fig]N kur[mountain]N","{ŋeš}peš₃ kur",0,"peš[fig]N_kur[mountain]N"
"P437074",71,"b ii 14'","{ŋeš}gi-x-ba[NA]NA","{ŋeš}gi-x-ba",0,"{ŋeš}gi-x-ba[NA]NA"
"P346714",133,"r iv 13'","sa[net]N x[NA]NA","{ŋeš}sa x",0,"sa[net]N_x[NA]NA"
"P273880",157,"unknown","unknown","unknown",999,"unknown"
"P459217",143,"r ii 12'","{ŋeš}šu-ŋal₂[NA]NA","{ŋeš}šu-ŋal₂",0,"{ŋeš}šu-ŋal₂[NA]NA"
"Q000039",169,"143","{ŋeš}|LAGAB×A|-da[NA]NA","{ŋeš}|LAGAB×A|-da",0,"{ŋeš}|LAGAB×A|-da[NA]NA"
"P250736",127,"o iv 20","masab[basket]N dima[object]N","{gi}ma-sa₂-ab dim₃-ma",0,"masab[basket]N_dima[object]N"
"Q000001",308,"308","udutil[sheep]N","udu-til",0,"udutil[sheep]N"
"P273880",673,"d ii 8'","ŋeš[tree]N a[water]N la[hang]V/t","ŋeš a la₂-la₂",0,"ŋeš[tree]N_a[water]N_la[hang]V/t"
"P271320",20,"o i 13'","guza[chair]N malah[sailor]N","{ŋeš}gu-za ma₂-lah₅",0,"guza[chair]N_malah[sailor]N"
"P370399",152,"o v 6'","{ŋeš}EZEN[NA]NA","{ŋeš}EZEN",0,"{ŋeš}EZEN[NA]NA"
"P370399",149,"o v 3'","ŋešdubdim[tool]N","ŋeš-dub-dim₂",0,"ŋešdubdim[tool]N"
"P447996",211,"r iii 12","x[NA]NA ma[ship]N","x ma₂",0,"x[NA]NA_ma[ship]N"
"P332934",327,"r iii 30'","gag[nail]N ma[ship]N","{ŋeš}gag ma₂",0,"gag[nail]N_ma[ship]N"
"Q000001",148,"148","maš[goat]N eš[three]NU","maš₂ eš₅",0,"maš[goat]N_eš[three]NU"
"P273880",363,"unknown","unknown","unknown",5,"unknown"
"P247864",9,"o i 6","ŋešaʾabak[tree]N","ŋeš-ab-ba",0,"ŋešaʾabak[tree]N"
"P459217",17,"i 16'","šedug[tree]N","{ŋeš}še-dug₃",0,"šedug[tree]N"
"P429503",136,"r ii' 12'","igi[face]N ma[ship]N","{ŋeš}igi ma₂",0,"igi[face]N_ma[ship]N"
"P459217",67,"iii 17","armanu[tree]N","{ŋeš}ar-man-nu-um",0,"armanu[tree]N"
"X100003",25,"r 9","garan[bunch]N ŋeštin[vine]N","{ŋeš}ga-ra-na {ŋeš}ŋeštin",0,"garan[bunch]N_ŋeštin[vine]N"
"P271911",495,"unknown","unknown","unknown",1,"unknown"
"P250364",137,"r iii 3'","{ŋeš}x-x[NA]NA","{ŋeš}x-x",0,"{ŋeš}x-x[NA]NA"
"P447996",53,"o iv 22","muran[tree]N","{ŋeš}mur-ra-an",0,"muran[tree]N"
"P271911",617,"unknown","unknown","unknown",1,"unknown"
"P271301",396,"r iii 29","madu[~boat]N","{ŋeš}ma₂-du₃",0,"madu[~boat]N"
"P388265",177,"r ii 4","endur[navel?]N margida[cart]N","{ŋeš}en₃-dur mar-gid₂-da",0,"endur[navel?]N_margida[cart]N"
"P228105",26,"r ii 6","igiŋal[sign]N","{ŋeš}igi-ŋal₂",0,"igiŋal[sign]N"
"P250364",86,"o v 7","sašušgal[net]N","{ŋeš}sa-šu₂-uš-gal",0,"sašušgal[net]N"
"Q000001",371,"371","ninka[mongoose]N","{d}nin-ka₆",0,"ninka[mongoose]N"
"Q000039",145,"122","šiqdum[almond]N","{ŋeš}ši-iq-dum",0,"šiqdum[almond]N"
"P247864",294,"o v 42","buniŋ[trough]N x[NA]NA","{ŋeš}|A.LAGAB×A| x",0,"buniŋ[trough]N_x[NA]NA"
"P271320",40,"r i' 7'","si[horn]N gigir[chariot]N","{ŋeš}si gigir",0,"si[horn]N_gigir[chariot]N"
"P253238",3,"unknown","unknown","unknown",999,"unknown"
"P271301",111,"o ii 59","mes.TU[tree]N","{ŋeš}mes-TU",0,"mes.TU[tree]N"
"Q000039",725,"653","halba[bucket]N","{ŋeš}halba₅",0,"halba[bucket]N"
"Q000001",194,"194","gud[ox]N a₂-x-x[NA]NA","gud a₂-x-x",0,"gud[ox]N_a₂-x-x[NA]NA"
"P429504",14,"o ii' 8","ŋešnimbar[palm]N uhin[date]N su[red]V/i","{ŋeš}ŋešnimbar u₄-hi-in su₄",0,"ŋešnimbar[palm]N_uhin[date]N_su[red]V/i"
"P332934",245,"o iv 16'","huš[plant]N","{ŋeš}maš-huš",0,"huš[plant]N"
"P273880",65,"a ii 47'","margida[cart]N","{ŋeš}mar-gid₂-da",0,"margida[cart]N"
"P228105",19,"unknown","unknown","unknown",999,"unknown"
"P253245",10,"o 6","aški[rushes]N","{ŋeš}{+a}aški",0,"aški[rushes]N"
"P271911",370,"r i 53'","kul[handle]N mar[shovel]N","kul mar",0,"kul[handle]N_mar[shovel]N"
"P271911",55,"unknown","unknown","unknown",1,"unknown"
"Q000039",312,"274","ma[ship]N Mari[1]SN","{ŋeš}ma₂ ma₂-ri",0,"ma[ship]N_Mari[1]SN"
"Q000039",87,"69","ŋešnimbar[palm]N dar[split]V/t","{ŋeš}ŋešnimbar dar",0,"ŋešnimbar[palm]N_dar[split]V/t"
"Q000039",111,"89","mud[stump]N ŋešnimbar[palm]N","{ŋeš}mud ŋešnimbar",0,"mud[stump]N_ŋešnimbar[palm]N"
"Q000001",224,"224","amar[young]N ga[milk]N naŋ[drink]V/t","amar ga naŋ",0,"amar[young]N_ga[milk]N_naŋ[drink]V/t"
"P271301",424,"r iv 5","gigir[chariot]N x[NA]NA sa₂-ab[NA]NA","{ŋeš}gigir x sa₂-ab",0,"gigir[chariot]N_x[NA]NA_sa₂-ab[NA]NA"
"P235262",108,"d ii 13'","DUB.du₃[~vehicle]N šag[heart]N","{ŋeš}šid-du₁₀ šag₄",0,"DUB.du₃[~vehicle]N_šag[heart]N"
"Q000039",276,"240","kaŋeškarak[table]N zu[tooth]N amsi[elephant]N sig[put]V/t","{ŋeš}ka-kara₄ zu₂ am-si sig₉",0,"kaŋeškarak[table]N_zu[tooth]N_amsi[elephant]N_sig[put]V/t"
"P247864",292,"o v 40","{ŋeš}|LAGAB×X|[NA]NA x[NA]NA","{ŋeš}|LAGAB×X| x",0,"{ŋeš}|LAGAB×X|[NA]NA_x[NA]NA"
"P250736",177,"r i 31","sun[reed-shoot]N umbin[implement]N","{gi}sun umbin-na",0,"sun[reed-shoot]N_umbin[implement]N"
"Q000039",687,"619","šukarak[instrument]N","{ŋeš}šu-kara₂",0,"šukarak[instrument]N"
"P332939",46,"r i' 5'","šibir[staff]N","{ŋeš}šibir",0,"šibir[staff]N"
"P272243",9,"unknown","unknown","unknown",2,"unknown"
"Q000001",116,"116","u[ewe]N sila[lamb]N utud[bear]V/t","u₈ sila₄ tud",0,"u[ewe]N_sila[lamb]N_utud[bear]V/t"
"P271911",537,"r iv 7","uri[vessel]N","uri{ki}",0,"uri[vessel]N"
"Q000001",370,"370","pešsilagaz[rodent]N","peš₂-{dug}sila₃-gaz-gaz",0,"pešsilagaz[rodent]N"
"P370399",137,"o iv 34'","ig[door]N KAK-AD[NA]NA","{ŋeš}ig KAK-AD",0,"ig[door]N_KAK-AD[NA]NA"
"P459218",24,"o ii 3'","barbar[shuttle]N","{ŋeš}bar-bar",0,"barbar[shuttle]N"
"P250736",108,"o iv 1","bisaŋ[basket]N x[NA]NA","{gi}bisaŋ x",0,"bisaŋ[basket]N_x[NA]NA"
"P253866",103,"r i 6","illar[weapon]N eban[pair]N","{ŋeš}illar e₂-ba-an-na",0,"illar[weapon]N_eban[pair]N"
"P347815",11,"unknown","unknown","unknown",999,"unknown"
"P271911",467,"r iii 4","ala[device]N","a₂-la",0,"ala[device]N"
"P271911",9,"o i 3'","ig[door]N abula[gate]N","ig abul",0,"ig[door]N_abula[gate]N"
"P271911",284,"o iv 48","sa[sinew]N igi[eye]N gal[big]V/i","sa igi gal-gal",0,"sa[sinew]N_igi[eye]N_gal[big]V/i"
"P347814",65,"a ii 36'","gur[rim]N bandudu[basket]N","{ŋeš}gur₂ ba-an-du₈",0,"gur[rim]N_bandudu[basket]N"
"P332934",76,"o i 20'","ildag[poplar]N kindar[hole]N","{ŋeš}ildag₂ kin-tur",0,"ildag[poplar]N_kindar[hole]N"
"P459226",33,"o ii 13'","manu[wood]N kalag[strong]V/i","{ŋeš}ma-nu kalag",0,"manu[wood]N_kalag[strong]V/i"
"P437074",58,"b ii 1'","x-x-x[NA]NA","x-x-x",0,"x-x-x[NA]NA"
"P459218",20,"o i 24'","saŋkul[bolt]N","{ŋeš}saŋ-kul",0,"saŋkul[bolt]N"
"P250363",24,"r 11","{ŋeš}x-nam-ba-x[NA]NA","{ŋeš}x-nam-ba-x",0,"{ŋeš}x-nam-ba-x[NA]NA"
"P250736",175,"r i 29","gakkul[mash-tub]N kaš[beer]N","{gi}gakkul₃ kaš",0,"gakkul[mash-tub]N_kaš[beer]N"
"P273880",598,"c iv 32","hilum[resin]N","{ŋeš}hi-lum",0,"hilum[resin]N"
"P459217",21,"i 20'","šinig[tamarisk]N dili[single]V/i","{ŋeš}šinig dili",0,"šinig[tamarisk]N_dili[single]V/i"
"P429503",12,"o i 9","ŋešgana[tree]N su[red]V/i","ŋeš-kin₂ sa₅",0,"ŋešgana[tree]N_su[red]V/i"
"P459217",120,"r i 6'","{ŋeš}pa-AN[NA]NA x[NA]NA x[NA]NA antibal[sign]N","{ŋeš}pa-AN x x ti-bal",0,"{ŋeš}pa-AN[NA]NA_x[NA]NA_x[NA]NA_antibal[sign]N"
"P347814",257,"d i 12'","{ŋeš}x[NA]NA","{ŋeš}x",0,"{ŋeš}x[NA]NA"
"P250364",103,"r i 3'","dimdim[instrument]N x[NA]NA","{ŋeš}dim₃-dim₃ x",0,"dimdim[instrument]N_x[NA]NA"
"P437074",109,"b iii 13'","guza[chair]N gar[knob]N","{ŋeš}gu-za gar₃",0,"guza[chair]N_gar[knob]N"
"P271911",309,"r i 2'","gag[nail]N usakar[moon]N","gag u₄-sakar",0,"gag[nail]N_usakar[moon]N"
"P271911",602,"r iv 56","ganum[stand]N a[water]N","{ŋeš}ŋa₂-an-nu a",0,"ganum[stand]N_a[water]N"
"P273880",532,"c iii 17","kita[basket]N ŋešnimbar[palm]N","{ŋeš}kid-da ŋešnimbar",0,"kita[basket]N_ŋešnimbar[palm]N"
"P271911",272,"o iv 38","igi[~mathematics]N eš[three]NU ŋal[be]V/i","igi eš₅ ŋal₂",0,"igi[~mathematics]N_eš[three]NU_ŋal[be]V/i"
"P253233",77,"r iii 16'","hašhur[apple]N kur[mountain]N","{ŋeš}hašhur kur",0,"hašhur[apple]N_kur[mountain]N"
"P250736",52,"unknown","unknown","unknown",3,"unknown"
"P273880",96,"a iii 34'","GUL[~chariot]N gigir[chariot]N","{ŋeš}GUL gigir",0,"GUL[~chariot]N_gigir[chariot]N"
"P247864",445,"r i 5","saŋ[head]N ŋešnud[bed]N","{ŋeš}saŋ nud",0,"saŋ[head]N_ŋešnud[bed]N"
"P225006",6,"o i 3","zara[pivot]N ig[door]N","{ŋeš}za-ra ig",0,"zara[pivot]N_ig[door]N"
"P253887",9,"r 1","ma[ship]N u[ten]NU gur[unit]N","ma₂ u gur",0,"ma[ship]N_u[ten]NU_gur[unit]N"
"P388265",32,"ii 15","adar[plant]N","{ŋeš}a-dar",0,"adar[plant]N"
"P273880",195,"b i 45'","barbar[shuttle]N","{ŋeš}bar-bar",0,"barbar[shuttle]N"
"P271911",560,"r iv 25","tukul[weapon]N nisiki[comb]N","tukul MAŠ-LA-UMBIN",0,"tukul[weapon]N_nisiki[comb]N"
"P225065",5,"o i 2","ig[door]N x[NA]NA","{ŋeš}ig x",0,"ig[door]N_x[NA]NA"
"P388265",162,"r i 40","ellag[ball]N","{ŋeš}ellag",0,"ellag[ball]N"
"P297194",6,"o 5","pa[branch]N usuh[tree]N","{ŋeš}pa u₃-suh₅",0,"pa[branch]N_usuh[tree]N"
"P271301",325,"r ii 9","emerah[jug]N gal[big]V/i","{ŋeš}emerah gal",0,"emerah[jug]N_gal[big]V/i"
"P271792",7,"o 4'","x[NA]NA","x",0,"x[NA]NA"
"P349893",7,"7","gazinbu[pole]N","{ŋeš}gazinbu{+ga-zi-im-bi}",0,"gazinbu[pole]N"
"P250736",228,"r ii 32","burzi[bowl]N","{dug}bur-zi",0,"burzi[bowl]N"
"P253230",7,"o i 3","apin[plow]N šudu[equipped]AJ","{ŋeš}apin šu-nu-du₇",0,"apin[plow]N_šudu[equipped]AJ"
"P247864",347,"o vi 31","{ŋeš}x-x[NA]NA","{ŋeš}x-x",0,"{ŋeš}x-x[NA]NA"
"P271301",138,"o iii 26","ŋešnimbar[palm]N dar[split]V/t","{ŋeš}ŋešnimbar da-r·a",0,"ŋešnimbar[palm]N_dar[split]V/t"
"P296528",23,"r v 10'","ŋešnimbar[palm]N tur[small]V/i","{ŋeš}ŋešnimbar tur",0,"ŋešnimbar[palm]N_tur[small]V/i"
"P271771",68,"o iv 24","x[NA]NA x[NA]NA ŋešnimbar[palm]N","x x ŋešnimbar",0,"x[NA]NA_x[NA]NA_ŋešnimbar[palm]N"
"P271911",327,"r i 17'","illar[weapon]N niŋin[encircle]V/t","illar niŋin",0,"illar[weapon]N_niŋin[encircle]V/t"
"P370399",117,"o iv 14'","gaba[chest]N gigir[chariot]N","{ŋeš}gaba gigir",0,"gaba[chest]N_gigir[chariot]N"
"P459217",141,"r ii 10'","{ŋeš}GAN-LA[NA]NA","{ŋeš}GAN-LA",0,"{ŋeš}GAN-LA[NA]NA"
"P332939",5,"o i 2","esi[tree]N","{ŋeš}esi",0,"esi[tree]N"
"Q000039",430,"383","ig[door]N ul[fruit]N","{ŋeš}ig ul",0,"ig[door]N_ul[fruit]N"
"P437074",50,"b i 11''","šušum[licorice]N","{ŋeš}šušum",0,"šušum[licorice]N"
"P250364",69,"o iv 9","al[hoe]N saŋ[head]N ŋal[be]V/i","{ŋeš}al saŋ ŋal₂",0,"al[hoe]N_saŋ[head]N_ŋal[be]V/i"
"P271301",434,"r iv 15","{ŋeš}x[NA]NA x[NA]NA gigir[chariot]N","{ŋeš}x x gigir",0,"{ŋeš}x[NA]NA_x[NA]NA_gigir[chariot]N"
"P332930",29,"r 8","ma[ship]N ninnu[fifty]NU gur[unit]N","{ŋeš}ma₂ ninnu gur",0,"ma[ship]N_ninnu[fifty]NU_gur[unit]N"
"Q000001",365,"365","pešgigua[rodent]N","peš₂-{ŋeš}gi-e-gu₇-a",0,"pešgigua[rodent]N"
"P247864",350,"o vi 34","gag[nail]N mar[shovel]N x[NA]NA","{ŋeš}gag mar x",0,"gag[nail]N_mar[shovel]N_x[NA]NA"
"Q000001",51,"51","udu[sheep]N Eana[1]TN","udu e₂-an-na",0,"udu[sheep]N_Eana[1]TN"
"P253238",38,"r 15","KID.da[twig]N","{ŋeš}KID-da",0,"KID.da[twig]N"
"Q000039",631,"565","giŋ[ax]N","{ŋeš}giŋ₄",0,"giŋ[ax]N"
"P247864",112,"o ii 49","leʾum[board]N","{ŋeš}li-u₅-um",0,"leʾum[board]N"
"P250736",213,"r ii 17","{dug}x-GIR₃[NA]NA","{dug}x-GIR₃",0,"{dug}x-GIR₃[NA]NA"
"Q000039",687,"619","šukarak[instrument]N","{ŋeš}šu-kara₂",0,"šukarak[instrument]N"
"P459217",109,"iv 31","ŋešnimbar[palm]N SI-DU₃-X[NA]NA x[NA]NA","{ŋeš}ŋešnimbar SI-DU₃-X x",0,"ŋešnimbar[palm]N_SI-DU₃-X[NA]NA_x[NA]NA"
"P388265",331,"r v 16","alŋarsur[drumstick]N","{ŋeš}al-ŋar-sur",0,"alŋarsur[drumstick]N"
"P271771",83,"o v 13","gilim[foliage]N ana[upper]AJ","{ŋeš}gu₂-gilim an-na",0,"gilim[foliage]N_ana[upper]AJ"
"P271301",423,"r iv 4","gigir[chariot]N me[battle]N tum[suitable]V/i","{ŋeš}gigir me₃ tum₂",0,"gigir[chariot]N_me[battle]N_tum[suitable]V/i"
"P273880",608,"c iv 42","mašdara[inscription]N","{ŋeš}maš-dara₄",0,"mašdara[inscription]N"
"P253899",4,"o 3","allanum[oak]N","{ŋeš}al-la-nu-um",0,"allanum[oak]N"
"X100003",12,"o 11","ŋeš[tree]N babbar[white]V/i","ŋeš babbar",0,"ŋeš[tree]N_babbar[white]V/i"
"P250736",275,"r iii 36","kag[mouth]N burud[perforate]V/t","ka buru₃",0,"kag[mouth]N_burud[perforate]V/t"
"P332939",64,"r ii' 8'","umbin[wheel]N margida[cart]N","{ŋeš}umbin mar-gid₂-da",0,"umbin[wheel]N_margida[cart]N"
"P247864",429,"o vii 48'","guza[chair]N munus[woman]N","{ŋeš}gu-za munus",0,"guza[chair]N_munus[woman]N"
"P250362",1,"1","ba[tool]N šab[cut]V/t","{ŋeš}ba šab",0,"ba[tool]N_šab[cut]V/t"
"P250363",2,"o 1'","ig[door]N miriza[plank]N","{ŋeš}ig mi-ri₂-za",0,"ig[door]N_miriza[plank]N"
"P332930",32,"r 11","ma[ship]N niš[twenty]NU gur[unit]N","{ŋeš}ma₂ niš gur",0,"ma[ship]N_niš[twenty]NU_gur[unit]N"
"P250364",169,"unknown","unknown","unknown",999,"unknown"
"P247864",432,"o vii 51'","guza[chair]N saŋ[head]N nita[male]N","{ŋeš}gu-za saŋ nita₂",0,"guza[chair]N_saŋ[head]N_nita[male]N"
"P271301",184,"o iv 18","{ŋeš}peš-UŠ[NA]NA ŋešnimbar[palm]N","{ŋeš}peš-UŠ ŋešnimbar",0,"{ŋeš}peš-UŠ[NA]NA_ŋešnimbar[palm]N"
"P347814",270,"d i 33'","{ŋeš}KUD[NA]NA","{ŋeš}KUD",0,"{ŋeš}KUD[NA]NA"
"Q000001",1,"1","udu[sheep]N niga[fattened]V/i","udu niga",0,"udu[sheep]N_niga[fattened]V/i"
"P253866",88,"o iii 21'","{ŋeš}hub-ba[NA]NA","{ŋeš}hub-ba",0,"{ŋeš}hub-ba[NA]NA"
"P389511",9,"o 8","šagkal[tree]N","{ŋeš}šag₄-kal",0,"šagkal[tree]N"
"P271301",461,"r iv 42","{ŋeš}LIŠ[NA]NA usan[whip]N","{ŋeš}LIŠ usan₃",0,"{ŋeš}LIŠ[NA]NA_usan[whip]N"
"P347814",249,"d i 4'","šaŋanla[trader]N","{ŋeš}šaŋan-la₂",0,"šaŋanla[trader]N"
"P271911",352,"r i 37'","nisakar[agricultural-tool]N burud[perforate]V/t","ni₂-sahar-ra bur₃-bur₃",0,"nisakar[agricultural-tool]N_burud[perforate]V/t"
"P459216",158,"r iii 25'","ma[ship]N x[NA]NA gur[unit]N","{ŋeš}ma₂ x gur",0,"ma[ship]N_x[NA]NA_gur[unit]N"
"P271301",82,"o ii 30","manu[wood]N a[water]N lu[mix]V/t ŋeš[tree]N ak[do]V/t","{ŋeš}ma-nu a lu₃ ŋeš ak",0,"manu[wood]N_a[water]N_lu[mix]V/t_ŋeš[tree]N_ak[do]V/t"
"P447996",155,"r i 37","kita[basket]N zulum[date]N ri-ri-ga[NA]NA ŋešnimbar[palm]N","{ŋeš}kid-da zu₂-lum ri-ri-ga ŋešnimbar",0,"kita[basket]N_zulum[date]N_ri-ri-ga[NA]NA_ŋešnimbar[palm]N"
"P228196",21,"21","{ŋeš}{+du-rum}duru₄[NA]NA","{ŋeš}{+du-rum}duru₄",0,"{ŋeš}{+du-rum}duru₄[NA]NA"
"P429503",67,"o iii 6","isimu[sprout]N","{ŋeš}isimu₂",0,"isimu[sprout]N"
"P247864",29,"o i 26","{ŋeš}qi₂-na-zum[NA]NA","{ŋeš}qi₂-na-zum",0,"{ŋeš}qi₂-na-zum[NA]NA"
"P332934",144,"o ii 60","gag[nail]N kiri[orchard]N","{ŋeš}gag {ŋeš}kiri₆",0,"gag[nail]N_kiri[orchard]N"
"P271301",248,"o v 21'","guza[chair]N Aratta[1]SN","{ŋeš}gu-za aratta",0,"guza[chair]N_Aratta[1]SN"
"P247864",396,"o vii 15'","{ŋeš}x[NA]NA x-x[NA]NA","{ŋeš}x x-x",0,"{ŋeš}x[NA]NA_x-x[NA]NA"
"Q000039",37,"30a","šennur[plum]N kur[mountain]N","{ŋeš}šennur kur",0,"šennur[plum]N_kur[mountain]N"
"P250364",67,"o iv 7","al[hoe]N ki[place]N","{ŋeš}al ki",0,"al[hoe]N_ki[place]N"
"P388265",178,"r ii 5","manhara[vessel]N margida[cart]N","{ŋeš}ma-an-hara₄ mar-gid₂-da",0,"manhara[vessel]N_margida[cart]N"
"P459217",76,"iii 26","ŋešnimbar[palm]N Magan[1]GN","{ŋeš}ŋešnimbar ma₂-gan-na",0,"ŋešnimbar[palm]N_Magan[1]GN"
"P225006",6,"o i 3","zara[pivot]N ig[door]N","{ŋeš}za-ra ig",0,"zara[pivot]N_ig[door]N"
"P271301",236,"o v 9'","ba[tool]N gur[unit]N","{ŋeš}ba gur",0,"ba[tool]N_gur[unit]N"
"P273880",439,"c i 44","miriza[plank]N","{ŋeš}mi-ri₂-za",0,"miriza[plank]N"
"Q000039",258,"222","ŋešnud[bed]N ur₄-ma[NA]NA","ŋeš-nud ur₄-ma",0,"ŋešnud[bed]N_ur₄-ma[NA]NA"
"Q000039",115,"93","su[fibers]N gal[big]V/i ŋešnimbar[palm]N","{ŋeš}su₁₁ gu-la ŋešnimbar",0,"su[fibers]N_gal[big]V/i_ŋešnimbar[palm]N"
"Q000001",206,"206","ab[cow]N šilam[cow]N","ab₂ šilamₓ(|NUN.LAGAR|)",0,"ab[cow]N_šilam[cow]N"
"P271911",265,"o iv 31","ya[five]NU giŋ[unit]N","ia₂ giŋ₄",0,"ya[five]NU_giŋ[unit]N"
"Q000039",442,"394a","suhub[bolt]N","{ŋeš}|ŠU.DI|",0,"suhub[bolt]N"
"P346714",147,"r iv 30'","illar[weapon]N eban[pair]N","{ŋeš}illar e-ba-an",0,"illar[weapon]N_eban[pair]N"
"P250736",182,"r i 36","guhšu[altar]N","{gi}gum₂-gum₂-šu₂",0,"guhšu[altar]N"
"P459216",66,"iii 5","pa[branch]N ŋešnimbar[palm]N","{ŋeš}pa ŋešnimbar",0,"pa[branch]N_ŋešnimbar[palm]N"
"P250736",24,"o i 20","gisig[fence]N ašag[field]N","gi-sig a-šag₄",0,"gisig[fence]N_ašag[field]N"
"P370399",181,"o v 35'","emerah[jug]N nita[male]N","{ŋeš}emerah nita",0,"emerah[jug]N_nita[male]N"
"P447996",55,"o iv 24","ŋeštinguruma[~vine]N","{ŋeš}ŋeštin-gurum-ma",0,"ŋeštinguruma[~vine]N"
"P273880",270,"b ii 63","banšur[table]N niŋgu[food]N","{ŋeš}banšurₓ(|URU×IGI.URUDA|) niŋ₂-gu₇",0,"banšur[table]N_niŋgu[food]N"
"P437074",143,"c i 8'","ŋešnud[bed]N zid[right]V/i","ŋeš-nud zid",0,"ŋešnud[bed]N_zid[right]V/i"
"P347814",133,"b ii 17'","{ŋeš}IGI-x[NA]NA","{ŋeš}IGI-x",0,"{ŋeš}IGI-x[NA]NA"
"P388265",134,"r i 12","šu[hand]N burud[perforate]V/t apin[plow]N","{ŋeš}šu bur₃-bur₃ apin",0,"šu[hand]N_burud[perforate]V/t_apin[plow]N"
"P247864",290,"o v 38","{ŋeš}x-x-x[NA]NA","{ŋeš}x-x-x",0,"{ŋeš}x-x-x[NA]NA"
"P349859",2,"02'","sa[net]N igi[eye]N gal[big]V/i","{ŋeš}sa igi gal-gal",0,"sa[net]N_igi[eye]N_gal[big]V/i"
"P273880",444,"c i 49","zu[tooth]N gud.si.AŠ[ram]N","{ŋeš}zu₂ gud-si-AŠ",0,"zu[tooth]N_gud.si.AŠ[ram]N"
"Q000039",356,"314","zigan[rudder]N","{ŋeš}zi-gan",0,"zigan[rudder]N"
"P247864",172,"o iii 46","{ŋeš}ŋiri₃-gub[NA]NA ŋušur[harrow]N","{ŋeš}ŋiri₃-gub gana₂-ur₃",0,"{ŋeš}ŋiri₃-gub[NA]NA_ŋušur[harrow]N"
"P247864",118,"o ii 55","ŋeštug[~plow]N apin[plow]N","{ŋeš}ŋeštug apin",0,"ŋeštug[~plow]N_apin[plow]N"
"P332934",107,"o ii 24","tir[forest]N manu[wood]N","{ŋeš}tir {ŋeš}ma-nu",0,"tir[forest]N_manu[wood]N"
"P247864",220,"o iv 31","saŋ[head]N balak[spindle]N","{ŋeš}saŋ balak",0,"saŋ[head]N_balak[spindle]N"
"P332939",8,"o i 5","šagkal[tree]N","{ŋeš}šag₄-ul₄",0,"šagkal[tree]N"
"P229426",33,"r ii 7","ma[ship]N An[1]DN","{ŋeš}ma₂ an-na",0,"ma[ship]N_An[1]DN"
"P370399",108,"o iv 5'","zara[pivot]N gagsila[harness]N","{ŋeš}za-ra gag-sal₄",0,"zara[pivot]N_gagsila[harness]N"
"P429504",44,"r i 7'","guza[chair]N gar[knob]N","{ŋeš}gu-za gar₃",0,"guza[chair]N_gar[knob]N"
"P272532",3,"o 1","guza[chair]N gar[knob]N urud[copper]N ŋar[place]V/t","{ŋeš}gu-za gar₃ urud ŋar",0,"guza[chair]N_gar[knob]N_urud[copper]N_ŋar[place]V/t"
"P271301",203,"o iv 37","kišig[acacia]N","{ŋeš}kišig",0,"kišig[acacia]N"
"P247864",31,"o i 28","mes[tree]N halub[tree]N harran[route]N","{ŋeš}mes hu-lu-ub har-ra",0,"mes[tree]N_halub[tree]N_harran[route]N"
"Q000001",56,"56","udu[sheep]N ŋirtab[scorpion]N","udu ŋir₂-tab",0,"udu[sheep]N_ŋirtab[scorpion]N"
"P250364",95,"o v 16","{ŋeš}x-x[NA]NA","{ŋeš}x-x",0,"{ŋeš}x-x[NA]NA"
"P273880",89,"a iii 27'","šudul[yoke]N gigir[chariot]N","{ŋeš}šu₂-dul₄ gigir",0,"šudul[yoke]N_gigir[chariot]N"
"P459217",64,"iii 14","{ŋeš}mi-ri₂-x-eš-x[NA]NA","{ŋeš}mi-ri₂-x-eš-x",0,"{ŋeš}mi-ri₂-x-eš-x[NA]NA"
"P347814",125,"b ii 9'","{ŋeš}igi-kal[NA]NA","{ŋeš}igi-kal",0,"{ŋeš}igi-kal[NA]NA"
"P370399",115,"o iv 12'","e[house]N gigir[chariot]N","{ŋeš}e₂ gigir",0,"e[house]N_gigir[chariot]N"
"Q000039",67,"52b","pa[branch]N eren[cedar]N","{ŋeš}pa eren",0,"pa[branch]N_eren[cedar]N"
"Q000039",73,"56","girinum[plant]N","{ŋeš}gi-ri₂-num₂",0,"girinum[plant]N"
"Q000039",288,"252","buniŋ[trough]N","{ŋeš}buniŋ",0,"buniŋ[trough]N"
"Q000039",332,"294","Manuri[1]ON","{ŋeš}ma₂-nu-ri",0,"Manuri[1]ON"
"P271301",320,"r ii 4","kaŋeškarak[table]N","{ŋeš}ka-kara₄",0,"kaŋeškarak[table]N"
"P459217",172,"r iv 6","x-IB[NA]NA","x-IB",0,"x-IB[NA]NA"
"X100003",24,"r 8","gurum[bend]V/t ŋeštin[vine]N","{ŋeš}gurum {ŋeš}ŋeštin",0,"gurum[bend]V/t_ŋeštin[vine]N"
"P273880",58,"a ii 32'","apin[plow]N ki[place]N bala[turn]V/t","{ŋeš}apin ki bala",0,"apin[plow]N_ki[place]N_bala[turn]V/t"
"P273880",326,"b iii 54","{ŋeš}x[NA]NA","{ŋeš}x",0,"{ŋeš}x[NA]NA"
"P296528",15,"r v 2'","tiʾarum[tree]N","{ŋeš}ti-a-ru-um",0,"tiʾarum[tree]N"
"P271911",267,"o iv 33","min[two]NU giŋ[unit]N","min giŋ₄",0,"min[two]NU_giŋ[unit]N"
"P346714",52,"r ii 20'","niŋŋeštug[~plow]N apin[plow]N","{ŋeš}niŋ₂-ŋeštug apin",0,"niŋŋeštug[~plow]N_apin[plow]N"
"P332934",140,"o ii 57","kamisarru[pear-tree]N","{ŋeš}ka-ma-ša-ru",0,"kamisarru[pear-tree]N"
"P253228",80,"r ii 19'","{ŋeš}x[NA]NA","{ŋeš}x",0,"{ŋeš}x[NA]NA"
"P271911",135,"o ii 55","ŋešrin[scales]N manala[weighmaster]N","rin₂ ma-ŋa₂-la₂",0,"ŋešrin[scales]N_manala[weighmaster]N"
"P332934",203,"o iii 39","dala[thorn]N ŋešnimbar[palm]N","{ŋeš}dala₂ ŋešnimbar",0,"dala[thorn]N_ŋešnimbar[palm]N"
"P388265",204,"r ii 31","niŋ[thing]N diš[one]NU sila[unit]N","{ŋeš}niŋ₂ diš sila₃",0,"niŋ[thing]N_diš[one]NU_sila[unit]N"
"Q000001",367,"367","pešigigunu[rodent]N","peš₂-igi-gun₃",0,"pešigigunu[rodent]N"
"Q000039",661,"595","dagsi[hook]N","{ŋeš}dag-si",0,"dagsi[hook]N"
"P247864",150,"o iii 24","{ŋeš}x-x[NA]NA margida[cart]N","{ŋeš}x-x mar-gid₂-da",0,"{ŋeš}x-x[NA]NA_margida[cart]N"
"P429504",5,"unknown","unknown","unknown",999,"unknown"
"P253230",23,"o ii 1","apin[plow]N šu[hand]N","{ŋeš}apin šu",0,"apin[plow]N_šu[hand]N"
"P253233",37,"r i 5'","ŋipar[tree]N duru[wet]V/i","{ŋeš}ŋi₆-par₄ duru₅",0,"ŋipar[tree]N_duru[wet]V/i"
"P235262",97,"d ii 2'","umbin[wheel]N gigir[chariot]N","{ŋeš}umbin gigir",0,"umbin[wheel]N_gigir[chariot]N"
"P271301",350,"r ii 34","naŋasikaz[pestle]N","{ŋeš}naŋa₃-si₃-gaz",0,"naŋasikaz[pestle]N"
"P332930",5,"o 3","maʾu[barge]N","{ŋeš}ma₂-u₅",0,"maʾu[barge]N"
"Q000039",127,"104","pešbandazi[offshoot]N ŋešnimbar[palm]N","{ŋeš}peš-banda₃-zi ŋešnimbar",0,"pešbandazi[offshoot]N_ŋešnimbar[palm]N"
"P250736",21,"o i 17","gi[reed]N sig[weak]V/i","gi sig",0,"gi[reed]N_sig[weak]V/i"
"P459216",39,"ii 7","manu[wood]N gibil[firewood]N ak[do]V/t","{ŋeš}ma-nu gibil₂ ak",0,"manu[wood]N_gibil[firewood]N_ak[do]V/t"
"P253866",85,"o iii 18'","ba[tool]N gur[unit]N","{ŋeš}ba gur",0,"ba[tool]N_gur[unit]N"
"P433291",2,"o 1","lam[tree]N","{ŋeš}lam",0,"lam[tree]N"
"P459216",127,"r ii 12'","banšur[table]N zu[tooth]N amsi[elephant]N sig[put]V/t","{ŋeš}banšur zu₂ am-si sig₉",0,"banšur[table]N_zu[tooth]N_amsi[elephant]N_sig[put]V/t"
"P250364",154,"r iii 20'","{ŋeš}še-x-da-ne[NA]NA","{ŋeš}še-x-da-ne",0,"{ŋeš}še-x-da-ne[NA]NA"
"P423759",4,"o 3","dubla[tower]N apin[plow]N","{ŋeš}dub-la₂ apin",0,"dubla[tower]N_apin[plow]N"
"P273880",413,"c i 16","{ŋeš}x[NA]NA tukul[weapon]N","{ŋeš}x tukul",0,"{ŋeš}x[NA]NA_tukul[weapon]N"
"P250368",4,"o 2","mud[stump]N gaz[kill]V/t ŋešnimbar[palm]N","{ŋeš}mud gaz ŋešnimbar",0,"mud[stump]N_gaz[kill]V/t_ŋešnimbar[palm]N"
"Q000039",416,"371","gag[nail]N usakar[moon]N margida[cart]N","{ŋeš}gag u₄-sakar mar-gid₂-da",0,"gag[nail]N_usakar[moon]N_margida[cart]N"
"P459217",98,"iv 20","su[fibers]N ŋešnimbar[palm]N","{ŋeš}su₁₁ ŋešnimbar",0,"su[fibers]N_ŋešnimbar[palm]N"
"P347814",169,"c i 24'","ganum[stand]N","{ŋeš}ga-an-nu-u₂",0,"ganum[stand]N"
"Q000001",257,"257","eme[donkey]N utud[bear]V/t","eme₅ u₃-tud",0,"eme[donkey]N_utud[bear]V/t"
"P447996",195,"r ii 32","magid[boat]N","{ŋeš}ma₂-gid₂",0,"magid[boat]N"
"P437074",181,"c ii 15'","{ŋeš}x[NA]NA x[NA]NA","{ŋeš}x x",0,"{ŋeš}x[NA]NA_x[NA]NA"
"P388265",395,"r vi 36","gag[nail]N ŋešla[key]N","{ŋeš}gag ŋeš-la₂",0,"gag[nail]N_ŋešla[key]N"
"P247864",381,"unknown","unknown","unknown",999,"unknown"
"P253230",12,"o i 7","apin[plow]N šudu[equipped]AJ","{ŋeš}apin šu-du₇",0,"apin[plow]N_šudu[equipped]AJ"
"P332934",256,"o iv 27'","{ŋeš}luh-x[NA]NA","{ŋeš}luh-x",0,"{ŋeš}luh-x[NA]NA"
"P271301",255,"o v 28'","guza[chair]N Magan[1]GN","{ŋeš}gu-za ma₂-gan-na",0,"guza[chair]N_Magan[1]GN"
"P271301",320,"r ii 4","kaŋeškarak[table]N","{ŋeš}ka-kara₄",0,"kaŋeškarak[table]N"
"P253866",104,"r i 7","pana[bow]N","{ŋeš}pana",0,"pana[bow]N"
"P229426",22,"o 21","NI[NA]NA","NI",0,"NI[NA]NA"
"P332930",33,"r 12","ma[ship]N 15[NA]NA gur[unit]N","{ŋeš}ma₂ 15 gur",0,"ma[ship]N_15[NA]NA_gur[unit]N"
"Q000039",296,"260","ŋešgana[pestle]N","ŋeš-gan-na",0,"ŋešgana[pestle]N"
"P346714",142,"r iv 22'","ŋidru[scepter]N harmušen[snare]N","{ŋeš}ŋidru har-mušen-na",0,"ŋidru[scepter]N_harmušen[snare]N"
"P459216",59,"ii 27","tiʾarum[tree]N","{ŋeš}ti-ia-ar",0,"tiʾarum[tree]N"
"P347814",77,"b i 2'","{ŋeš}x[NA]NA apin[plow]N","{ŋeš}x apin",0,"{ŋeš}x[NA]NA_apin[plow]N"
"P271911",578,"unknown","unknown","unknown",1,"unknown"
"P437074",126,"b iii 12''","{ŋeš}x-x[NA]NA","{ŋeš}x-x",0,"{ŋeš}x-x[NA]NA"
"P247864",246,"o iv 57","{ŋeš}PA[NA]NA","{ŋeš}PA",0,"{ŋeš}PA[NA]NA"
"P253866",47,"o ii 11'","guza[chair]N kaskal[way]N","{ŋeš}gu-za kaskal",0,"guza[chair]N_kaskal[way]N"
"P273880",235,"b ii 24","garig[comb]N eban[pair]N","{ŋeš}ga-rig₂ e₂-pa-an",0,"garig[comb]N_eban[pair]N"
"P247864",443,"r i 3","ŋešnud[bed]N","ŋeš-nud",0,"ŋešnud[bed]N"
"P235262",113,"d ii 18'","ŋešdal[crossbar]N margida[cart]N","ŋeš-dal mar-gid₂-da",0,"ŋešdal[crossbar]N_margida[cart]N"
"P370399",46,"o ii 19'","{ŋeš}U.PIRIG-x[NA]NA","{ŋeš}U.PIRIG-x",0,"{ŋeš}U.PIRIG-x[NA]NA"
"P273880",254,"b ii 47","ŋeš[tree]N ya[five]NU giŋ[unit]N","ŋeš ia₂ giŋ₄",0,"ŋeš[tree]N_ya[five]NU_giŋ[unit]N"
"P273880",329,"b iii 57","{ŋeš}$RU[NA]NA sug[empty]V/i","{ŋeš}$RU sug₄",0,"{ŋeš}$RU[NA]NA_sug[empty]V/i"
"P271911",357,"r i 41'","mar[shovel]N ninda[bread]N gur[thick]V/i","mar ninda gur₄",0,"mar[shovel]N_ninda[bread]N_gur[thick]V/i"
"P459216",124,"r ii 9'","banšurzaggula[table]N","{ŋeš}banšur-zag-gu-la₂",0,"banšurzaggula[table]N"
"P349859",2,"02'","sa[net]N igi[eye]N gal[big]V/i","{ŋeš}sa igi gal-gal",0,"sa[net]N_igi[eye]N_gal[big]V/i"
"P370399",145,"unknown","unknown","unknown",1,"unknown"
"Q000001",309,"309","mašda[gazelle]N","maš-da₃",0,"mašda[gazelle]N"
"P271301",139,"o iii 27","ŋešnimbar[palm]N kud[cut]V/t","{ŋeš}ŋešnimbar kud",0,"ŋešnimbar[palm]N_kud[cut]V/t"
"P346714",122,"r iv 02'","niŋ[thing]N banmin[vessel]N","{ŋeš}niŋ₂ banmin",0,"niŋ[thing]N_banmin[vessel]N"
"P459226",28,"o ii 8'","{ŋeš}x[NA]NA","{ŋeš}x",0,"{ŋeš}x[NA]NA"
"P429503",5,"o i 2","esi[tree]N","{ŋeš}esi",0,"esi[tree]N"
"P273880",203,"b i 53'","ŋeš[tree]N ur[drag]V/t","ŋeš ur₃",0,"ŋeš[tree]N_ur[drag]V/t"
"P437074",43,"b i 4''","peškal[tree]N","{ŋeš}peš₇-kal",0,"peškal[tree]N"
"P250736",180,"r i 34","anzalub[pith]N","{gi}anzalub",0,"anzalub[pith]N"
"Q000039",32,"27","pa[branch]N usuh[tree]N","{ŋeš}pa u₃-suh₅",0,"pa[branch]N_usuh[tree]N"
"P429504",10,"o ii' 4","ŋešnimbar[palm]N uhin[date]N šagsud[~dates]N","{ŋeš}ŋešnimbar u₄-hi-in šag₄-sud",0,"ŋešnimbar[palm]N_uhin[date]N_šagsud[~dates]N"
"P459228",3,"o 2","lamtur[nut]N","{ŋeš}lam-tur",0,"lamtur[nut]N"
"P250364",108,"r i 8'","balaŋdi[instrument]N","{ŋeš}balaŋ-di",0,"balaŋdi[instrument]N"
"P492330",11,"o i 9","ŋeš[tree]N rugu[withstand]V/t","ŋeš ru-gu₂",0,"ŋeš[tree]N_rugu[withstand]V/t"
"Q000039",433,"386","ig[door]N kan[gate]N tilla[street]N","{ŋeš}ig kan₄ tilla₂",0,"ig[door]N_kan[gate]N_tilla[street]N"
"Q000001",385,"384","zahda[piglet]N","ŠAH₂{+ze₂-eh}-TUR",0,"zahda[piglet]N"
"P459230",3,"o 2","ma[ship]N sig[weak]V/i","{ŋeš}ma₂ sig",0,"ma[ship]N_sig[weak]V/i"
"P437074",37,"b i 5'","x[NA]NA ŋešnimbar[palm]N","x ŋešnimbar",0,"x[NA]NA_ŋešnimbar[palm]N"
"P271911",264,"o iv 30","u[ten]NU giŋ[unit]N","u giŋ₄",0,"u[ten]NU_giŋ[unit]N"
"Q000001",134,"134","mašgal[goat]N","maš₂-gal",0,"mašgal[goat]N"
"P459218",51,"o iii 2","ŋešpu[rim]N","ŋeš-bu",0,"ŋešpu[rim]N"
"P253228",77,"r ii 16'","hašhur[apple]N kur[mountain]N","{ŋeš}hašhur kur",0,"hašhur[apple]N_kur[mountain]N"
"P271911",186,"o iii 31'","gag[nail]N leʾum[board]N apin[plow]N","gag le-u₅-um apin",0,"gag[nail]N_leʾum[board]N_apin[plow]N"
"P347814",70,"a ii 41'","{ŋeš}balaŋ-x[NA]NA","{ŋeš}balaŋ-x",0,"{ŋeš}balaŋ-x[NA]NA"
"P250370",4,"4","kišighar[accacia]N kur[mountain]N","{ŋeš}kišig-{+ha}har kur",0,"kišighar[accacia]N_kur[mountain]N"
"P250736",262,"r iii 23","baneš[container]N","{dug}niŋ₂-{+ba-an}baneš",0,"baneš[container]N"
"P459223",3,"3","{ŋeš}MA-dim[NA]NA","{ŋeš}MA-dim",0,"{ŋeš}MA-dim[NA]NA"
"P459216",84,"iii 23","aʾan[spadix]N ŋešnimbar[palm]N","{ŋeš}an-na ŋešnimbar",0,"aʾan[spadix]N_ŋešnimbar[palm]N"
"P250364",170,"unknown","unknown","unknown",9,"unknown"
"P254360",5,"o 3","saŋkul[bolt]N apin[plow]N","{ŋeš}saŋ-kul apin",0,"saŋkul[bolt]N_apin[plow]N"
"P273880",441,"c i 46","sahargid[roller]N","{ŋeš}gid₂-sahar",0,"sahargid[roller]N"
"P346714",33,"r ii 01'","{ŋeš}x[NA]NA","{ŋeš}x",0,"{ŋeš}x[NA]NA"
"P250736",41,"o ii 13","haz[cover]N","{gi}ha-az",0,"haz[cover]N"
"P273880",334,"b iii 62","dagsi[hook]N","{ŋeš}dag-si",0,"dagsi[hook]N"
"P272243",11,"o i' 7'","ŋešnimbar[palm]N Dilmun[1]GN","{ŋeš}ŋešnimbar dilmun",0,"ŋešnimbar[palm]N_Dilmun[1]GN"
"P332934",112,"o ii 29","KID.da[twig]N","{ŋeš}šed-du",0,"KID.da[twig]N"
"Q000001",236,"236","amar[young]N sissig[green]V/i","amar sig₇-sig₇",0,"amar[young]N_sissig[green]V/i"
"P332934",88,"o ii 5","manu[wood]N duru[wet]V/i","{ŋeš}ma-nu duru₅",0,"manu[wood]N_duru[wet]V/i"
"Q000001",289,"289","urgir[dog]N","ur-gir₁₅",0,"urgir[dog]N"
"P250736",144,"o iv 37","gisu[instrument]N","gi-su₃",0,"gisu[instrument]N"
"Q000039",670,"604","miritum[instrument]N","{ŋeš}mi-ri₂-tum",0,"miritum[instrument]N"
"P253238",7,"o 4'","šaršabid[tree]N","{ŋeš}šarₓ(NE)-ša₄-bid₃",0,"šaršabid[tree]N"
"P247864",207,"o iv 18","barbar[shuttle]N","{ŋeš}bar-x",0,"barbar[shuttle]N"
"P235262",107,"d ii 12'","DUB.du₃[~vehicle]N bar[outside]V/t","{ŋeš}šid-du₁₀ bar",0,"DUB.du₃[~vehicle]N_bar[outside]V/t"
"P247864",128,"o iii 2","gag[nail]N leʾum[board]N apin[plow]N","{ŋeš}gag li apin",0,"gag[nail]N_leʾum[board]N_apin[plow]N"
"P253230",52,"t.e. 2","x-ri-tum[NA]NA","x-ri-tum",0,"x-ri-tum[NA]NA"
"P347814",84,"b i 9'","tugsaga[plow]N apin[plow]N","{ŋeš}tug₂-sig₁₈ apin",0,"tugsaga[plow]N_apin[plow]N"
"P492330",45,"unknown","unknown","unknown",2,"unknown"
"P273880",117,"a iv 5'","saŋkul[bolt]N","{ŋeš}saŋ-kul",0,"saŋkul[bolt]N"
"P250736",191,"r i 45","dug[pot]N gal[big]V/i","dug gal",0,"dug[pot]N_gal[big]V/i"
"Q000039",734,"663","kur[wood]N","{ŋeš}kur",0,"kur[wood]N"
"P253245",19,"o 15","ŋirigub[footstool]N","{ŋeš}ŋiri₃-gub",0,"ŋirigub[footstool]N"
"Q000039",575,"518","ban[unit]N ya[five]NU sila[unit]N","{ŋeš}ba-an ia₂ sila₃",0,"ban[unit]N_ya[five]NU_sila[unit]N"
"P250736",214,"r ii 18","{dug}x-x[NA]NA","{dug}x-x",0,"{dug}x-x[NA]NA"
"P370399",168,"o v 22'","naŋa[mortar]N še[barley]N","{ŋeš}naŋa₃ še",0,"naŋa[mortar]N_še[barley]N"
"P271911",489,"r iii 26","hal-meš[NA]NA","hal-meš",0,"hal-meš[NA]NA"
"P272243",13,"o i' 9'","ŋešnimbar[palm]N dar[split]V/t","{ŋeš}ŋešnimbar da-r·a",0,"ŋešnimbar[palm]N_dar[split]V/t"
"Q000039",313,"275","ma[ship]N su[sink]V/t","{ŋeš}ma₂ su",0,"ma[ship]N_su[sink]V/t"
"P388265",429,"t.e. iii 1","kiri[orchard]N","{ŋeš}kiri₆",0,"kiri[orchard]N"
"P296528",14,"r v 1'","urnum[cedar]N","{ŋeš}ur-nu-um",0,"urnum[cedar]N"
"P349171",3,"unknown","unknown","unknown",999,"unknown"
"P271301",374,"r iii 7","ma[ship]N sig[weak]V/i","{ŋeš}ma₂ sig",0,"ma[ship]N_sig[weak]V/i"
"P253238",22,"o 19'","ildag[poplar]N","{ŋeš}ildag₂",0,"ildag[poplar]N"
"P271301",250,"o v 23'","guza[chair]N niŋšu[goods]N","{ŋeš}gu-za niŋ₂-šu",0,"guza[chair]N_niŋšu[goods]N"
"P346865",3,"o 2","tubala[harness]N ŋešnimbar[palm]N","{ŋeš}tubaₓ(TUG₂) ŋešnimbar",0,"tubala[harness]N_ŋešnimbar[palm]N"
"P388265",337,"r v 22","zigan[rudder]N","{ŋeš}zi-gan",0,"zigan[rudder]N"
"P273880",703,"d ii 47'","{ŋeš}x-x[NA]NA","{ŋeš}x-x",0,"{ŋeš}x-x[NA]NA"
"P271911",14,"o i 8'","ig[door]N asal[poplar]N","ig {ŋeš}asal₂",0,"ig[door]N_asal[poplar]N"
"P271911",561,"unknown","unknown","unknown",1,"unknown"
"P253233",74,"r iii 13'","girinum[plant]N","{ŋeš}gi-ri-num₂",0,"girinum[plant]N"
"P447996",14,"o iii 10'","samana[tree]N","{ŋeš}sa-ma-num₂",0,"samana[tree]N"
"P332934",138,"o ii 55","ilianum[tree]N","{ŋeš}i-li-ia-an-nu-um",0,"ilianum[tree]N"
"P271301",63,"o ii 11","lamtur[nut]N","{ŋeš}lam-tur",0,"lamtur[nut]N"
"P247864",412,"o vii 31'","{ŋeš}x-za-ab[NA]NA x-x[NA]NA","{ŋeš}x-za-ab x-x",0,"{ŋeš}x-za-ab[NA]NA_x-x[NA]NA"
"P247864",7,"o i 4","{ŋeš}x[NA]NA","{ŋeš}x",0,"{ŋeš}x[NA]NA"
"P346714",178,"r v 14'","x[NA]NA še[barley]N rah[beat]V/t","x še ra-ah",0,"x[NA]NA_še[barley]N_rah[beat]V/t"
"P250736",16,"o i 12","gi[reed]N niŋ[thing]N gal[big]V/i","gi niŋ₂ gal-gal",0,"gi[reed]N_niŋ[thing]N_gal[big]V/i"
"P388265",364,"unknown","unknown","unknown",4,"unknown"
"P271911",29,"o i 20'","x[NA]NA","x",0,"x[NA]NA"
"P247864",131,"o iii 5","saŋ[head]N apin[plow]N","{ŋeš}saŋ apin",0,"saŋ[head]N_apin[plow]N"
"P247864",71,"o ii 8","ŋešnimbar[palm]N","{ŋeš}ŋešnimbar",0,"ŋešnimbar[palm]N"
"P388265",384,"r vi 25","ba[tool]N GIN₂[NA]NA","{ŋeš}ba GIN₂",0,"ba[tool]N_GIN₂[NA]NA"
"P388265",99,"iv 16","zena[midrib]N ŋešnimbar[palm]N","{ŋeš}ze₂-na ŋešnimbar",0,"zena[midrib]N_ŋešnimbar[palm]N"
"P273880",132,"a iv 29'","guza[chair]N Aratta[1]SN","{ŋeš}gu-za aratta",0,"guza[chair]N_Aratta[1]SN"
"P370399",18,"o i 15'","aʾan[spadix]N ŋešnimbar[palm]N","{ŋeš}an ŋešnimbar",0,"aʾan[spadix]N_ŋešnimbar[palm]N"
"P459217",94,"iv 16","{ŋeš}LAGAB[NA]NA ŋešnimbar[palm]N","{ŋeš}LAGAB ŋešnimbar",0,"{ŋeš}LAGAB[NA]NA_ŋešnimbar[palm]N"
"Q000039",577,"520","ŋeš[tree]N diš[one]NU sila[unit]N","ŋeš diš sila₃",0,"ŋeš[tree]N_diš[one]NU_sila[unit]N"
"P459217",61,"iii 11","zirdum[olive]N","{ŋeš}zi₂-ir-du",0,"zirdum[olive]N"
"P271301",206,"o iv 40","samana[tree]N","{ŋeš}sa-ma-num₂",0,"samana[tree]N"
"P429503",161,"r iii' 4'","šu[handle]N usan[whip]N anše[equid]N","{ŋeš}šu usan₃ anše",0,"šu[handle]N_usan[whip]N_anše[equid]N"
"Q000001",299,"299","nig[dog]N","nig",0,"nig[dog]N"
"P273880",324,"b iii 52","tilpanum[bow]N","{ŋeš}ti-il-ba-nu-um",0,"tilpanum[bow]N"
"P447996",159,"r i 41","su[fibers]N ŋešnimbar[palm]N","{ŋeš}su₁₁ ŋešnimbar",0,"su[fibers]N_ŋešnimbar[palm]N"
"P347814",109,"b i 39'","x[NA]NA x-la₂[NA]NA","x x-la₂",0,"x[NA]NA_x-la₂[NA]NA"
"P271911",434,"r ii 38","x[NA]NA","x",0,"x[NA]NA"
"Q000001",121,"121","u[ewe]N na[cvne]N deg[collect]V/t","u₈ na degₓ(RI)",0,"u[ewe]N_na[cvne]N_deg[collect]V/t"
"P271911",37,"o i 25'","šugi[bolt]N","šu-kam₂-ma",0,"šugi[bolt]N"
"P273880",46,"a ii 13'","gag[nail]N x-x[NA]NA apin[plow]N","{ŋeš}gag x-x apin",0,"gag[nail]N_x-x[NA]NA_apin[plow]N"
"P250736",248,"r iii 9","epig[vessel]N","{dug}epig",0,"epig[vessel]N"
"P271911",89,"o ii 16","x[NA]NA","x",0,"x[NA]NA"
"Q000001",75,"75","udu[sheep]N ŋešbun[meal]N","udu ŋešbun",0,"udu[sheep]N_ŋešbun[meal]N"
"P253233",19,"o ii 2","dilim[spoon]N dug[speak]V/t","{ŋeš}dilim₂ dug₄",0,"dilim[spoon]N_dug[speak]V/t"
"P253866",48,"o ii 12'","guza[chair]N x-x-x[NA]NA","{ŋeš}gu-za x-x-x",0,"guza[chair]N_x-x-x[NA]NA"
"Q000039",374,"331a","{ŋeš}X[NA]NA kindu[earth]N gigir[chariot]N","{ŋeš}X ki-en-du gigir",0,"{ŋeš}X[NA]NA_kindu[earth]N_gigir[chariot]N"
"P271771",62,"o iv 18","su[fibers]N gal[big]V/i ŋešnimbar[palm]N","{ŋeš}su₁₁ gu-la ŋešnimbar",0,"su[fibers]N_gal[big]V/i_ŋešnimbar[palm]N"
"P253238",25,"r 2","ildag[poplar]N bur[to-spread-out-cover]V/t","{ŋeš}ildag₂ bu-r·a",0,"ildag[poplar]N_bur[to-spread-out-cover]V/t"
"P332934",154,"o ii 70","ŋešnimbar[palm]N al-x[NA]NA","{ŋeš}ŋešnimbar al-x",0,"ŋešnimbar[palm]N_al-x[NA]NA"
"Q000001",372,"372","{d}nin-kilim[NA]NA mašmaš[sorcerer]N","{d}nin-kilim maš-maš",0,"{d}nin-kilim[NA]NA_mašmaš[sorcerer]N"
"Q000001",368,"368","pešniŋgilima[rodent]N","peš₂-niŋ₂-gilim-ma",0,"pešniŋgilima[rodent]N"
"Q000001",443,"442","uzu[flesh]N šag[heart]N lub[bag]N","uzu šag₄ lu-ub₂",0,"uzu[flesh]N_šag[heart]N_lub[bag]N"
"P347814",154,"c i 9'","ninda[vessel]N","{ŋeš}ninda₂",0,"ninda[vessel]N"
"P273880",410,"c i 13","tukul[weapon]N Inana[1]DN","{ŋeš}tukul {d}inana",0,"tukul[weapon]N_Inana[1]DN"
"P370399",39,"o ii 12'","{ŋeš}gur₂-gur₂-ra[NA]NA","{ŋeš}gur₂-gur₂-ra",0,"{ŋeš}gur₂-gur₂-ra[NA]NA"
"P459226",12,"o i 9'","peš[fig]N","{ŋeš}peš₃",0,"peš[fig]N"
"Q000039",196,"163","guza[chair]N sirda[cnne]N","{ŋeš}gu-za sir₃-da",0,"guza[chair]N_sirda[cnne]N"
"P271301",279,"r i 7","saŋ[head]N guza[chair]N","{ŋeš}saŋ gu-za",0,"saŋ[head]N_guza[chair]N"
"P459216",157,"r iii 24'","ma[ship]N x[NA]NA","{ŋeš}ma₂ x",0,"ma[ship]N_x[NA]NA"
"P271911",567,"r iv 30","{+ne₂-eš-še}NIM[NA]NA","{+ne₂-eš-še}NIM",0,"{+ne₂-eš-še}NIM[NA]NA"
"P271519",6,"unknown","unknown","unknown",999,"unknown"
"P347814",210,"c ii 16","niŋ[thing]N eš[three]NU giŋ[unit]N","{ŋeš}niŋ₂ eš₅ giŋ₄",0,"niŋ[thing]N_eš[three]NU_giŋ[unit]N"
"P332934",392,"r iv 26'","x[NA]NA margida[cart]N","x mar-gid₂-da",0,"x[NA]NA_margida[cart]N"
"P332939",66,"r ii' 10'","igi[eye]N margida[cart]N","{ŋeš}igi mar-gid₂-da",0,"igi[eye]N_margida[cart]N"
"P332934",243,"o iv 14'","{ŋeš}maš-an-ta[NA]NA","{ŋeš}maš-an-ta",0,"{ŋeš}maš-an-ta[NA]NA"
"Q000001",42,"42","udu[sheep]N si[horn]N min[two]NU la[hang]V/t","udu si min la₂",0,"udu[sheep]N_si[horn]N_min[two]NU_la[hang]V/t"
"Q000039",224,"189","guza[chair]N taškarin[boxwood]N","{ŋeš}gu-za {ŋeš}taškarin",0,"guza[chair]N_taškarin[boxwood]N"
"P459217",84,"iv 6","{ŋeš}HU[NA]NA ŋešnimbar[palm]N","{ŋeš}HU ŋešnimbar",0,"{ŋeš}HU[NA]NA_ŋešnimbar[palm]N"
"P273880",193,"b i 43'","ŋešnud[bed]N kuš[hide]N du[build]V/t","ŋeš-nud kuš du₃",0,"ŋešnud[bed]N_kuš[hide]N_du[build]V/t"
"P271911",391,"r ii 7","zabitum[lyre]N","še-bi-tum",0,"zabitum[lyre]N"
"P347814",53,"a ii 24'","{ŋeš}x[NA]NA","{ŋeš}x",0,"{ŋeš}x[NA]NA"
"P247864",92,"o ii 29","{ŋeš}x[NA]NA x[NA]NA x[NA]NA","{ŋeš}x x x",0,"{ŋeš}x[NA]NA_x[NA]NA_x[NA]NA"
"P273880",148,"a iv 45'","guza[chair]N gid[long]V/i","{ŋeš}gu-za gid₂",0,"guza[chair]N_gid[long]V/i"
"Q000039",238,"202","izzi[wall]N guza[chair]N","{ŋeš}i-zi gu-za",0,"izzi[wall]N_guza[chair]N"
"Q000039",766,"695","dur[balk]N piš-piš[NA]NA","{ŋeš}dur piš-piš",0,"dur[balk]N_piš-piš[NA]NA"
"P250364",29,"o ii 4","a[arm]N umbin[wheel]N margida[cart]N","{ŋeš}a₂ umbin mar-gid₂-da",0,"a[arm]N_umbin[wheel]N_margida[cart]N"
"P271771",95,"r i 1'","x[NA]NA guza[chair]N","x gu-za",0,"x[NA]NA_guza[chair]N"
"P273712",17,"r i 7","al[hoe]N zu[tooth]N eš[three]NU","{ŋeš}al zu₂ eš₅",0,"al[hoe]N_zu[tooth]N_eš[three]NU"
"P273880",52,"a ii 26'","anzam[vessel]N apin[plow]N","{ŋeš}an-za-am apin",0,"anzam[vessel]N_apin[plow]N"
"P273880",649,"d i 32'","{ŋeš}x[NA]NA","{ŋeš}x",0,"{ŋeš}x[NA]NA"
"P273880",112,"unknown","unknown","unknown",999,"unknown"
"P459216",64,"iii 3","šag[heart]N ŋešnimbar[palm]N","{ŋeš}šag₄ ŋešnimbar",0,"šag[heart]N_ŋešnimbar[palm]N"
"P388265",233,"r iii 12","guza[chair]N gar[knob]N kugsig[gold]N ŋar[place]V/t","{ŋeš}gu-za gar₃ kug-sig₁₇ ŋar",0,"guza[chair]N_gar[knob]N_kugsig[gold]N_ŋar[place]V/t"
"P247864",270,"o v 18","niŋ[thing]N diš[one]NU giŋ[unit]N","{ŋeš}niŋ₂ diš giŋ₄",0,"niŋ[thing]N_diš[one]NU_giŋ[unit]N"
"P250371",4,"o 2","gaba[chest]N gigir[chariot]N","{ŋeš}gaba gigir",0,"gaba[chest]N_gigir[chariot]N"
"P459216",194,"r iv 26'","{ŋeš}x[NA]NA margida[cart]N","{ŋeš}x mar-gid₂-da",0,"{ŋeš}x[NA]NA_margida[cart]N"
"P247864",128,"o iii 2","gag[nail]N leʾum[board]N apin[plow]N","{ŋeš}gag li apin",0,"gag[nail]N_leʾum[board]N_apin[plow]N"
"Q000001",125,"125","uzud[goat]N šag[heart]N","uzud šag₄",0,"uzud[goat]N_šag[heart]N"
"P253866",54,"o ii 18'","guza[chair]N gidim[ghost]N","{ŋeš}gu-za gidim",0,"guza[chair]N_gidim[ghost]N"
"P271301",170,"o iv 4","{ŋeš}x[NA]NA","{ŋeš}x",0,"{ŋeš}x[NA]NA"
"P370399",72,"o iii 11'","izzi[wall]N guza[chair]N","{ŋeš}ezem gu-za",0,"izzi[wall]N_guza[chair]N"
"P346714",8,"r i 04'","gag[nail]N mud[tube]N gigir[chariot]N","{ŋeš}gag mud gigir",0,"gag[nail]N_mud[tube]N_gigir[chariot]N"
"P271911",516,"r iii 47","šag[heart]N ŋeš[tree]N","šag₄ ŋeš",0,"šag[heart]N_ŋeš[tree]N"
"P250736",142,"o iv 35","pa[branch]N gizi[reed]N","{gi}pa gi-zi",0,"pa[branch]N_gizi[reed]N"
"P250736",32,"o ii 4","enbar[reed]N aški[rushes]N","{gi}en₃-bar {+a}aški",0,"enbar[reed]N_aški[rushes]N"
"Q000039",759,"688","ŋušur[beam]N","{ŋeš}ur₂",0,"ŋušur[beam]N"
"P273880",202,"b i 52'","targul[pole]N","{ŋeš}dar-dar-kak",0,"targul[pole]N"
"P459226",29,"o ii 9'","manu[wood]N","{ŋeš}ma-nu",0,"manu[wood]N"
"P273880",624,"c iv 58","kur[wood]N","{ŋeš}kur",0,"kur[wood]N"
"P273880",404,"c i 7","gag[nail]N kan[gate]N","{ŋeš}gag kan₄",0,"gag[nail]N_kan[gate]N"
"P251686",10,"o 7","guza[chair]N zu[tooth]N kešed[bind]V/t","{ŋeš}gu-za zu₂ keš₂",0,"guza[chair]N_zu[tooth]N_kešed[bind]V/t"
"Q000039",393,"350","{ŋeš}ama[NA]NA usan[whip]N","{ŋeš}ama usan₃",0,"{ŋeš}ama[NA]NA_usan[whip]N"
"Q000001",337,"337","uman[insect]N saŋdu[head]N","umanₓ(|HI×AŠ₂|) saŋ-du",0,"uman[insect]N_saŋdu[head]N"
"Q000039",149,"125","gizulumma[nettle?]N","{ŋeš}gi-zu₂-lum-ma",0,"gizulumma[nettle?]N"
"P247864",445,"r i 5","saŋ[head]N ŋešnud[bed]N","{ŋeš}saŋ nud",0,"saŋ[head]N_ŋešnud[bed]N"
"P247864",144,"o iii 18","{ŋeš}x-x[NA]NA margida[cart]N","{ŋeš}x-x mar-gid₂-da",0,"{ŋeš}x-x[NA]NA_margida[cart]N"
"P459225",3,"unknown","unknown","unknown",999,"unknown"
"P250736",52,"unknown","unknown","unknown",3,"unknown"
"P332934",340,"r iii 43'","{ŋeš}x[NA]NA","{ŋeš}x",0,"{ŋeš}x[NA]NA"
"P271301",153,"o iii 41","ŋešnimbar[palm]N uhin[date]N šagsud[~dates]N","{ŋeš}ŋešnimbar u₄(ERIN₂)-hi-in šag₄-su₁₃",0,"ŋešnimbar[palm]N_uhin[date]N_šagsud[~dates]N"
"P250364",128,"r ii 13'","{ŋeš}niŋ₂-dim₂-dim₂-ma[NA]NA","{ŋeš}niŋ₂-dim₂-dim₂-ma",0,"{ŋeš}niŋ₂-dim₂-dim₂-ma[NA]NA"
"P271911",221,"o iii 61'","ušub[brick-mold]N šeg[brick]N","u₃-šub šeg₁₂",0,"ušub[brick-mold]N_šeg[brick]N"
"Q000039",219,"185","guza[chair]N unkin[assembly]N","{ŋeš}gu-za unkin",0,"guza[chair]N_unkin[assembly]N"
"P247864",363,"o vi 47","banšur[table]N dilim[spoon]N","{ŋeš}banšur dilim₂",0,"banšur[table]N_dilim[spoon]N"
"P273880",511,"c ii 56","ŋešnimbar[palm]N kur[mountain]N","{ŋeš}ŋešnimbar kur",0,"ŋešnimbar[palm]N_kur[mountain]N"
"P271911",620,"unknown","unknown","unknown",999,"unknown"
"P459216",40,"ii 8","manu[wood]N muran[tree]N","{ŋeš}ma-nu mur-ra-an",0,"manu[wood]N_muran[tree]N"
"P332934",206,"o iii 42","gag[nail]N zena[midrib]N ŋešnimbar[palm]N","{ŋeš}gag zi-na-na ŋešnimbar",0,"gag[nail]N_zena[midrib]N_ŋešnimbar[palm]N"
"P273880",309,"b iii 37","al[hoe]N zu[tooth]N min[two]NU","{ŋeš}al zu₂ min",0,"al[hoe]N_zu[tooth]N_min[two]NU"
"P332934",396,"r iv 30'","x[NA]NA margida[cart]N","x mar-gid₂-da",0,"x[NA]NA_margida[cart]N"
"P271911",173,"o iii 20'","ninda[seed-funnel]N apin[plow]N","ninda₂ apin",0,"ninda[seed-funnel]N_apin[plow]N"
"P370399",53,"o ii 26'","ŋeš.nud.AŠ.nud[bed]N","ŋeš-nud-AŠ-nud",0,"ŋeš.nud.AŠ.nud[bed]N"
"P429503",51,"o ii 20","ŋipar[tree]N","{ŋeš}ŋi₆-par₄",0,"ŋipar[tree]N"
"P347814",34,"a ii 5'","saŋ[head]N balak[spindle]N","{ŋeš}saŋ balak",0,"saŋ[head]N_balak[spindle]N"
"Q000039",546,"490","gag[nail]N šum[garlic]N širdili[~garlic]N","{ŋeš}gag šum₂ šir-dili",0,"gag[nail]N_šum[garlic]N_širdili[~garlic]N"
"P459226",4,"o i 1'","{ŋeš}x[NA]NA","{ŋeš}x",0,"{ŋeš}x[NA]NA"
"P271911",546,"r iv 14","ŋušur[beam]N","gu-šu-ur",0,"ŋušur[beam]N"
"P447996",167,"r ii 4","{ŋeš}MUŠ[NA]NA ŋešnimbar[palm]N","{ŋeš}MUŠ ŋešnimbar",0,"{ŋeš}MUŠ[NA]NA_ŋešnimbar[palm]N"
"P409466",6,"o 5","Matuša[1]ON","{ŋeš}ma₂-{d}tuš-a",0,"Matuša[1]ON"
"Q000001",486,"483","uzu[flesh]N e[house]N MUR-ra[NA]NA","uzu e₂ MUR-ra",0,"uzu[flesh]N_e[house]N_MUR-ra[NA]NA"
"P388265",409,"r vi 53","{ŋeš}|NINDA₂×AŠ|[NA]NA","{ŋeš}|NINDA₂×AŠ|",0,"{ŋeš}|NINDA₂×AŠ|[NA]NA"
"P253233",36,"r i 4'","ŋipar[tree]N","{ŋeš}ŋi₆-par₄",0,"ŋipar[tree]N"
"P271301",400,"r iii 33","ma[ship]N 70[NA]NA gur[unit]N","{ŋeš}ma₂ 70 gur",0,"ma[ship]N_70[NA]NA_gur[unit]N"
"P271911",98,"o ii 23","garig[comb]N","{+qa-ri-im}ga-rig₂",0,"garig[comb]N"
"P247864",286,"o v 34","{ŋeš}x-x-x[NA]NA","{ŋeš}x-x-x",0,"{ŋeš}x-x-x[NA]NA"
"P250736",206,"r ii 10","sab[jar]N tur[small]V/i","{dug}sab tur",0,"sab[jar]N_tur[small]V/i"
"P459217",32,"ii 8'","ildag[poplar]N kur[mountain]N","{ŋeš}ildag₂ kur",0,"ildag[poplar]N_kur[mountain]N"
"P347814",100,"b i 25'","{ŋeš}x[NA]NA apin[plow]N","{ŋeš}x apin",0,"{ŋeš}x[NA]NA_apin[plow]N"
"Q000001",375,"374a","x-LAGAB[NA]NA","x-LAGAB",0,"x-LAGAB[NA]NA"
"P332934",87,"o ii 4","manu[wood]N","{ŋeš}ma-nu",0,"manu[wood]N"
"P388265",7,"i 9","mes.TU[tree]N","{ŋeš}mes-TU",0,"mes.TU[tree]N"
"P253228",95,"r iii 12'","{ŋeš}x-x-x[NA]NA","{ŋeš}x-x-x",0,"{ŋeš}x-x-x[NA]NA"
"P447996",182,"r ii 19","Mašaghula[1]ON","{ŋeš}ma₂-šag₄-hul₂-la",0,"Mašaghula[1]ON"
"P271301",234,"o v 7'","ba[tool]N pa-x[NA]NA","{ŋeš}ba pa-x",0,"ba[tool]N_pa-x[NA]NA"
"P273880",488,"c ii 32","ma[ship]N 15[NA]NA gur[unit]N","{ŋeš}ma₂ 15 gur",0,"ma[ship]N_15[NA]NA_gur[unit]N"
"Q000039",131,"108","{ŋeš}NE[NA]NA asal[poplar]N","{ŋeš}NE asal₂",0,"{ŋeš}NE[NA]NA_asal[poplar]N"
"P447996",7,"o iii 3'","lamgal[nut]N","{ŋeš}lam-gal",0,"lamgal[nut]N"
"P349171",6,"unknown","unknown","unknown",1,"unknown"
"P250364",103,"r i 3'","dimdim[instrument]N x[NA]NA","{ŋeš}dim₃-dim₃ x",0,"dimdim[instrument]N_x[NA]NA"
"P271301",394,"r iii 27","dimgal[pole]N ma[ship]N","{ŋeš}dim₃-gul ma₂",0,"dimgal[pole]N_ma[ship]N"
"P250736",247,"r iii 8","utul[tureen]N i[oil]N","{dug}utul₂ i₃",0,"utul[tureen]N_i[oil]N"
"P388265",200,"r ii 27","ban[unit]N baneš[container]N","{ŋeš}ba-an baneš",0,"ban[unit]N_baneš[container]N"
"Q000039",88,"70","ŋešnimbar[palm]N kud[cut]V/t","{ŋeš}ŋešnimbar kud",0,"ŋešnimbar[palm]N_kud[cut]V/t"
"P271911",227,"unknown","unknown","unknown",2,"unknown"
"P273880",23,"a i 20'","{ŋeš}x[NA]NA","{ŋeš}x",0,"{ŋeš}x[NA]NA"
"P347814",23,"unknown","unknown","unknown",1,"unknown"
"P247864",372,"o vi 56","{ŋeš}KIB-la₂[NA]NA","{ŋeš}KIB-la₂",0,"{ŋeš}KIB-la₂[NA]NA"
"P271911",413,"r ii 23","tigidlu[instrument]N","{+ti-ki-id-la}tigidla",0,"tigidlu[instrument]N"
"P447996",73,"o iv 42","peš[fig]N šergu[string]N","{ŋeš}peš₃ še-er-kum",0,"peš[fig]N_šergu[string]N"
"P253866",59,"o ii 23'","guza[chair]N niŋšu[goods]N","{ŋeš}gu-za niŋ₂-šu",0,"guza[chair]N_niŋšu[goods]N"
"P332934",277,"unknown","unknown","unknown",4,"unknown"
"P370399",135,"o iv 32'","ig[door]N miriza[plank]N","{ŋeš}ig ma-ri₂-za",0,"ig[door]N_miriza[plank]N"
"P271911",454,"unknown","unknown","unknown",1,"unknown"
"P492330",21,"o ii 4","tukul[weapon]N saŋ[head]N gaz[kill]V/t","{ŋeš}tukul saŋ gaz-gaz",0,"tukul[weapon]N_saŋ[head]N_gaz[kill]V/t"
"Q000039",362,"320","ir[peg]N","{ŋeš}ir",0,"ir[peg]N"
"P273880",242,"b ii 35","ba[tool]N samag[birthmark]N","{ŋeš}ba samag",0,"ba[tool]N_samag[birthmark]N"
"Q000039",321,"283","ma[ship]N niš[twenty]NU gur[unit]N","{ŋeš}ma₂ niš gur",0,"ma[ship]N_niš[twenty]NU_gur[unit]N"
"Q000039",21,"19","šinig[tamarisk]N dili[single]V/i","{ŋeš}šinig dili",0,"šinig[tamarisk]N_dili[single]V/i"
"P273880",450,"c i 55","{ŋeš}a-x[NA]NA","{ŋeš}a-x",0,"{ŋeš}a-x[NA]NA"
"P273880",509,"c ii 54","{ŋeš}x-x[NA]NA aga[ax]N","{ŋeš}x-x aga",0,"{ŋeš}x-x[NA]NA_aga[ax]N"
"P273880",554,"c iii 39","ŋešnimbar[palm]N x-x[NA]NA","{ŋeš}ŋešnimbar x-x",0,"ŋešnimbar[palm]N_x-x[NA]NA"
"P429503",10,"o i 7","ŋešgana[tree]N babbar[white]V/i","ŋeš-kin₂ babbar",0,"ŋešgana[tree]N_babbar[white]V/i"
"P271911",206,"o iii 48'","u[ride]V/t ŋušur[harrow]N","u₅ niŋ₂-gan₂-ur₃",0,"u[ride]V/t_ŋušur[harrow]N"
"P271301",352,"r ii 36","ŋešgana[pestle]N","ŋeš-gan-na",0,"ŋešgana[pestle]N"
"P251649",9,"o 8","ŋidru[scepter]N harmušen[snare]N","{ŋeš}ŋidru har-mušen-na",0,"ŋidru[scepter]N_harmušen[snare]N"
"P271911",12,"o i 6'","ig[door]N šurmen[cypress]N","ig {ŋeš}šu-ur₂-min₃",0,"ig[door]N_šurmen[cypress]N"
"P253874",12,"o 9","gabaŋal[guard]N gigir[chariot]N","{ŋeš}gaba-ŋal₂ gigir",0,"gabaŋal[guard]N_gigir[chariot]N"
"P253233",7,"o i 2","dilim[spoon]N kag[mouth]N","{ŋeš}dilim₂ ka",0,"dilim[spoon]N_kag[mouth]N"
"P346714",44,"r ii 12'","muš[snake]N apin[plow]N","{ŋeš}muš apin",0,"muš[snake]N_apin[plow]N"
"P332934",273,"r ii 2'","{ŋeš}x[NA]NA","{ŋeš}x",0,"{ŋeš}x[NA]NA"
"P437074",18,"unknown","unknown","unknown",999,"unknown"
"Q000039",526,"470","ŋušur[harrow]N zu[tooth]N gal[big]V/i","{ŋeš}gana₂-ur₃ zu₂ gal-gal",0,"ŋušur[harrow]N_zu[tooth]N_gal[big]V/i"
"P271911",415,"r ii 25","tigidlu[instrument]N sa[sinew]N eš[three]NU","tigidla sa uš",0,"tigidlu[instrument]N_sa[sinew]N_eš[three]NU"
"P271911",261,"o iv 28","ya[five]NU sila[unit]N","ia₂ sila₃",0,"ya[five]NU_sila[unit]N"
"P459216",101,"r i 6'","guza[chair]N gar[knob]N kugsig[gold]N ŋar[place]V/t","{ŋeš}gu-za gar₃ kug-sig₁₇ ŋar",0,"guza[chair]N_gar[knob]N_kugsig[gold]N_ŋar[place]V/t"
"P271911",257,"unknown","unknown","unknown",1,"unknown"
"Q000039",391,"348","usan[whip]N","{ŋeš}usan₃",0,"usan[whip]N"
"P459218",8,"o i 12'","ig[door]N maštab[twin]N","{ŋeš}ig maš-tab",0,"ig[door]N_maštab[twin]N"
"Q000039",21,"19","šinig[tamarisk]N dili[single]V/i","{ŋeš}šinig dili",0,"šinig[tamarisk]N_dili[single]V/i"
"P429505",6,"4'","ŋešnimbar[palm]N šeŋ[cook]V/t","{ŋeš}ŋešnimbar šeŋ₆",0,"ŋešnimbar[palm]N_šeŋ[cook]V/t"
"P235262",39,"c ii 12'","banšur[table]N saŋdu[head]N","{ŋeš}banšur saŋ-du",0,"banšur[table]N_saŋdu[head]N"
"P250736",39,"o ii 11","gi[reed]N diš[one]NU nindan[pole]N","gi diš nindan",0,"gi[reed]N_diš[one]NU_nindan[pole]N"
"P447996",84,"o v 9","hašhur[apple]N baza[dwarf]N","{ŋeš}hašhur ba-za",0,"hašhur[apple]N_baza[dwarf]N"
"P437074",183,"c ii 17'","{ŋeš}x[NA]NA x[NA]NA","{ŋeš}x x",0,"{ŋeš}x[NA]NA_x[NA]NA"
"P273880",603,"c iv 37","x-x[NA]NA","x-x",0,"x-x[NA]NA"
"P346714",144,"r iv 24'","x[NA]NA igi-x[NA]NA","x igi-x",0,"x[NA]NA_igi-x[NA]NA"
"P271911",330,"r i 20'","LAGAB[NA]NA illar[weapon]N","LAGAB illar",0,"LAGAB[NA]NA_illar[weapon]N"
"P247864",448,"r i 8","egir[back]N ŋešnud[bed]N","{ŋeš}egir nud",0,"egir[back]N_ŋešnud[bed]N"
"P459216",91,"iv 5'","{ŋeš}x[NA]NA","{ŋeš}x",0,"{ŋeš}x[NA]NA"
"P253874",10,"o 7","umbin[wheel]N gigir[chariot]N","{ŋeš}umbin gigir",0,"umbin[wheel]N_gigir[chariot]N"
"P271519",12,"o ii' 4","šuʾa[stool]N šuʾi[barber]N","{ŋeš}šu₂-a šu-i",0,"šuʾa[stool]N_šuʾi[barber]N"
"P247864",54,"o i 51","peš[fig]N sur[press]V/t","{ŋeš}peš₃ sur",0,"peš[fig]N_sur[press]V/t"
"P388265",198,"r ii 25","kul[handle]N mar[shovel]N","{ŋeš}kul mar",0,"kul[handle]N_mar[shovel]N"
"P253228",101,"r iii 18'","urnum[cedar]N","{ŋeš}ur-nu-um",0,"urnum[cedar]N"
"Q000001",49,"49","udu[sheep]N namraʾak[booty]N","udu nam-ra-ak",0,"udu[sheep]N_namraʾak[booty]N"
"P332934",162,"o ii 78","ŋešnimbar[palm]N x[NA]NA","{ŋeš}ŋešnimbar x",0,"ŋešnimbar[palm]N_x[NA]NA"
"P370399",107,"o iv 4'","gagsila[harness]N","{ŋeš}gag-sila₃",0,"gagsila[harness]N"
"P492330",12,"o i 10","ŋeš[tree]N x-x-bi[NA]NA","ŋeš x-x-bi",0,"ŋeš[tree]N_x-x-bi[NA]NA"
"P271301",304,"r i 32","ŋešnud[bed]N umbin[nail]N","ŋeš-nud umbin",0,"ŋešnud[bed]N_umbin[nail]N"
"P253866",33,"o i 28'","gag[nail]N","{ŋeš}gag",0,"gag[nail]N"
"P347814",250,"d i 5'","gam[crook]N","{ŋeš}gam₃",0,"gam[crook]N"
"P271911",29,"o i 20'","x[NA]NA","x",0,"x[NA]NA"
"Q000039",434,"387","ig[door]N kan[gate]N egal[palace]N","{ŋeš}ig kan₄ e₂-gal",0,"ig[door]N_kan[gate]N_egal[palace]N"
"P388265",115,"iv 32","pa[branch]N ŋešnimbar[palm]N","{ŋeš}pa ŋešnimbar",0,"pa[branch]N_ŋešnimbar[palm]N"
"P271301",20,"o i 17","ŋešgana[tree]N sissig[green]V/i","ŋeš-kin₂ sig",0,"ŋešgana[tree]N_sissig[green]V/i"
"P271911",469,"r iii 6","hedu[ornament]N","he₂-du₇",0,"hedu[ornament]N"
"P253866",21,"o i 16'","saŋ[head]N il[raise]V/t","{ŋeš}saŋ il₂",0,"saŋ[head]N_il[raise]V/t"
"P347814",252,"unknown","unknown","unknown",1,"unknown"
"P437074",88,"b ii 12''","guza[chair]N sirda[cnne]N","{ŋeš}gu-za sir₃-da",0,"guza[chair]N_sirda[cnne]N"
"P273880",498,"c ii 43","šita[weapon]N ma[ship]N","{ŋeš}šita₄ ma₂",0,"šita[weapon]N_ma[ship]N"
"P250736",269,"r iii 30","ubur[breast]N imin[seven]NU","{dug}ubur imin",0,"ubur[breast]N_imin[seven]NU"
"P225062",4,"o i 1","allanum[oak]N","{ŋeš}al-la-nu-um",0,"allanum[oak]N"
"P459216",93,"unknown","unknown","unknown",999,"unknown"
"P346714",20,"r i 24'","zara[pivot]N margida[cart]N","{ŋeš}za-ra mar-gid₂-da",0,"zara[pivot]N_margida[cart]N"
"P247864",284,"o v 32","{ŋeš}DA-x[NA]NA","{ŋeš}DA-x",0,"{ŋeš}DA-x[NA]NA"
"P250736",247,"r iii 8","utul[tureen]N i[oil]N","{dug}utul₂ i₃",0,"utul[tureen]N_i[oil]N"
"P273880",528,"c iii 13","su[fibers]N ŋešnimbar[palm]N","{ŋeš}su₁₁ ŋešnimbar",0,"su[fibers]N_ŋešnimbar[palm]N"
"P250736",24,"o i 20","gisig[fence]N ašag[field]N","gi-sig a-šag₄",0,"gisig[fence]N_ašag[field]N"
"Q000039",58,"50","mes[tree]N Magan[1]GN","{ŋeš}mes ma₂-gan-na",0,"mes[tree]N_Magan[1]GN"
"P225109",4,"o i 1","margida[cart]N","{ŋeš}mar-gid₂-da",0,"margida[cart]N"
"P253230",31,"o ii 9","apin[plow]N tugsaga[plow]N","{ŋeš}apin dug₃-sig₁₈",0,"apin[plow]N_tugsaga[plow]N"
"P271301",382,"r iii 15","ma[ship]N Magan[1]GN","{ŋeš}ma₂ ma₂-gan-na",0,"ma[ship]N_Magan[1]GN"
"P271911",168,"o iii 16'","saŋ[head]N apin[plow]N","saŋ apin",0,"saŋ[head]N_apin[plow]N"
"P437074",64,"b ii 7'","leʾum[board]N","{ŋeš}le-um",0,"leʾum[board]N"
"P388265",252,"unknown","unknown","unknown",1,"unknown"
"Q000001",281,"281","muš[snake]N kun[tail]N kud[cut]V/t","muš kun kud",0,"muš[snake]N_kun[tail]N_kud[cut]V/t"
"P271771",12,"o ii 10","az[myrtle]N","{ŋeš}{šim}az",0,"az[myrtle]N"
"P273880",278,"b iii 2","dilim[spoon]N banšur[table]N","{ŋeš}dilim₂ {ŋeš}banšurₓ(|URU×IGI.URUDA|)",0,"dilim[spoon]N_banšur[table]N"
"P225062",5,"o i 2","zumdianum[tree]N","{ŋeš}zum-di-a-num₂",0,"zumdianum[tree]N"
"P271911",56,"o i 37'","suhur[tool]N","suhur",0,"suhur[tool]N"
"P299509",2,"2","ŋeš.nud.AŠ.nud[bed]N","ŋeš-nud-AŠ-nud",0,"ŋeš.nud.AŠ.nud[bed]N"
"Q000039",365,"323","šibir[staff]N","{ŋeš}šibir",0,"šibir[staff]N"
"P271911",457,"r ii 57","gam[haft]N ŋiri[dagger]N šuʾi[barber]N","kin ŋiri₂ šu-i",0,"gam[haft]N_ŋiri[dagger]N_šuʾi[barber]N"
"P271911",135,"o ii 55","ŋešrin[scales]N manala[weighmaster]N","rin₂ ma-ŋa₂-la₂",0,"ŋešrin[scales]N_manala[weighmaster]N"
"P437074",86,"b ii 10''","guza[chair]N sag[good]V/i","{ŋeš}gu-za sag₁₀",0,"guza[chair]N_sag[good]V/i"
"P459227",9,"unknown","unknown","unknown",999,"unknown"
"Q000039",254,"218","ŋešnud[bed]N umbin[nail]N","ŋeš-nud umbin",0,"ŋešnud[bed]N_umbin[nail]N"
"P346714",31,"r i 35'","{ŋeš}x[NA]NA","{ŋeš}x",0,"{ŋeš}x[NA]NA"
"P429503",135,"r ii' 11'","si[horn]N ma[ship]N","{ŋeš}si ma₂",0,"si[horn]N_ma[ship]N"
"P253238",4,"o 1'","šinig[tamarisk]N","{ŋeš}šinig",0,"šinig[tamarisk]N"
"P271911",112,"o ii 35","madal[pole]N","{+ma-ad-li}BU",0,"madal[pole]N"
"P459216",192,"r iv 24'","gag[nail]N šudul[yoke]N margida[cart]N","{ŋeš}gag šudul₄ mar-gid₂-da",0,"gag[nail]N_šudul[yoke]N_margida[cart]N"
"P271301",166,"o iii 54","andul[shade]N nud[lie]V/t ŋešnimbar[palm]N","{ŋeš}an-dul nud ŋešnimbar",0,"andul[shade]N_nud[lie]V/t_ŋešnimbar[palm]N"
"P250364",37,"o ii 12","apin[plow]N šu[hand]N","{ŋeš}apin šu",0,"apin[plow]N_šu[hand]N"
"P271301",292,"r i 20","šuʾa[stool]N burgul[stone-cutter]N","{ŋeš}šuaₓ(|ŠU₂×(A.DIŠ)|) bur-gul",0,"šuʾa[stool]N_burgul[stone-cutter]N"
"Q000039",221,"186a","guza[chair]N gidim[ghost]N","{ŋeš}gu-za gidim",0,"guza[chair]N_gidim[ghost]N"
"P247864",445,"r i 5","saŋ[head]N ŋešnud[bed]N","{ŋeš}saŋ nud",0,"saŋ[head]N_ŋešnud[bed]N"
"P271911",331,"unknown","unknown","unknown",1,"unknown"
"P247864",382,"o vii 1'","{ŋeš}a-x[NA]NA","{ŋeš}a-x",0,"{ŋeš}a-x[NA]NA"
"P271301",179,"o iv 13","su[fibers]N gal[big]V/i ŋešnimbar[palm]N","{ŋeš}su₁₁ gu-la ŋešnimbar",0,"su[fibers]N_gal[big]V/i_ŋešnimbar[palm]N"
"P253233",65,"r ii 15'","ŋeštinkaʾa[grape]N","{ŋeš}ŋeštin-ka₅-a",0,"ŋeštinkaʾa[grape]N"
"P459226",30,"o ii 10'","manu[wood]N x[NA]NA","{ŋeš}ma-nu x",0,"manu[wood]N_x[NA]NA"
"P347814",89,"b i 14'","niŋŋeštug[~plow]N apin[plow]N","{ŋeš}niŋ₂-ŋeštug apin",0,"niŋŋeštug[~plow]N_apin[plow]N"
"P388265",249,"r iii 28","saŋ[head]N ŋešnud[bed]N","{ŋeš}saŋ nud",0,"saŋ[head]N_ŋešnud[bed]N"
"P271911",318,"r i 9'","masatum[lance?]N","mi-ši-zum",0,"masatum[lance?]N"
"P235262",121,"d ii 26'","maš[~wheel]N umbin[wheel]N margida[cart]N","{ŋeš}maš₂ umbin mar-gid₂-da",0,"maš[~wheel]N_umbin[wheel]N_margida[cart]N"
"P250736",51,"o ii 23","{gi}ub-da[NA]NA","{gi}ub-da",0,"{gi}ub-da[NA]NA"
"P253228",105,"r iii 22'","eren[cedar]N","{ŋeš}eren",0,"eren[cedar]N"
"Q000039",777,"706","ŋeš[tree]N šuniŋin[total]N","ŋeš šu-niŋin₂",0,"ŋeš[tree]N_šuniŋin[total]N"
"P459217",106,"iv 28","ŋešnimbar[palm]N al-x[NA]NA","{ŋeš}ŋešnimbar al-x",0,"ŋešnimbar[palm]N_al-x[NA]NA"
"P271911",121,"o ii 42","gur[rim]N ala[drum]N","gur₂ a₂-la₂",0,"gur[rim]N_ala[drum]N"
"P459217",29,"ii 5'","allanum[oak]N","{ŋeš}al-la-nu-um",0,"allanum[oak]N"
"P429503",51,"o ii 20","ŋipar[tree]N","{ŋeš}ŋi₆-par₄",0,"ŋipar[tree]N"
"Q000039",127,"104","pešbandazi[offshoot]N ŋešnimbar[palm]N","{ŋeš}peš-banda₃-zi ŋešnimbar",0,"pešbandazi[offshoot]N_ŋešnimbar[palm]N"
"P250363",15,"r 2","saŋkul[bolt]N","{ŋeš}saŋ-kul",0,"saŋkul[bolt]N"
"P459217",97,"iv 19","tubala[harness]N ŋešnimbar[palm]N","{ŋeš}tubaₓ(TUG₂) ŋešnimbar",0,"tubala[harness]N_ŋešnimbar[palm]N"
"P253874",12,"o 9","gabaŋal[guard]N gigir[chariot]N","{ŋeš}gaba-ŋal₂ gigir",0,"gabaŋal[guard]N_gigir[chariot]N"
"P388265",306,"r iv 47","SAL.UŠ[sheath]N x[NA]NA","{ŋeš}|SAL.UŠ| x",0,"SAL.UŠ[sheath]N_x[NA]NA"
"P273880",47,"a ii 14'","{ŋeš}x[NA]NA","{ŋeš}x",0,"{ŋeš}x[NA]NA"
"P271771",139,"r iii 9'","si[horn]N ma[ship]N","{ŋeš}si ma₂",0,"si[horn]N_ma[ship]N"
"P388265",96,"iv 13","ŋešnimbar[palm]N kud[cut]V/t","{ŋeš}ŋešnimbar kud",0,"ŋešnimbar[palm]N_kud[cut]V/t"
"P432448",2,"unknown","unknown","unknown",999,"unknown"
"P271911",560,"r iv 25","tukul[weapon]N nisiki[comb]N","tukul MAŠ-LA-UMBIN",0,"tukul[weapon]N_nisiki[comb]N"
"P346714",127,"r iv 07'","niŋ[thing]N šanabi[two-thirds]N sila[unit]N","{ŋeš}niŋ₂ šanabi sila₃",0,"niŋ[thing]N_šanabi[two-thirds]N_sila[unit]N"
"P250736",274,"r iii 35","katab[lid]N šurin[oven]N","ka-tab {im}šu-rin",0,"katab[lid]N_šurin[oven]N"
"P272243",7,"o i' 2'","x[NA]NA","x",0,"x[NA]NA"
"P271911",49,"unknown","unknown","unknown",1,"unknown"
"P271301",409,"r iii 42","mete[appropriate-thing]N ma[ship]N","{ŋeš}me-te ma₂",0,"mete[appropriate-thing]N_ma[ship]N"
"P271911",78,"o ii 7","il[basket]N siki[hair]N","il₂ siki",0,"il[basket]N_siki[hair]N"
"Q000039",402,"357a","margida[cart]N","{ŋeš}mar-gid₂-da",0,"margida[cart]N"
"P332934",306,"r iii 9'","ma[ship]N {d}gu₂-du₈[NA]NA niŋ₂-da[NA]NA","{ŋeš}ma₂ {d}gu₂-du₈ niŋ₂-da",0,"ma[ship]N_{d}gu₂-du₈[NA]NA_niŋ₂-da[NA]NA"
"P271911",51,"o i 34'","gag[nail]N aškud[~door]N","gag aškudₓ(|A₂.ZA.AN.MUŠ₃|)",0,"gag[nail]N_aškud[~door]N"
"P459218",28,"o ii 7'","niŋmenbulug[~loom]N","{ŋeš}niŋ₂-menbulug₂",0,"niŋmenbulug[~loom]N"
"P273880",91,"a iii 29'","kadu[cover]N gigir[chariot]N","{ŋeš}ka-du₃ gigir",0,"kadu[cover]N_gigir[chariot]N"
"P459217",150,"r ii 19'","tun[container]N muhaldim[cook]N","{ŋeš}tun₃ muhaldim",0,"tun[container]N_muhaldim[cook]N"
"P250364",171,"unknown","unknown","unknown",1,"unknown"
"P250364",124,"r ii 9'","{ŋeš}x[NA]NA","{ŋeš}x",0,"{ŋeš}x[NA]NA"
"P247864",113,"o ii 50","{ŋeš}x[NA]NA x-ra[NA]NA","{ŋeš}x x-ra",0,"{ŋeš}x[NA]NA_x-ra[NA]NA"
"P273880",117,"a iv 5'","saŋkul[bolt]N","{ŋeš}saŋ-kul",0,"saŋkul[bolt]N"
"P253228",100,"r iii 17'","{ŋeš}x-x-nu-um[NA]NA","{ŋeš}x-x-nu-um",0,"{ŋeš}x-x-nu-um[NA]NA"
"P459217",72,"iii 22","ŋešnimbar[palm]N","{ŋeš}ŋešnimbar",0,"ŋešnimbar[palm]N"
"P250736",154,"r i 8","ig[door]N x-x[NA]NA","{gi}ig x-x",0,"ig[door]N_x-x[NA]NA"
"Q000039",221,"186a","guza[chair]N gidim[ghost]N","{ŋeš}gu-za gidim",0,"guza[chair]N_gidim[ghost]N"
"P388265",163,"r i 41","kur[wood]N","{ŋeš}kur",0,"kur[wood]N"
"Q000001",306,"306","munus[woman]N ugubi[monkey]N","munus {+ugu}ugu₄-bi",0,"munus[woman]N_ugubi[monkey]N"
"P429503",154,"r ii' 30'","eškiri[rope]N","{ŋeš}eškiri",0,"eškiri[rope]N"
"Q000039",402,"357a","margida[cart]N","{ŋeš}mar-gid₂-da",0,"margida[cart]N"
"P253228",71,"r ii 10'","ŋeštinkira[berry]N","ŋeštin-kur",0,"ŋeštinkira[berry]N"
"P459216",83,"iii 22","hara[shoot]N ŋešnimbar[palm]N","{ŋeš}ha-ra ŋešnimbar",0,"hara[shoot]N_ŋešnimbar[palm]N"
"P271911",191,"o iii 35'","sala[~plow]N apin[plow]N","sal-la apin",0,"sala[~plow]N_apin[plow]N"
"P273880",300,"b iii 24","mar[shovel]N gir[oven]N","{ŋeš}mar gir₄",0,"mar[shovel]N_gir[oven]N"
"Q000039",17,"15","šedug[tree]N","{ŋeš}še-dug₃",0,"šedug[tree]N"
"Q000039",281,"245","murzanum[wooden-object]N","{ŋeš}muru₅-za-nu-um",0,"murzanum[wooden-object]N"
"P247864",122,"o ii 59","ninda[seed-funnel]N apin[plow]N","{ŋeš}|NINDA₂×NUMUN| apin",0,"ninda[seed-funnel]N_apin[plow]N"
"P271911",104,"o ii 29","garig[comb]N šukama[need]N","ga-rig₂ šu-kam₂-ma",0,"garig[comb]N_šukama[need]N"
"P271771",126,"r ii 13'","emerah[jug]N ŋeštug[ear]N","{ŋeš}emerahₓ(|UD.HUB₂|) ŋeštug",0,"emerah[jug]N_ŋeštug[ear]N"
"P253866",52,"o ii 16'","guza[chair]N munus[woman]N","{ŋeš}gu-za munus",0,"guza[chair]N_munus[woman]N"
"P271301",209,"o iv 43","zutianum[tree]N","{ŋeš}zu₃-te-nu-um",0,"zutianum[tree]N"
"P332934",106,"o ii 23","tir[forest]N hašur[tree]N","{ŋeš}tir {ŋeš}ha-šur",0,"tir[forest]N_hašur[tree]N"
"P250371",4,"o 2","gaba[chest]N gigir[chariot]N","{ŋeš}gaba gigir",0,"gaba[chest]N_gigir[chariot]N"
"P332934",154,"o ii 70","ŋešnimbar[palm]N al-x[NA]NA","{ŋeš}ŋešnimbar al-x",0,"ŋešnimbar[palm]N_al-x[NA]NA"
"P459216",89,"iv 3'","{ŋeš}x[NA]NA","{ŋeš}x",0,"{ŋeš}x[NA]NA"
"P347814",100,"b i 25'","{ŋeš}x[NA]NA apin[plow]N","{ŋeš}x apin",0,"{ŋeš}x[NA]NA_apin[plow]N"
"P247864",383,"o vii 2'","{ŋeš}x[NA]NA","{ŋeš}x",0,"{ŋeš}x[NA]NA"
"P432448",12,"o 6'","ŋešgana[tree]N","ŋeš-kin₂",0,"ŋešgana[tree]N"
"P229173",4,"o 3","mes[tree]N Kiʾengir[Sumer]GN","{ŋeš}mes ki-in-gi-ra",0,"mes[tree]N_Kiʾengir[Sumer]GN"
"P250736",240,"r iii 1","niŋdurburu[fermenting-vat]N","{dug}niŋ₂-buru₃-buru₃",0,"niŋdurburu[fermenting-vat]N"
"Q000001",195,"195","gud[ox]N x[NA]NA","gud x",0,"gud[ox]N_x[NA]NA"
"Q000039",325,"287","ma[ship]N tur[small]V/i","{ŋeš}ma₂ tur",0,"ma[ship]N_tur[small]V/i"
"P250364",122,"r ii 7'","nisiki[comb]N","{ŋeš}niŋ₂-sigₓ(UMBIN)",0,"nisiki[comb]N"
"P332934",31,"o i 27","peš[fig]N Mari[1]SN","{ŋeš}peš₃ ma₂-ri₂{ki}",0,"peš[fig]N_Mari[1]SN"
"P459218",65,"o iii 16","apin[plow]N tugsaga[plow]N","{ŋeš}apin tug₂-saga₁₁",0,"apin[plow]N_tugsaga[plow]N"
"P346714",23,"r i 27'","dub[knee]N bar[outside]V/t margida[cart]N","{ŋeš}dub₃ bar mar-gid₂-da",0,"dub[knee]N_bar[outside]V/t_margida[cart]N"
"P273880",424,"unknown","unknown","unknown",3,"unknown"
"Q000001",237,"237","amar[young]N gunu[speckled]V/i","amar gun₃",0,"amar[young]N_gunu[speckled]V/i"
"P247864",319,"o vi 3","tukul[weapon]N","{ŋeš}tukul",0,"tukul[weapon]N"
"P388265",270,"r iv 10","dilim[spoon]N kag[mouth]N","{ŋeš}dilim₂ ka",0,"dilim[spoon]N_kag[mouth]N"
"P253238",17,"o 14'","šimgig[tree]N","{ŋeš}šim-gig",0,"šimgig[tree]N"
"P332934",212,"o iii 50","su[fibers]N peš[comb]V/t ŋešnimbar[palm]N","{ŋeš}su₁₁ peš ŋešnimbar",0,"su[fibers]N_peš[comb]V/t_ŋešnimbar[palm]N"
"P271911",149,"unknown","unknown","unknown",999,"unknown"
"P253233",26,"o ii 9","dilim[spoon]N banšur[table]N","{ŋeš}dilim₂ banšur",0,"dilim[spoon]N_banšur[table]N"
"P247864",38,"o i 35","dih[weed]N hursaŋ[mountain]N","{ŋeš}dih₃ hur-saŋ",0,"dih[weed]N_hursaŋ[mountain]N"
"P370399",106,"o iv 3'","margida[cart]N x[NA]NA","{ŋeš}mar-gid₂-da x",0,"margida[cart]N_x[NA]NA"
"P277271",6,"o 4'","x[NA]NA","x",0,"x[NA]NA"
"P271771",110,"r i 16'","šuʾa[stool]N tibira[sculptor]N","{ŋeš}šuaₓ(|ŠU₂×(A.DIŠ)|) tibira(|URUDA.NAGAR|)",0,"šuʾa[stool]N_tibira[sculptor]N"
"P271911",253,"o iv 22","bariga[unit]N","ba-ri₂-ga",0,"bariga[unit]N"
"P273880",225,"b ii 14","{ŋeš}šu-x[NA]NA","{ŋeš}šu-x",0,"{ŋeš}šu-x[NA]NA"
"P347814",121,"b ii 5'","ŋidru[scepter]N harmušen[snare]N","{ŋeš}ŋidru har-mušen-na",0,"ŋidru[scepter]N_harmušen[snare]N"
"P271911",249,"o iv 19","lidga[vessel]N","{+du-uṭ-ṭu}DIŠ",0,"lidga[vessel]N"
"P271911",489,"r iii 26","hal-meš[NA]NA","hal-meš",0,"hal-meš[NA]NA"
"P437074",92,"b ii 16''","guza[chair]N aratta[important]AJ","{ŋeš}gu-za aratta{ki}",0,"guza[chair]N_aratta[important]AJ"
"P271301",231,"o v 4'","ba[tool]N","{ŋeš}ba",0,"ba[tool]N"
"X100003",6,"o 5","šagkal[tree]N","{ŋeš}šag₄-ul₄",0,"šagkal[tree]N"
"Q000039",723,"651a","gam[crook]N ŋiri[dagger]N muhaldim[cook]N","{ŋeš}kab ŋiri₂ muhaldim",0,"gam[crook]N_ŋiri[dagger]N_muhaldim[cook]N"
"P250736",230,"r ii 34","burzi[bowl]N niŋzid[righteousness]N","{dug}bur-zi niŋ₂-zid-da",0,"burzi[bowl]N_niŋzid[righteousness]N"
"Q000039",153,"129","huš[plant]N","{ŋeš}huš",0,"huš[plant]N"
"Q000001",62,"62","udu[sheep]N zag[side]N urri[~sheep]N","udu zag ur₂-ri-a",0,"udu[sheep]N_zag[side]N_urri[~sheep]N"
"Q000001",450,"449","uzu[flesh]N ur[root]N kun[tail]N","uzu ur₂ kun",0,"uzu[flesh]N_ur[root]N_kun[tail]N"
"P271911",426,"r ii 32","gag[nail]N uzu[flesh]N la[hang]V/t","gag uzu la₂",0,"gag[nail]N_uzu[flesh]N_la[hang]V/t"
"Q000039",519,"463","leʾum[board]N apin[plow]N","{ŋeš}le apin",0,"leʾum[board]N_apin[plow]N"
"P388265",124,"r i 2","igiŋal[sign]N","{ŋeš}igi-ŋal₂",0,"igiŋal[sign]N"
"P332934",136,"o ii 53","tiʾarum[tree]N","{ŋeš}ti-i-lum",0,"tiʾarum[tree]N"
"P247864",399,"o vii 18'","{ŋeš}x-a[NA]NA","{ŋeš}x-a",0,"{ŋeš}x-a[NA]NA"
"P347814",51,"a ii 22'","{ŋeš}x[NA]NA","{ŋeš}x",0,"{ŋeš}x[NA]NA"
"P253238",26,"r 3","ildag[poplar]N šitan[water-channel]N","{ŋeš}ildag₂ šita₃",0,"ildag[poplar]N_šitan[water-channel]N"
"P253866",32,"o i 27'","ig[door]N abula[gate]N","{ŋeš}ig abul",0,"ig[door]N_abula[gate]N"
"P447996",116,"o v 41","ŋešnimbar[palm]N šeŋ[cook]V/t","{ŋeš}ŋešnimbar šeŋ₆",0,"ŋešnimbar[palm]N_šeŋ[cook]V/t"
"P235262",58,"d i 1'","{ŋeš}LUM[NA]NA AŠ₂[NA]NA ma[ship]N","{ŋeš}LUM AŠ₂ ma₂",0,"{ŋeš}LUM[NA]NA_AŠ₂[NA]NA_ma[ship]N"
"P253233",65,"r ii 15'","ŋeštinkaʾa[grape]N","{ŋeš}ŋeštin-ka₅-a",0,"ŋeštinkaʾa[grape]N"
"P370399",75,"o iii 14'","banšur[table]N lu₂-du₇[NA]NA","{ŋeš}banšur lu₂-du₇",0,"banšur[table]N_lu₂-du₇[NA]NA"
"Q000039",422,"377","ig[door]N i[oil]N šeš[anoint]V/t","{ŋeš}ig i₃ šeš₂",0,"ig[door]N_i[oil]N_šeš[anoint]V/t"
"P273880",167,"b i 10'","guza[chair]N namlugal[kingship]N","{ŋeš}gu-za nam-lugal",0,"guza[chair]N_namlugal[kingship]N"
"P247864",366,"o vi 50","dilim[spoon]N tur[small]V/i","{ŋeš}dilim₂ tur",0,"dilim[spoon]N_tur[small]V/i"
"P459218",12,"o i 16'","suku[pole]N ig[door]N","{ŋeš}suku₅ ig",0,"suku[pole]N_ig[door]N"
"P271911",213,"o iii 54'","al[hoe]N zu[tooth]N","al zu₂",0,"al[hoe]N_zu[tooth]N"
"Q000001",51,"51","udu[sheep]N Eana[1]TN","udu e₂-an-na",0,"udu[sheep]N_Eana[1]TN"
"P228196",6,"6","ganum[stand]N ga[milk]N","{ŋeš}gan-nu ga",0,"ganum[stand]N_ga[milk]N"
"P459216",101,"r i 6'","guza[chair]N gar[knob]N kugsig[gold]N ŋar[place]V/t","{ŋeš}gu-za gar₃ kug-sig₁₇ ŋar",0,"guza[chair]N_gar[knob]N_kugsig[gold]N_ŋar[place]V/t"
"P332939",37,"unknown","unknown","unknown",999,"unknown"
"Q000039",733,"662","{ŋeš}ŋir₃-re[NA]NA","{ŋeš}ŋir₃-re",0,"{ŋeš}ŋir₃-re[NA]NA"
"P346714",85,"r iii 07'","esi[tree]N","{ŋeš}esi",0,"esi[tree]N"
"P271301",142,"o iii 30","ŋešnimbar[palm]N ug[die]V/t","{ŋeš}ŋešnimbar al-ug₅-ga",0,"ŋešnimbar[palm]N_ug[die]V/t"
"P429503",96,"unknown","unknown","unknown",999,"unknown"
"P388265",167,"r i 45","SUD[post-or-stake?]N","{ŋeš}SUD",0,"SUD[post-or-stake?]N"
"P346714",107,"r iii 29'","alšub[tool]N","{ŋeš}al-šub",0,"alšub[tool]N"
"P388265",280,"r iv 20","ig[door]N $MAŠ[NA]NA barda[crossbar]N","{ŋeš}ig $MAŠ bar-du₃-a",0,"ig[door]N_$MAŠ[NA]NA_barda[crossbar]N"
"P229426",37,"r ii 11","ma[ship]N kar[harbor]N nun[prince]N e[leave]V/i","{ŋeš}ma₂ kar nun e₃",0,"ma[ship]N_kar[harbor]N_nun[prince]N_e[leave]V/i"
"P250364",37,"o ii 12","apin[plow]N šu[hand]N","{ŋeš}apin šu",0,"apin[plow]N_šu[hand]N"
"P235262",107,"d ii 12'","DUB.du₃[~vehicle]N bar[outside]V/t","{ŋeš}šid-du₁₀ bar",0,"DUB.du₃[~vehicle]N_bar[outside]V/t"
"P492330",35,"r i 5'","{ŋeš}kar₂-x[NA]NA","{ŋeš}kar₂-x",0,"{ŋeš}kar₂-x[NA]NA"
"P388265",111,"iv 28","mud[stump]N gaz[kill]V/t ŋešnimbar[palm]N","{ŋeš}mud kaš ŋešnimbar",0,"mud[stump]N_gaz[kill]V/t_ŋešnimbar[palm]N"
"P271911",228,"o iv 3","barda[crossbar]N x[NA]NA","{ŋeš}bar-da x",0,"barda[crossbar]N_x[NA]NA"
"P459218",41,"o ii 21'","antibal[sign]N","{ŋeš}an-ti-bal",0,"antibal[sign]N"
"Q000039",455,"406","gag[nail]N mud[tube]N","{ŋeš}gag mud",0,"gag[nail]N_mud[tube]N"
"P332934",242,"o iv 13'","anta[tree]N","{ŋeš}an-ta",0,"anta[tree]N"
"P253866",100,"r i 3","illar[weapon]N šu[hand]N lugal[king]N","{ŋeš}illar šu lugal",0,"illar[weapon]N_šu[hand]N_lugal[king]N"
"P253238",42,"r 19","{ŋeš}x[NA]NA x[NA]NA","{ŋeš}x x",0,"{ŋeš}x[NA]NA_x[NA]NA"
"P247864",67,"o ii 4","nurma[pomegranate]N","{ŋeš}nu-ur₂-ma",0,"nurma[pomegranate]N"
"P273880",646,"d i 26'","manu[wood]N","{ŋeš}ma-nu",0,"manu[wood]N"
"Q000039",613,"551a","luguda[object]N","{ŋeš}lugud₂-da",0,"luguda[object]N"
"Q000001",413,"412","uzu[flesh]N gu₂.MUR[throat]N","uzu gu₂-har",0,"uzu[flesh]N_gu₂.MUR[throat]N"
"P273880",609,"c iv 43","leʾum[board]N","{ŋeš}le-um",0,"leʾum[board]N"
"Q000039",471,"421a","garig[comb]N eban[pair]N","{ŋeš}ga-rig₂ e₂-pa-na",0,"garig[comb]N_eban[pair]N"
"P332934",140,"o ii 57","kamisarru[pear-tree]N","{ŋeš}ka-ma-ša-ru",0,"kamisarru[pear-tree]N"
"P388265",244,"r iii 23","ŋešnud[bed]N šatuku[mattress]N siki[hair]N uzud[goat]N sig[put]V/t","ŋeš-nud šag₄-tuku₅ siki uzud sig₁₀",0,"ŋešnud[bed]N_šatuku[mattress]N_siki[hair]N_uzud[goat]N_sig[put]V/t"
"P271301",381,"r iii 14","ma[ship]N Dilmun[1]GN","{ŋeš}ma₂ dilmun-na",0,"ma[ship]N_Dilmun[1]GN"
"P229426",36,"r ii 10","magur[barge]N Damu[1]DN","{ŋeš}ma₂-gur₈ {d}da-mu",0,"magur[barge]N_Damu[1]DN"
"P332934",87,"o ii 4","manu[wood]N","{ŋeš}ma-nu",0,"manu[wood]N"
"P247864",447,"r i 7","saŋki[forehead]N ŋešnud[bed]N","{ŋeš}saŋ-ki nud",0,"saŋki[forehead]N_ŋešnud[bed]N"
"P459217",8,"i 7'","peš[fig]N","{ŋeš}peš₃",0,"peš[fig]N"
"P271911",403,"r ii 16","zamin[lyre]N","za₃-mi₂",0,"zamin[lyre]N"
"P429503",7,"o i 4","halub[tree]N","{ŋeš}ha-lu-ub₂",0,"halub[tree]N"
"P332939",31,"o ii 9","ildag[poplar]N","{ŋeš}ildag₂",0,"ildag[poplar]N"
"P235262",78,"d i 21'","mete[appropriate-thing]N ma[ship]N","{ŋeš}me-te ma₂",0,"mete[appropriate-thing]N_ma[ship]N"
"P447996",138,"r i 20","{ŋeš}x[NA]NA KU-KU[NA]NA ŋešnimbar[palm]N","{ŋeš}x KU-KU ŋešnimbar",0,"{ŋeš}x[NA]NA_KU-KU[NA]NA_ŋešnimbar[palm]N"
"Q000001",412,"411","uzu[flesh]N |KA×GAR|[NA]NA gud[ox]N","uzu |KA×GAR| gud",0,"uzu[flesh]N_|KA×GAR|[NA]NA_gud[ox]N"
"P297195",4,"o 3","{ŋeš}x[NA]NA","{ŋeš}x",0,"{ŋeš}x[NA]NA"
"P271911",125,"o ii 46","gur[rim]N balaŋ[instrument]N","gur₂ balaŋ",0,"gur[rim]N_balaŋ[instrument]N"
"P332939",5,"o i 2","esi[tree]N","{ŋeš}esi",0,"esi[tree]N"
"P271301",161,"o iii 49","ŋešnimbar[palm]N maštab[twin]N","{ŋeš}ŋešnimbar maš-tab",0,"ŋešnimbar[palm]N_maštab[twin]N"
"P271301",303,"r i 31","ŋešnud[bed]N zig[rise]V/t","ŋeš-nud zig₃",0,"ŋešnud[bed]N_zig[rise]V/t"
"P459217",111,"iv 33","{ŋeš}x[NA]NA in-x-x[NA]NA","{ŋeš}x in-x-x",0,"{ŋeš}x[NA]NA_in-x-x[NA]NA"
"P447996",179,"r ii 16","Mabarmul[1]ON","{ŋeš}ma₂-bar-mul",0,"Mabarmul[1]ON"
"P388265",50,"ii 33","ildag[poplar]N kur[mountain]N","{ŋeš}ildag₂ kur",0,"ildag[poplar]N_kur[mountain]N"
"P296528",15,"r v 2'","tiʾarum[tree]N","{ŋeš}ti-a-ru-um",0,"tiʾarum[tree]N"
"P271911",66,"o i 45'","nura[~loom]N","nir-ra",0,"nura[~loom]N"
"P429503",83,"o iii 22","ŋešnimbar[palm]N x[NA]NA","{ŋeš}ŋešnimbar x",0,"ŋešnimbar[palm]N_x[NA]NA"
"Q000001",404,"403","uzu[flesh]N saŋdu[head]N","uzu saŋ-du",0,"uzu[flesh]N_saŋdu[head]N"
"P447996",171,"r ii 8","ma[ship]N hili[attractiveness]N","{ŋeš}ma₂ hi-li",0,"ma[ship]N_hili[attractiveness]N"
"P271911",198,"o iii 42'","barbar[shuttle]N apin[plow]N","bar-bar apin",0,"barbar[shuttle]N_apin[plow]N"
"P271320",37,"r i' 4'","gaba[chest]N gigir[chariot]N","{ŋeš}gaba gigir",0,"gaba[chest]N_gigir[chariot]N"
"P253233",43,"r i 11'","{ŋeš}TUK-TUK[NA]NA","{ŋeš}TUK-TUK",0,"{ŋeš}TUK-TUK[NA]NA"
"Q000001",403,"402","uzu[flesh]N","uzu",0,"uzu[flesh]N"
"P429503",14,"o i 11","ŋeš[tree]N babbar[white]V/i","ŋeš babbar",0,"ŋeš[tree]N_babbar[white]V/i"
"P253866",21,"o i 16'","saŋ[head]N il[raise]V/t","{ŋeš}saŋ il₂",0,"saŋ[head]N_il[raise]V/t"
"P273880",690,"d ii 26'","šu[handle]N kin[sickle]N","{ŋeš}šu kin",0,"šu[handle]N_kin[sickle]N"
"P271320",25,"o i 17'","guza[chair]N gar[knob]N zabar[bronze]N ŋar[place]V/t","{ŋeš}gu-za gar₃ zabar ŋar",0,"guza[chair]N_gar[knob]N_zabar[bronze]N_ŋar[place]V/t"
"P459217",10,"i 9'","hašhur[apple]N","{ŋeš}hašhur",0,"hašhur[apple]N"
"P437074",169,"c ii 2'","{ŋeš}x[NA]NA","{ŋeš}x",0,"{ŋeš}x[NA]NA"
"P271301",118,"o iii 6","zabalum[juniper]N","{ŋeš}za-ba-lum",0,"zabalum[juniper]N"
"P388265",432,"t.e. iii 4","{ŋeš}x[NA]NA","{ŋeš}x",0,"{ŋeš}x[NA]NA"
"Q000039",39,"32","lamtur[nut]N","{ŋeš}lam-tur",0,"lamtur[nut]N"
"P271301",39,"o i 36","peš[fig]N Elam[1]GN","{ŋeš}peš₃ elam-ma{ki}",0,"peš[fig]N_Elam[1]GN"
"P271301",193,"o iv 27","aʾan[spadix]N ŋešnimbar[palm]N","{ŋeš}an-na ŋešnimbar",0,"aʾan[spadix]N_ŋešnimbar[palm]N"
"P250736",43,"o ii 15","sa[bundle]N","{gi}sa",0,"sa[bundle]N"
"P429505",5,"3'","ŋešnimbar[palm]N nu-al-dar-ra[NA]NA","{ŋeš}ŋešnimbar nu-al-dar-ra",0,"ŋešnimbar[palm]N_nu-al-dar-ra[NA]NA"
"P273880",314,"b iii 42","ušub[brick-mold]N šeg[brick]N","{ŋeš}u₃-šub šeg₁₂",0,"ušub[brick-mold]N_šeg[brick]N"
"P247864",157,"o iii 31","zara[pivot]N margida[cart]N","{ŋeš}za-ra mar-gid₂-da",0,"zara[pivot]N_margida[cart]N"
"Q000001",166,"166","sila[lamb]N ga[milk]N sub[rub]V/t","sila₄ ga sub",0,"sila[lamb]N_ga[milk]N_sub[rub]V/t"
"P271911",363,"r i 47'","mar[shovel]N im[clay]N","mar im",0,"mar[shovel]N_im[clay]N"
"P459216",174,"r iv 6'","gagsila[harness]N","{ŋeš}gag-sila₃",0,"gagsila[harness]N"
"P346714",68,"r ii 36'","barbar[shuttle]N","{ŋeš}bar-bar",0,"barbar[shuttle]N"
"P253233",10,"o i 5","baneš[container]N","{ŋeš}{+ba-an}baneš",0,"baneš[container]N"
"P447996",38,"o iv 7","šinig[tamarisk]N tur[small]V/i","{ŋeš}šinig tur",0,"šinig[tamarisk]N_tur[small]V/i"
"P447996",209,"r iii 10","x-a[NA]NA","x-a",0,"x-a[NA]NA"
"P271911",178,"o iii 24'","pa[branch]N usuh[tree]N apin[plow]N","pa u₃-suh₅ apin",0,"pa[branch]N_usuh[tree]N_apin[plow]N"
"P271911",514,"unknown","unknown","unknown",1,"unknown"
"P459216",177,"r iv 9'","DUB.du₃[~vehicle]N bar[outside]V/t","{ŋeš}šid-du₁₀ bar",0,"DUB.du₃[~vehicle]N_bar[outside]V/t"
"P459216",12,"i 10","ŋeštin[vine]N","{ŋeš}ŋeštin",0,"ŋeštin[vine]N"
"P271911",118,"unknown","unknown","unknown",1,"unknown"
"Q000001",264,"264","muš[snake]N huš[reddish]V/i","muš huš",0,"muš[snake]N_huš[reddish]V/i"
"P250736",296,"r iv 14","im[clay]N dugud[heavy]V/i","im dugud",0,"im[clay]N_dugud[heavy]V/i"
"P250736",134,"o iv 27","gi[reed]N kud[cut]V/t","gi kud",0,"gi[reed]N_kud[cut]V/t"
"P429503",39,"o ii 8","ildag[poplar]N kur[mountain]N","{ŋeš}ildag₂ kur",0,"ildag[poplar]N_kur[mountain]N"
"P429503",40,"o ii 9","ildag[poplar]N aga[rear]N","{ŋeš}ildag₂ a-ga",0,"ildag[poplar]N_aga[rear]N"
"P271911",576,"r iv 36","giri[seat]N","giri₁₉",0,"giri[seat]N"
"P271911",613,"unknown","unknown","unknown",1,"unknown"
"Q000001",449,"448","uzu[flesh]N ur[root]N","uzu ur₂",0,"uzu[flesh]N_ur[root]N"
"P437074",51,"b i 12''","gizulumma[nettle?]N","{ŋeš}gi-zu₉-lum-ma",0,"gizulumma[nettle?]N"
"P273880",628,"d i 1'","madal[pole]N","{ŋeš}mudla(BU)",0,"madal[pole]N"
"P250736",315,"r iv 33","sahar[dust]N peš[thick]V/i","sahar peš₁₁",0,"sahar[dust]N_peš[thick]V/i"
"P273880",352,"b iv 15","balaŋ[instrument]N x[NA]NA","{ŋeš}balaŋ x",0,"balaŋ[instrument]N_x[NA]NA"
"P247864",449,"r i 9","ŋešdi[rung]N ŋešnud[bed]N","ŋeš-di₅ nud",0,"ŋešdi[rung]N_ŋešnud[bed]N"
"P250736",224,"r ii 28","tisa[unmng]N šaŋan[flask]N","{dug}ti-sa₂ šaŋan",0,"tisa[unmng]N_šaŋan[flask]N"
"P459216",179,"r iv 11'","DUB.du₃[~vehicle]N ŋar[place]V/t","{ŋeš}šid-du₁₀ ŋar",0,"DUB.du₃[~vehicle]N_ŋar[place]V/t"
"P271771",29,"o iii 6","eren[cedar]N","{ŋeš}eren",0,"eren[cedar]N"
"P389511",2,"o 1","ŋešaʾabak[tree]N","ŋeš-a-ab-ba",0,"ŋešaʾabak[tree]N"
"P332934",124,"o ii 41","mes[tree]N giggi[black]V/i","{ŋeš}mes giggi",0,"mes[tree]N_giggi[black]V/i"
"P459216",67,"iii 6","pakud[~tree]N ŋešnimbar[palm]N","{ŋeš}pa-kud ŋešnimbar",0,"pakud[~tree]N_ŋešnimbar[palm]N"
"P332930",12,"o 10","ma[ship]N Uri[Akkad]GN","{ŋeš}ma₂ uri-a{ki}",0,"ma[ship]N_Uri[Akkad]GN"
"P459223",2,"2","ušub[brick-mold]N sal[thin]V/i","{ŋeš}u₃-šub sal",0,"ušub[brick-mold]N_sal[thin]V/i"
"P459217",139,"r ii 8'","{ŋeš}DU-x[NA]NA","{ŋeš}DU-x",0,"{ŋeš}DU-x[NA]NA"
"Q000039",653,"587","mar[shovel]N še[barley]N DU₃[NA]NA","{ŋeš}mar še DU₃",0,"mar[shovel]N_še[barley]N_DU₃[NA]NA"
"P271911",373,"r i 55'","šerah[shovel]N","še-ra-ah",0,"šerah[shovel]N"
"P447996",128,"r i 10","ŋešnimbar[palm]N uš[die]V/i","{ŋeš}ŋešnimbar uš₂",0,"ŋešnimbar[palm]N_uš[die]V/i"
"P229426",19,"o 18","i[oil]N i[NA]NA NI[NA]NA","i₃ i NI",0,"i[oil]N_i[NA]NA_NI[NA]NA"
"P225109",6,"o i 3","ŋešdal[crossbar]N margida[cart]N","ŋeš-dal mar-gid₂-da",0,"ŋešdal[crossbar]N_margida[cart]N"
"P250736",87,"o iii 21","gigur[container]N esir[bitumen]N šub[fall]V/t","gi-gur esir šub",0,"gigur[container]N_esir[bitumen]N_šub[fall]V/t"
"Q000001",381,"380","šah[pig]N niga[fattened]V/i","šah₂ niga",0,"šah[pig]N_niga[fattened]V/i"
"P388265",200,"r ii 27","ban[unit]N baneš[container]N","{ŋeš}ba-an baneš",0,"ban[unit]N_baneš[container]N"
"P271301",346,"r ii 30","naŋa[mortar]N","{ŋeš}naŋa₃",0,"naŋa[mortar]N"
"P346714",114,"r iii 36'","al[hoe]N zu[tooth]N limmu[four]NU","{ŋeš}al zu₂ limmu₅",0,"al[hoe]N_zu[tooth]N_limmu[four]NU"
"P250736",111,"o iv 4","bisaŋ[basket]N gid[long]V/i","{gi}bisaŋ gid₂",0,"bisaŋ[basket]N_gid[long]V/i"
"P271301",69,"o ii 17","ildag[poplar]N dan-na[NA]NA","{ŋeš}ildag₂ dan-na",0,"ildag[poplar]N_dan-na[NA]NA"
"P388265",149,"r i 27","al[hoe]N zu[tooth]N","{ŋeš}al zu₂",0,"al[hoe]N_zu[tooth]N"
"Q000039",292,"256","naŋa[mortar]N še[barley]N","{ŋeš}naŋa₃ še",0,"naŋa[mortar]N_še[barley]N"
"P388265",390,"r vi 31","ŋešdi[rung]N banšur[table]N","ŋeš-di₅ banšurₓ(|URU×IGI|)",0,"ŋešdi[rung]N_banšur[table]N"
"P271301",207,"o iv 41","samazum[tree]N","{ŋeš}sa-ma-zum",0,"samazum[tree]N"
"P271301",395,"r iii 28","anta[upper]V/t dimgal[pole]N ma[ship]N","{ŋeš}an-tag dim₃-gul ma₂",0,"anta[upper]V/t_dimgal[pole]N_ma[ship]N"
"P271301",6,"o i 3","esi[tree]N","{ŋeš}esi",0,"esi[tree]N"
"P271771",20,"o ii 18","ildag[poplar]N","{ŋeš}ildag₂",0,"ildag[poplar]N"
"Q000039",103,"82","suhur[tuft]N ŋešnimbar[palm]N","{ŋeš}suhur ŋešnimbar",0,"suhur[tuft]N_ŋešnimbar[palm]N"
"P250362",3,"3","{ŋeš}hub₂[NA]NA","{ŋeš}hub₂",0,"{ŋeš}hub₂[NA]NA"
"P332934",80,"o i 24'","ŋeškur[tree]N","ŋeš-ku-ra",0,"ŋeškur[tree]N"
"P459217",129,"r i 16'","mašgurum[plant]N","{ŋeš}maš-gurum",0,"mašgurum[plant]N"
"P332934",329,"r iii 32'","madu[~boat]N","{ŋeš}ma₂-du-uš",0,"madu[~boat]N"
"P347814",72,"a ii 43'","{ŋeš}x[NA]NA","{ŋeš}x",0,"{ŋeš}x[NA]NA"
"P388265",435,"t.e. iii 7","{ŋeš}x[NA]NA","{ŋeš}x",0,"{ŋeš}x[NA]NA"
"P271911",194,"o iii 38'","da[line]N apin[plow]N","da apin",0,"da[line]N_apin[plow]N"
"P437074",19,"a iii 1'","ŋešnimbar[palm]N x[NA]NA","{ŋeš}ŋešnimbar x",0,"ŋešnimbar[palm]N_x[NA]NA"
"P273880",16,"a i 12'","ŋeštin[vine]N","{ŋeš}ŋeštin",0,"ŋeštin[vine]N"
"P271301",94,"o ii 42","tir[forest]N eren[cedar]N","{ŋeš}tir {ŋeš}eren",0,"tir[forest]N_eren[cedar]N"
"Q000039",414,"369","gag[nail]N umbin[wheel]N margida[cart]N","{ŋeš}gag umbin mar-gid₂-da",0,"gag[nail]N_umbin[wheel]N_margida[cart]N"
"P312012",1,"1","naŋa[mortar]N ŋeši[sesame]N","{ŋeš}naŋa₃ {še}ŋeš-i₃",0,"naŋa[mortar]N_ŋeši[sesame]N"
"P247864",323,"o vi 7","dur[board]N sig-x-x[NA]NA","{ŋeš}dur₂ sig-x-x",0,"dur[board]N_sig-x-x[NA]NA"
"P388265",262,"r iv 2","{ŋeš}x-x[NA]NA","{ŋeš}x-x",0,"{ŋeš}x-x[NA]NA"
"P273880",610,"c iv 44","maš[plant]N","{ŋeš}maš",0,"maš[plant]N"
"P459218",84,"o iv 2","šudul[yoke]N apin[plow]N","{ŋeš}šu₂-dul₄ apin",0,"šudul[yoke]N_apin[plow]N"
"P271911",364,"r i 48'","mar[shovel]N sahar[dust]N","mar sahar",0,"mar[shovel]N_sahar[dust]N"
"Q000001",466,"464","uzu[flesh]N šeŋ[cook]V/t","uzu šeŋ₆",0,"uzu[flesh]N_šeŋ[cook]V/t"
"Q000001",23,"23","udu[sheep]N diŋir[deity]N gu[eat]V/t","udu diŋir gu₇",0,"udu[sheep]N_diŋir[deity]N_gu[eat]V/t"
"P437074",175,"c ii 8'","buniŋ[trough]N x[NA]NA","{ŋeš}buniŋ x",0,"buniŋ[trough]N_x[NA]NA"
"Q000001",255,"255","eme[donkey]N šag[heart]N","eme₅ šag₄",0,"eme[donkey]N_šag[heart]N"
"P459216",101,"r i 6'","guza[chair]N gar[knob]N kugsig[gold]N ŋar[place]V/t","{ŋeš}gu-za gar₃ kug-sig₁₇ ŋar",0,"guza[chair]N_gar[knob]N_kugsig[gold]N_ŋar[place]V/t"
"P429503",143,"r ii' 19'","mete[appropriate-thing]N ma[ship]N","{ŋeš}me-te-na ma₂",0,"mete[appropriate-thing]N_ma[ship]N"
"P459226",6,"o i 3'","šagkal[tree]N","{ŋeš}šag₄-kal",0,"šagkal[tree]N"
"P437074",79,"b ii 3''","ba[tool]N šu[hand]N bar[cvve]V/t","{ŋeš}ba šu bar",0,"ba[tool]N_šu[hand]N_bar[cvve]V/t"
"P332934",165,"o iii 1","ŋešnimbar[palm]N x[NA]NA","{ŋeš}ŋešnimbar x",0,"ŋešnimbar[palm]N_x[NA]NA"
"P253230",18,"o i 13","apin[plow]N šudu[equipped]AJ","{ŋeš}apin šu-nu-du₇",0,"apin[plow]N_šudu[equipped]AJ"
"P370399",62,"o iii 1'","guza[chair]N taškarin[boxwood]N","{ŋeš}gu-za {ŋeš}taškarin",0,"guza[chair]N_taškarin[boxwood]N"
"Q000039",444,"395","nukušu[~door]N","{ŋeš}nu-kuš₂-u₃",0,"nukušu[~door]N"
"P271301",143,"o iii 31","ŋešnimbar[palm]N uš[die]V/i","{ŋeš}ŋešnimbar uš₂",0,"ŋešnimbar[palm]N_uš[die]V/i"
"P347814",123,"b ii 7'","šunir[emblem]N","{ŋeš}šu-nir",0,"šunir[emblem]N"
"P332930",27,"r 6","ma[ship]N dirig[float]V/i","{ŋeš}ma₂ dirig",0,"ma[ship]N_dirig[float]V/i"
"P347814",90,"b i 15'","damga[~plow]N apin[plow]N","{ŋeš}da-an-ga apin",0,"damga[~plow]N_apin[plow]N"
"P249794",9,"r 2","maršu[spade]N","{ŋeš}mar-šu",0,"maršu[spade]N"
"P388330",3,"o 2","hašhur[apple]N kur[mountain]N","{ŋeš}hašhur kur",0,"hašhur[apple]N_kur[mountain]N"
"Q000001",24,"24","udu[sheep]N urmah[lion]N gu[eat]V/t","udu ur-mah gu₇",0,"udu[sheep]N_urmah[lion]N_gu[eat]V/t"
"P273880",139,"a iv 36'","guza[chair]N gurum[bend]V/t","{ŋeš}gu-za gurum",0,"guza[chair]N_gurum[bend]V/t"
"P332934",47,"o i 43","hašhur[apple]N igi[eye]N gunu[speckled]V/i","{ŋeš}hašhur igi gun₃",0,"hašhur[apple]N_igi[eye]N_gunu[speckled]V/i"
"P332934",145,"o ii 61","ligima[shoot]N","{ŋeš}ligimaₓ(|IGI.TUR|)",0,"ligima[shoot]N"
"P251778",2,"o 1","bad[leg]N","{ŋeš}bad",0,"bad[leg]N"
"P459218",109,"o iv 30","gag[nail]N dud[mound]N bal[dig]V/t","{ŋeš}gag du₆ ba-l·a₂",0,"gag[nail]N_dud[mound]N_bal[dig]V/t"
"P459216",97,"r i 2'","{ŋeš}x[NA]NA","{ŋeš}x",0,"{ŋeš}x[NA]NA"
"P271549",4,"2'","x-x[NA]NA","x-x",0,"x-x[NA]NA"
"P271911",385,"r ii 3","ala[drum]N","a₂-la₂",0,"ala[drum]N"
"P429504",42,"r i 5'","guza[chair]N ŋeš-x[NA]NA","{ŋeš}gu-za ŋeš-x",0,"guza[chair]N_ŋeš-x[NA]NA"
"P370399",17,"o i 14'","hara[shoot]N ŋešnimbar[palm]N","{ŋeš}ha-ra ŋešnimbar",0,"hara[shoot]N_ŋešnimbar[palm]N"
"P273880",548,"c iii 33","ŋešnimbar[palm]N x[NA]NA","{ŋeš}ŋešnimbar x",0,"ŋešnimbar[palm]N_x[NA]NA"
"P370399",173,"o v 27'","ebir[vessel-stand]N gub[stand]V/i","{ŋeš}ebir gub",0,"ebir[vessel-stand]N_gub[stand]V/i"
"Q000001",344,"344","nim[fly]N","nim",0,"nim[fly]N"
"P250364",67,"o iv 7","al[hoe]N ki[place]N","{ŋeš}al ki",0,"al[hoe]N_ki[place]N"
"P273880",133,"a iv 30'","guza[chair]N Magan[1]GN","{ŋeš}gu-za ma₂-gan-na",0,"guza[chair]N_Magan[1]GN"
"P459217",150,"r ii 19'","tun[container]N muhaldim[cook]N","{ŋeš}tun₃ muhaldim",0,"tun[container]N_muhaldim[cook]N"
"Q000039",243,"207","šuʾa[stool]N burgul[stone-cutter]N","{ŋeš}šu₂-a bur-gul",0,"šuʾa[stool]N_burgul[stone-cutter]N"
"P332934",341,"unknown","unknown","unknown",1,"unknown"
"Q000039",8,"6b","ŋešgana[tree]N giggi[black]V/i","ŋeš-kin₂ giggi",0,"ŋešgana[tree]N_giggi[black]V/i"
"P247864",442,"r i 2","{ŋeš}x-x[NA]NA","{ŋeš}x-x",0,"{ŋeš}x-x[NA]NA"
"Q000039",137,"114","kišighar[tree]N kur[mountain]N","{ŋeš}kišig-har kur",0,"kišighar[tree]N_kur[mountain]N"
"P271301",280,"r i 8","ŋešdi[rung]N guza[chair]N","ŋeš-di₅ gu-za",0,"ŋešdi[rung]N_guza[chair]N"
"P459217",64,"iii 14","{ŋeš}mi-ri₂-x-eš-x[NA]NA","{ŋeš}mi-ri₂-x-eš-x",0,"{ŋeš}mi-ri₂-x-eš-x[NA]NA"
"P271519",5,"unknown","unknown","unknown",1,"unknown"
"Q000001",354,"354","nim[fly]N bi₂-bi₂-a[NA]NA šagtur[womb]N","nim bi₂-bi₂-a IGI@g-EN-IGI@g-EN",0,"nim[fly]N_bi₂-bi₂-a[NA]NA_šagtur[womb]N"
"P250736",262,"r iii 23","baneš[container]N","{dug}niŋ₂-{+ba-an}baneš",0,"baneš[container]N"
"Q000001",33,"33","udu[sheep]N gurgur[~animal]N","udu gur₄-gur₄",0,"udu[sheep]N_gurgur[~animal]N"
"Q000001",25,"25","udu[sheep]N urbara[wolf]N gu[eat]V/t","udu ur-bar-ra gu₇",0,"udu[sheep]N_urbara[wolf]N_gu[eat]V/t"
"P459216",171,"r iv 3'","kag[mouth]N umbin[wheel]N gigir[chariot]N","{ŋeš}ka umbin gigir",0,"kag[mouth]N_umbin[wheel]N_gigir[chariot]N"
"P447996",206,"unknown","unknown","unknown",7,"unknown"
"P347814",139,"b ii 23'","e[house]N pana[bow]N","{ŋeš}e₂ pana",0,"e[house]N_pana[bow]N"
"Q000001",127,"127","uzud[goat]N utud[bear]V/t","uzud u₃-tud",0,"uzud[goat]N_utud[bear]V/t"
"P273880",583,"c iv 16","x[NA]NA","x",0,"x[NA]NA"
"P346714",25,"r i 29'","gag[nail]N mud[tube]N margida[cart]N","{ŋeš}gag mud mar-gid₂-da",0,"gag[nail]N_mud[tube]N_margida[cart]N"
"P273880",340,"b iv 3","zamin[lyre]N","{ŋeš}za₃-mi₂",0,"zamin[lyre]N"
"P273880",624,"c iv 58","kur[wood]N","{ŋeš}kur",0,"kur[wood]N"
"P250736",194,"r i 48","{dug}niŋ₂-x-x[NA]NA","{dug}niŋ₂-x-x",0,"{dug}niŋ₂-x-x[NA]NA"
"P332930",26,"r 5","ma[ship]N dirig[float]V/i addir[ferry]N","{ŋeš}ma₂ dirig addir",0,"ma[ship]N_dirig[float]V/i_addir[ferry]N"
"P253866",69,"o iii 2'","murgu[shoulder]N gud.si.AŠ[ram]N","{ŋeš}murgu₂ gud-si-AŠ",0,"murgu[shoulder]N_gud.si.AŠ[ram]N"
"P429504",37,"unknown","unknown","unknown",999,"unknown"
"P370399",9,"o i 6'","x-x[NA]NA ŋešnimbar[palm]N","x-x ŋešnimbar",0,"x-x[NA]NA_ŋešnimbar[palm]N"
"P429505",4,"2'","ŋešnimbar[palm]N dar[split]V/t","{ŋeš}ŋešnimbar dar",0,"ŋešnimbar[palm]N_dar[split]V/t"
"P271911",96,"o ii 22","mete[appropriate-thing]N balak[spindle]N","me-te balak",0,"mete[appropriate-thing]N_balak[spindle]N"
"P388265",61,"iii 10","{ŋeš}mu-TUM-da[NA]NA","{ŋeš}mu-TUM-da",0,"{ŋeš}mu-TUM-da[NA]NA"
"P228105",22,"r ii 2","namulum[wooden-object]N","{ŋeš}na-mu-ul-lum",0,"namulum[wooden-object]N"
"Q000001",102,"102","udu[sheep]N giggi[black]V/i","udu giggi",0,"udu[sheep]N_giggi[black]V/i"
"P251649",4,"o 3","sa[net]N gal[big]V/i","{ŋeš}sa gal",0,"sa[net]N_gal[big]V/i"
"P271911",80,"o ii 9","ilila[lever]N eban[pair]N","il₂ e₂-pa-na",0,"ilila[lever]N_eban[pair]N"
"P273880",445,"c i 50","ŋešpu[rim]N gud.si.AŠ[ram]N","{ŋeš}ŋešpu₂ gud-si-AŠ",0,"ŋešpu[rim]N_gud.si.AŠ[ram]N"
"P332934",57,"o i 1'","aʾan[spadix]N usuh[tree]N","{ŋeš}an-na u₃-suh₅",0,"aʾan[spadix]N_usuh[tree]N"
"P271320",47,"r i' 13'","{ŋeš}x[NA]NA","{ŋeš}x",0,"{ŋeš}x[NA]NA"
"P273880",328,"b iii 56","{ŋeš}$RU[NA]NA ra-x[NA]NA","{ŋeš}$RU ra-x",0,"{ŋeš}$RU[NA]NA_ra-x[NA]NA"
"P271301",433,"r iv 14","{ŋeš}x[NA]NA x[NA]NA gigir[chariot]N","{ŋeš}x x gigir",0,"{ŋeš}x[NA]NA_x[NA]NA_gigir[chariot]N"
"P271911",261,"o iv 28","ya[five]NU sila[unit]N","ia₂ sila₃",0,"ya[five]NU_sila[unit]N"
"Q000039",437,"390","usakar[moon]N ig[door]N","{ŋeš}u₄-sakar ig",0,"usakar[moon]N_ig[door]N"
"P388265",152,"r i 30","al[hoe]N zu[tooth]N limmu[four]NU","{ŋeš}al zu₂ limmu₅",0,"al[hoe]N_zu[tooth]N_limmu[four]NU"
"P271549",10,"6'","magid[boatman]N","ma₂-gid₂",0,"magid[boatman]N"
"P273880",687,"d ii 23'","ŋeš[tree]N kiŋar[area]N zag[side]N la[hang]V/t","ŋeš ki-ŋar zag la₂",0,"ŋeš[tree]N_kiŋar[area]N_zag[side]N_la[hang]V/t"
"P235262",43,"c ii 19'","x[NA]NA sag[good]V/i","x sag₁₀",0,"x[NA]NA_sag[good]V/i"
"P332934",140,"o ii 57","kamisarru[pear-tree]N","{ŋeš}ka-ma-ša-ru",0,"kamisarru[pear-tree]N"
"P273880",22,"a i 19'","{ŋeš}x[NA]NA","{ŋeš}x",0,"{ŋeš}x[NA]NA"
"P250364",63,"o iv 3","ŋešrin[scales]N lib-lib-bi[NA]NA","ŋeš-rin₂ lib-lib-bi",0,"ŋešrin[scales]N_lib-lib-bi[NA]NA"
"P347814",58,"a ii 29'","{ŋeš}x[NA]NA","{ŋeš}x",0,"{ŋeš}x[NA]NA"
"P273880",458,"c ii 2","ŋisal[rudder]N šu[hand]N","{ŋeš}ŋisal šu",0,"ŋisal[rudder]N_šu[hand]N"
"P271771",18,"o ii 16","lamhal[nut]N","{ŋeš}lam-hal",0,"lamhal[nut]N"
"P271301",356,"r ii 40","miriza[plank]N zag[side]N gi[turn]V/i","{ŋeš}mi-ri₂-za zag gi",0,"miriza[plank]N_zag[side]N_gi[turn]V/i"
"P235262",77,"d i 20'","gag[nail]N ma[ship]N","{ŋeš}gag ma₂",0,"gag[nail]N_ma[ship]N"
"P271911",192,"o iii 36'","gag[nail]N sala[~plow]N apin[plow]N","gag sal-la apin",0,"gag[nail]N_sala[~plow]N_apin[plow]N"
"P235262",45,"c ii 21'","x[NA]NA kuŋ[stair]N","x kun₅",0,"x[NA]NA_kuŋ[stair]N"
"P247864",59,"o i 56","hašhur[apple]N dar[split]V/t","{ŋeš}hašhur dar",0,"hašhur[apple]N_dar[split]V/t"
"P273880",233,"b ii 22","garig[comb]N munus[woman]N","{ŋeš}ga-rig₂ munus",0,"garig[comb]N_munus[woman]N"
"P250364",52,"o iii 2'","{ŋeš}x[NA]NA","{ŋeš}x",0,"{ŋeš}x[NA]NA"
"P273880",364,"b iv 31","ešgiri[staff]N","ŋeš-giri₁₉",0,"ešgiri[staff]N"
"P247864",418,"o vii 37'","guza[chair]N","{ŋeš}gu-za",0,"guza[chair]N"
"P447996",186,"r ii 23","ma[ship]N si[horn]N limmu[four]NU","{ŋeš}ma₂ si limmu₂",0,"ma[ship]N_si[horn]N_limmu[four]NU"
"P272532",3,"o 1","guza[chair]N gar[knob]N urud[copper]N ŋar[place]V/t","{ŋeš}gu-za gar₃ urud ŋar",0,"guza[chair]N_gar[knob]N_urud[copper]N_ŋar[place]V/t"
"P447996",170,"r ii 7","Maʾana[1]ON","{ŋeš}ma₂-an-na",0,"Maʾana[1]ON"
"P388265",431,"t.e. iii 3","šu[handle]N","{ŋeš}šu",0,"šu[handle]N"
"P271320",58,"unknown","unknown","unknown",1,"unknown"
"P459218",47,"o ii 27'","madal[pole]N","{ŋeš}madla(BU)",0,"madal[pole]N"
"P347814",179,"c i 35'","al[hoe]N zu[tooth]N min[two]NU","{ŋeš}al zu₂ min",0,"al[hoe]N_zu[tooth]N_min[two]NU"
"P247864",78,"o ii 15","{ŋeš}x-x[NA]NA ŋešnimbar[palm]N","{ŋeš}x-x ŋešnimbar",0,"{ŋeš}x-x[NA]NA_ŋešnimbar[palm]N"
"P459217",39,"ii 15'","manu[wood]N","{ŋeš}ma-nu",0,"manu[wood]N"
"P492330",3,"o i 1","saŋ[head]N","{ŋeš}saŋ",0,"saŋ[head]N"
"P247864",170,"o iii 44","gag[nail]N zara[pivot]N ŋušur[harrow]N","{ŋeš}gag za-ra gana₂-ur₃",0,"gag[nail]N_zara[pivot]N_ŋušur[harrow]N"
"Q000001",378,"377","šah[pig]N","šah₂",0,"šah[pig]N"
"P273880",702,"unknown","unknown","unknown",2,"unknown"
"P370399",112,"o iv 9'","DUB.du₃[~vehicle]N bar[outside]V/t","{ŋeš}ŠID bar",0,"DUB.du₃[~vehicle]N_bar[outside]V/t"
"P346714",135,"r iv 15'","sa[net]N tur[small]V/i","{ŋeš}sa tur",0,"sa[net]N_tur[small]V/i"
"P388265",140,"r i 18","da[side-board]N apin[plow]N","{ŋeš}da apin",0,"da[side-board]N_apin[plow]N"
"P459217",162,"r iii 19","guza[chair]N niŋniŋina[assembly]N","{ŋeš}gu-za niŋ₂-niŋin₂-na",0,"guza[chair]N_niŋniŋina[assembly]N"
"P250364",62,"o iv 2","ŋešrin[scales]N lib-bi[NA]NA","ŋeš-rin₂ lib-bi",0,"ŋešrin[scales]N_lib-bi[NA]NA"
"P273880",600,"c iv 34","suhub[tread]V/t","{ŋeš}suhub",0,"suhub[tread]V/t"
"P247864",310,"o v 58","ma[ship]N tur[small]V/i","{ŋeš}ma₂ tur",0,"ma[ship]N_tur[small]V/i"
"Q000039",459,"410","nura[~loom]N","{ŋeš}nu-ra",0,"nura[~loom]N"
"P459218",91,"o iv 9","{ŋeš}x[NA]NA","{ŋeš}x",0,"{ŋeš}x[NA]NA"
"P459217",17,"i 16'","šedug[tree]N","{ŋeš}še-dug₃",0,"šedug[tree]N"
"Q000001",484,"481","uzu[flesh]N niŋ₂-ŋidru[NA]NA","uzu niŋ₂-ŋidru",0,"uzu[flesh]N_niŋ₂-ŋidru[NA]NA"
"P388265",85,"iv 2","asal[poplar]N kur[mountain]N","{ŋeš}asal₂ kur",0,"asal[poplar]N_kur[mountain]N"
"P388265",180,"r ii 7","kinud[bedroom]N margida[cart]N","{ŋeš}ki-nu₂ mar-gid₂-da",0,"kinud[bedroom]N_margida[cart]N"
"P250736",36,"o ii 8","ubzal[reeds]N","{gi}ub-zal",0,"ubzal[reeds]N"
"Q000039",577,"520","ŋeš[tree]N diš[one]NU sila[unit]N","ŋeš diš sila₃",0,"ŋeš[tree]N_diš[one]NU_sila[unit]N"
"P459217",139,"r ii 8'","{ŋeš}DU-x[NA]NA","{ŋeš}DU-x",0,"{ŋeš}DU-x[NA]NA"
"P346714",172,"r v 08'","mar[shovel]N gi[reed]N","{ŋeš}mar gi",0,"mar[shovel]N_gi[reed]N"
"Q000001",5,"5","udu[sheep]N nita[male]N ŋešdu[breeder]N","udu nita₂ ŋeš-du₃-a",0,"udu[sheep]N_nita[male]N_ŋešdu[breeder]N"
"P271911",506,"r iii 39","x[NA]NA x-|URU×GU|-ga[NA]NA","x x-|URU×GU|-ga",0,"x[NA]NA_x-|URU×GU|-ga[NA]NA"
"P429503",104,"r i' 8'","{ŋeš}x[NA]NA","{ŋeš}x",0,"{ŋeš}x[NA]NA"
"P250736",94,"o iii 28","gigur[container]N sal[thin]V/i","gi-gur sal",0,"gigur[container]N_sal[thin]V/i"
"P388265",191,"r ii 18","mar[shovel]N","{ŋeš}mar",0,"mar[shovel]N"
"P247864",184,"o iii 58","{ŋeš}kar₂[NA]NA gigir[chariot]N","{ŋeš}kar₂ gigir",0,"{ŋeš}kar₂[NA]NA_gigir[chariot]N"
"P332934",80,"o i 24'","ŋeškur[tree]N","ŋeš-ku-ra",0,"ŋeškur[tree]N"
"P332934",258,"o iv 29'","pa[branch]N kud[cut]V/t","{ŋeš}pa kud",0,"pa[branch]N_kud[cut]V/t"
"P437074",107,"b iii 11'","guza[chair]N barag[sanctum]N","{ŋeš}gu-za barag",0,"guza[chair]N_barag[sanctum]N"
"Q000039",11,"9","ŋeštinkira[berry]N","{ŋeš}ŋeštin-kir₄",0,"ŋeštinkira[berry]N"
"P273880",312,"b iii 40","ušub[brick-mold]N","{ŋeš}u₃-šub",0,"ušub[brick-mold]N"
"P271911",292,"unknown","unknown","unknown",1,"unknown"
"P273880",95,"a iii 33'","GUL[~chariot]N gigir[chariot]N","{ŋeš}GUL gigir",0,"GUL[~chariot]N_gigir[chariot]N"
"Q000001",314,"314","durahmaš[ram]N","durah-maš",0,"durahmaš[ram]N"
"P272243",39,"r ii 1","x[NA]NA","x",0,"x[NA]NA"
"P253228",15,"o i 11","saŋ[head]N al[hoe]N","{ŋeš}saŋ al",0,"saŋ[head]N_al[hoe]N"
"P247864",102,"o ii 39","ba[tool]N išah[lard]N","{ŋeš}ba i₃-šah₂",0,"ba[tool]N_išah[lard]N"
"Q000039",181,"151","tun[container]N","{ŋeš}tun₃",0,"tun[container]N"
"P250364",118,"r ii 3'","{ŋeš}uri[NA]NA","{ŋeš}uri",0,"{ŋeš}uri[NA]NA"
"P271771",89,"o v 19","suhur[tuft]N x[NA]NA","{ŋeš}suhur x",0,"suhur[tuft]N_x[NA]NA"
"Q000001",457,"456","uzu[flesh]N ŋiripadra[bone]N gid[long]V/i","uzu ŋiri₃-pad-ra₂ gid₂",0,"uzu[flesh]N_ŋiripadra[bone]N_gid[long]V/i"
"P459217",180,"unknown","unknown","unknown",4,"unknown"
"P273880",146,"a iv 43'","guza[chair]N sirda[cnne]N","{ŋeš}gu-za sir₃-da",0,"guza[chair]N_sirda[cnne]N"
"P437074",115,"b iii 1''","{ŋeš}x[NA]NA","{ŋeš}x",0,"{ŋeš}x[NA]NA"
"P370399",64,"o iii 3'","guza[chair]N sirda[cnne]N","{ŋeš}gu-za sir₃-da",0,"guza[chair]N_sirda[cnne]N"
"P271301",26,"o i 23","ŋeštin[vine]N MA₂[NA]NA","{ŋeš}ŋeštin MA₂",0,"ŋeštin[vine]N_MA₂[NA]NA"
"Q000039",683,"615","tigidlu[instrument]N sa[sinew]N eš[three]NU","{ŋeš}tigidla sa eš₅",0,"tigidlu[instrument]N_sa[sinew]N_eš[three]NU"
"P250364",37,"o ii 12","apin[plow]N šu[hand]N","{ŋeš}apin šu",0,"apin[plow]N_šu[hand]N"
"Q000039",363,"321","eškiri[rope]N","{ŋeš}eškiri₂",0,"eškiri[rope]N"
"P271792",15,"unknown","unknown","unknown",1,"unknown"
"P271911",192,"o iii 36'","gag[nail]N sala[~plow]N apin[plow]N","gag sal-la apin",0,"gag[nail]N_sala[~plow]N_apin[plow]N"
"P388265",190,"r ii 17","zu[tooth]N ŋušur[harrow]N","{ŋeš}zu₂ gana₂-ur₃",0,"zu[tooth]N_ŋušur[harrow]N"
"P459226",40,"o iii 4'","{ŋeš}x[NA]NA","{ŋeš}x",0,"{ŋeš}x[NA]NA"
"Q000001",419,"418","uzu[flesh]N gumur[spine]N","uzu gu₂-mur₇",0,"uzu[flesh]N_gumur[spine]N"
"P370399",135,"o iv 32'","ig[door]N miriza[plank]N","{ŋeš}ig ma-ri₂-za",0,"ig[door]N_miriza[plank]N"
"P347814",163,"c i 18'","ŋisal[rudder]N ŋiri[foot]N","{ŋeš}ŋisal ŋiri₃",0,"ŋisal[rudder]N_ŋiri[foot]N"
"P250364",36,"o ii 11","apin[plow]N","{ŋeš}apin",0,"apin[plow]N"
"P271911",61,"o i 41'","saŋdu[beam]N","sag-du",0,"saŋdu[beam]N"
"P273880",162,"b i 5'","guza[chair]N namnin[ladyship]N","{ŋeš}gu-za nam-nin",0,"guza[chair]N_namnin[ladyship]N"
"P299509",1,"1","ŋešnud[bed]N","ŋeš-nud",0,"ŋešnud[bed]N"
"P303955",5,"o 3","he₂.BAD[trimmings]N ŋešnimbar[palm]N","{ŋeš}he₂-BAD ŋešnimbar",0,"he₂.BAD[trimmings]N_ŋešnimbar[palm]N"
"P388265",57,"iii 6","ŋešaʾabak[tree]N Meluhha[1]GN","ŋeš-ab-ba me-luh-ha",0,"ŋešaʾabak[tree]N_Meluhha[1]GN"
"P459217",23,"i 22'","šaršabid[tree]N","{ŋeš}šarₓ(NE)-ša₄-bid₃",0,"šaršabid[tree]N"
"P389511",10,"o 9","šaršabid[tree]N","{ŋeš}šarₓ(NE)-ša₄-bit",0,"šaršabid[tree]N"
"P459218",51,"o iii 2","ŋešpu[rim]N","ŋeš-bu",0,"ŋešpu[rim]N"
"P235262",72,"d i 15'","ma[ship]N ušu[thirty]NU gur[unit]N","{ŋeš}ma₂ ušu₃ gur",0,"ma[ship]N_ušu[thirty]NU_gur[unit]N"
"P253866",71,"o iii 4'","gam[crook]N","{ŋeš}kab",0,"gam[crook]N"
"P271301",317,"r ii 1","banšurzaggula[table]N","{ŋeš}banšur-zag-gu-la",0,"banšurzaggula[table]N"
"P247864",278,"o v 26","{ŋeš}x[NA]NA","{ŋeš}x",0,"{ŋeš}x[NA]NA"
"P447996",59,"o iv 28","ŋeštin[vine]N x-x-bi[NA]NA","{ŋeš}ŋeštin x-x-bi",0,"ŋeštin[vine]N_x-x-bi[NA]NA"
"P250371",13,"r 2","gag[nail]N mud[tube]N gigir[chariot]N","{ŋeš}gag mud gigir",0,"gag[nail]N_mud[tube]N_gigir[chariot]N"
"P250736",251,"r iii 12","epig[vessel]N gud[ox]N","{dug}epig gud",0,"epig[vessel]N_gud[ox]N"
"P250736",272,"r iii 33","dug[pot]N titab[~beer]N","dug titab₂",0,"dug[pot]N_titab[~beer]N"
"P271301",121,"o iii 9","girim[flower]N","{ŋeš}gi-rim",0,"girim[flower]N"
"P459217",3,"unknown","unknown","unknown",2,"unknown"
"P271771",96,"r i 2'","x[NA]NA guza[chair]N","x gu-za",0,"x[NA]NA_guza[chair]N"
"Q000039",215,"181","guza[chair]N malah[sailor]N","{ŋeš}gu-za ma₂-lah₄",0,"guza[chair]N_malah[sailor]N"
"P253228",12,"o i 8","saŋkul[bolt]N gigir[chariot]N","{ŋeš}sag-gul gigir",0,"saŋkul[bolt]N_gigir[chariot]N"
"P388265",184,"r ii 11","DUB.du₃[~vehicle]N ŋar[place]V/t","{ŋeš}kišib₃-du₃ ŋar",0,"DUB.du₃[~vehicle]N_ŋar[place]V/t"
"Q000039",568,"511","dur[board]N šeg[brick]N","{ŋeš}dur₂ šeg₁₂",0,"dur[board]N_šeg[brick]N"
"P273880",468,"c ii 12","egar[wall]N ma[ship]N","{ŋeš}e₂-gar₈(LUM) ma₂",0,"egar[wall]N_ma[ship]N"
"P332934",312,"r iii 15'","ma[ship]N hedu[ornament]N","{ŋeš}ma₂ {d}he₂-du₇",0,"ma[ship]N_hedu[ornament]N"
"P459217",44,"ii 20'","nurma[pomegranate]N","{ŋeš}nu-ur₂-ma",0,"nurma[pomegranate]N"
"P437074",13,"a ii 6'","x-tum[NA]NA","x-tum",0,"x-tum[NA]NA"
"P250364",163,"unknown","unknown","unknown",999,"unknown"
"P370399",193,"o vii 5'","gimuš[pole]N","{ŋeš}gi-nu-uš",0,"gimuš[pole]N"
"Q000001",285,"285","muš[snake]N igi[eye]N ŋal[be]V/i","muš igi ŋal₂",0,"muš[snake]N_igi[eye]N_ŋal[be]V/i"
"P429503",161,"r iii' 4'","šu[handle]N usan[whip]N anše[equid]N","{ŋeš}šu usan₃ anše",0,"šu[handle]N_usan[whip]N_anše[equid]N"
"P271301",73,"o ii 21","kur[wood]N","{ŋeš}kur",0,"kur[wood]N"
"P388265",149,"r i 27","al[hoe]N zu[tooth]N","{ŋeš}al zu₂",0,"al[hoe]N_zu[tooth]N"
"P347814",171,"c i 26'","ganum[stand]N kaš[beer]N","{ŋeš}ga-an-nu kaš",0,"ganum[stand]N_kaš[beer]N"
"P271911",255,"unknown","unknown","unknown",1,"unknown"
"P250361",19,"o ii 7'","ama[mother]N apin[plow]N","{ŋeš}ama apin",0,"ama[mother]N_apin[plow]N"
"Q000001",300,"300","nig[dog]N amar[young]N","nig amar",0,"nig[dog]N_amar[young]N"
"P332930",3,"o 1","ma[ship]N tur[small]V/i","{ŋeš}ma₂ tur",0,"ma[ship]N_tur[small]V/i"
"P271911",445,"r ii 47","gumur[spine]N gud.si.AŠ[ram]N","gu₂-murgu gud-si-AŠ",0,"gumur[spine]N_gud.si.AŠ[ram]N"
"P459218",35,"o ii 15'","garig[comb]N pamušenak[wing]N","{ŋeš}ga-rig₂ pa-mušen-na",0,"garig[comb]N_pamušenak[wing]N"
"P273880",590,"c iv 24","{ŋeš}x[NA]NA","{ŋeš}x",0,"{ŋeš}x[NA]NA"
"P437074",125,"b iii 11''","{ŋeš}x-x[NA]NA","{ŋeš}x-x",0,"{ŋeš}x-x[NA]NA"
"P388265",289,"r iv 29","nukušu[~door]N","{ŋeš}nu-kuš₂",0,"nukušu[~door]N"
"P225126",5,"o i 3","ma[ship]N {ŋeš}x[NA]NA","{ŋeš}ma₂ {ŋeš}x",0,"ma[ship]N_{ŋeš}x[NA]NA"
"P370399",92,"o iii 31'","apin[plow]N","{ŋeš}apin",0,"apin[plow]N"
"P429503",102,"r i' 6'","{ŋeš}x[NA]NA","{ŋeš}x",0,"{ŋeš}x[NA]NA"
"P332934",248,"o iv 19'","{ŋeš}saŋ-KEŠ₂[NA]NA","{ŋeš}saŋ-KEŠ₂",0,"{ŋeš}saŋ-KEŠ₂[NA]NA"
"Q000001",495,"491","uzu[flesh]N uš[membrane]N","uzu |E₂×SAL|",0,"uzu[flesh]N_uš[membrane]N"
"P388330",8,"o 7","hašhur[apple]N damšelum[plant]N","{ŋeš}hašhur dam-ši-lum",0,"hašhur[apple]N_damšelum[plant]N"
"Q000039",253,"217","ŋešnud[bed]N gu[neck]N zig[rise]V/t","ŋeš-nud gu₂ zig₃",0,"ŋešnud[bed]N_gu[neck]N_zig[rise]V/t"
"P250736",36,"o ii 8","ubzal[reeds]N","{gi}ub-zal",0,"ubzal[reeds]N"
"P271911",471,"unknown","unknown","unknown",3,"unknown"
"P347814",236,"c ii 42'","kul[handle]N zamin[lyre]N","{ŋeš}kul za₃-mi₂",0,"kul[handle]N_zamin[lyre]N"
"Q000001",181,"181","gud[ox]N x-ra[NA]NA","gud x-ra",0,"gud[ox]N_x-ra[NA]NA"
"P432448",15,"o 9'","ŋeš[tree]N giggi[black]V/i","ŋeš giggi",0,"ŋeš[tree]N_giggi[black]V/i"
"P347814",142,"b ii 26'","dim[post]N","{ŋeš}dim₃",0,"dim[post]N"
"P370399",88,"o iii 27'","dilim[spoon]N","{ŋeš}dilim₂-dilim₂",0,"dilim[spoon]N"
"P253238",3,"unknown","unknown","unknown",999,"unknown"
"Q000039",598,"539","ellaŋdu[trap]N","{ŋeš}ellaŋ₂-du",0,"ellaŋdu[trap]N"
"P332930",26,"r 5","ma[ship]N dirig[float]V/i addir[ferry]N","{ŋeš}ma₂ dirig addir",0,"ma[ship]N_dirig[float]V/i_addir[ferry]N"
"P388265",101,"iv 18","ŋali[~palm]N ŋešnimbar[palm]N","{ŋeš}ŋa₂-li ŋešnimbar",0,"ŋali[~palm]N_ŋešnimbar[palm]N"
"P346714",154,"r iv 37'","ti[arrow]N","{ŋeš}ti",0,"ti[arrow]N"
"P347814",277,"d ii 5'","{ŋeš}KUM-x[NA]NA","{ŋeš}KUM-x",0,"{ŋeš}KUM-x[NA]NA"
"P437074",92,"b ii 16''","guza[chair]N aratta[important]AJ","{ŋeš}gu-za aratta{ki}",0,"guza[chair]N_aratta[important]AJ"
"Q000039",648,"582","mar[shovel]N ninda[bread]N","{ŋeš}mar ninda",0,"mar[shovel]N_ninda[bread]N"
"P250364",45,"o ii 20","saŋ[head]N apin[plow]N","{ŋeš}saŋ apin",0,"saŋ[head]N_apin[plow]N"
"P247864",203,"o iv 14","{ŋeš}nir-du₃[NA]NA","{ŋeš}nir-du₃",0,"{ŋeš}nir-du₃[NA]NA"
"P271301",376,"r iii 9","ma[ship]N sal[thin]V/i","{ŋeš}ma₂ sal",0,"ma[ship]N_sal[thin]V/i"
"P273880",500,"c ii 45","{ŋeš}x-kul[NA]NA ma[ship]N","{ŋeš}x-kul ma₂",0,"{ŋeš}x-kul[NA]NA_ma[ship]N"
"P273880",532,"c iii 17","kita[basket]N ŋešnimbar[palm]N","{ŋeš}kid-da ŋešnimbar",0,"kita[basket]N_ŋešnimbar[palm]N"
"P447996",154,"r i 36","kita[basket]N ŋešnimbar[palm]N","{ŋeš}kid-da ŋešnimbar",0,"kita[basket]N_ŋešnimbar[palm]N"
"P225006",6,"o i 3","zara[pivot]N ig[door]N","{ŋeš}za-ra ig",0,"zara[pivot]N_ig[door]N"
"P273880",407,"c i 10","tukul[weapon]N ur[root]N","{ŋeš}tukul ur₃",0,"tukul[weapon]N_ur[root]N"
"P388265",323,"r v 8","naŋa[mortar]N ŋeši[sesame]N","{ŋeš}naŋa₄ {še}ŋeš-i₃",0,"naŋa[mortar]N_ŋeši[sesame]N"
"P247864",352,"o vi 36","mar[shovel]N šu[hand]N","{ŋeš}mar šu",0,"mar[shovel]N_šu[hand]N"
"P429503",11,"o i 8","ŋešgana[tree]N giggi[black]V/i","ŋeš-kin₂ giggi",0,"ŋešgana[tree]N_giggi[black]V/i"
"P273880",525,"c iii 10","hara[shoot]N ŋešnimbar[palm]N","{ŋeš}ha-ra ŋešnimbar",0,"hara[shoot]N_ŋešnimbar[palm]N"
"P459217",177,"r iv 11","guza[chair]N halub[tree]N","{ŋeš}gu-za {ŋeš}ha-lu-ub₂",0,"guza[chair]N_halub[tree]N"
"P273706",3,"o 2","dilimgal[dish]N","{ŋeš}dilim₂-gal",0,"dilimgal[dish]N"
"P273880",40,"a ii 7'","gag[nail]N leʾum[board]N apin[plow]N","{ŋeš}gag li apin",0,"gag[nail]N_leʾum[board]N_apin[plow]N"
"P273880",77,"a iii 8'","{ŋeš}lu₂-DU[NA]NA margida[cart]N","{ŋeš}lu₂-DU mar-gid₂-da",0,"{ŋeš}lu₂-DU[NA]NA_margida[cart]N"
"Q000039",671,"605","urzababitum[instrument]N","{ŋeš}ur-za-ba-bi₂-tum",0,"urzababitum[instrument]N"
"P273880",552,"c iii 37","pešmur[~palm]N ŋešnimbar[palm]N","{ŋeš}peš-murgu ŋešnimbar",0,"pešmur[~palm]N_ŋešnimbar[palm]N"
"P459216",3,"i 1","taškarin[boxwood]N","{ŋeš}taškarin",0,"taškarin[boxwood]N"
"P253228",96,"r iii 13'","šagkal[tree]N","{ŋeš}šag₄-kal",0,"šagkal[tree]N"
"P429504",40,"r i 3'","guza[chair]N gidim[ghost]N","{ŋeš}gu-za gidim",0,"guza[chair]N_gidim[ghost]N"
"P273880",508,"c ii 53","aga[ax]N","{ŋeš}aga",0,"aga[ax]N"
"Q000039",78,"61","ilianum[tree]N","{ŋeš}ri₂-a-num₂",0,"ilianum[tree]N"
"P273880",125,"a iv 13'","mud[tube]N x[NA]NA","{ŋeš}mud x",0,"mud[tube]N_x[NA]NA"
"P271771",143,"unknown","unknown","unknown",999,"unknown"
"P271911",608,"r v 4","ganum[stand]N tur[small]V/i","ŋa₂-an-nu tur",0,"ganum[stand]N_tur[small]V/i"
"Q000001",466,"464","uzu[flesh]N šeŋ[cook]V/t","uzu šeŋ₆",0,"uzu[flesh]N_šeŋ[cook]V/t"
"Q000039",533,"477","al[hoe]N","{ŋeš}al",0,"al[hoe]N"
"P447996",102,"o v 27","{ŋeš}al-x-ma[NA]NA","{ŋeš}al-x-ma",0,"{ŋeš}al-x-ma[NA]NA"
"P235262",51,"c ii 27'","naŋa[mortar]N","{ŋeš}naŋa₃",0,"naŋa[mortar]N"
"P247864",386,"o vii 5'","{ŋeš}LIŠ[NA]NA KID[NA]NA NE[NA]NA","{ŋeš}LIŠ KID NE",0,"{ŋeš}LIŠ[NA]NA_KID[NA]NA_NE[NA]NA"
"P429503",29,"o i 26","peš[fig]N Mari[1]SN","{ŋeš}peš₃ ma₂-ri₂{ki}",0,"peš[fig]N_Mari[1]SN"
"P388330",4,"o 3","hašhur[apple]N armanu[tree]N","{ŋeš}hašhur ar-wa-a-nu-um",0,"hašhur[apple]N_armanu[tree]N"
"P271911",522,"unknown","unknown","unknown",1,"unknown"
"P347814",14,"a i 12'","x-me[NA]NA","x-me",0,"x-me[NA]NA"
"P250736",313,"r iv 31","sahar[dust]N sag[good]V/i","sahar sag₁₀",0,"sahar[dust]N_sag[good]V/i"
"P447996",218,"r iii 19","x-la[NA]NA ma[ship]N","x-la ma₂",0,"x-la[NA]NA_ma[ship]N"
"P437074",184,"c ii 18'","{ŋeš}x[NA]NA","{ŋeš}x",0,"{ŋeš}x[NA]NA"
"P250736",170,"r i 24","gi[reed]N Udduru[1]MN ak[do]V/t","gi ud-du-ru ak",0,"gi[reed]N_Udduru[1]MN_ak[do]V/t"
"Q000039",2,"2","esi[tree]N","{ŋeš}esi",0,"esi[tree]N"
"Q000039",742,"671","{ŋeš}URI[NA]NA","{ŋeš}URI",0,"{ŋeš}URI[NA]NA"
"P459217",169,"unknown","unknown","unknown",3,"unknown"
"P273880",391,"b iv 59","magšarum[battleaxe]N","{ŋeš}ma-ag-ša-ru-um",0,"magšarum[battleaxe]N"
"P332934",8,"o i 4","halub[tree]N","{ŋeš}ha-lu-ub₂",0,"halub[tree]N"
"Q000039",23,"21","šaršabid[tree]N","{ŋeš}šarₓ(NE)-ša₄-bid₃",0,"šaršabid[tree]N"
"P253233",26,"o ii 9","dilim[spoon]N banšur[table]N","{ŋeš}dilim₂ banšur",0,"dilim[spoon]N_banšur[table]N"
"P250736",275,"r iii 36","kag[mouth]N burud[perforate]V/t","ka buru₃",0,"kag[mouth]N_burud[perforate]V/t"
"P247864",194,"o iv 5","{ŋeš}x[NA]NA x-a[NA]NA gigir[chariot]N","{ŋeš}x x-a gigir",0,"{ŋeš}x[NA]NA_x-a[NA]NA_gigir[chariot]N"
"P447996",157,"r i 39","mangaga[fibers]N ŋešnimbar[palm]N","{ŋeš}ma-ga-ga ŋešnimbar",0,"mangaga[fibers]N_ŋešnimbar[palm]N"
"P271911",398,"unknown","unknown","unknown",1,"unknown"
"P271771",89,"o v 19","suhur[tuft]N x[NA]NA","{ŋeš}suhur x",0,"suhur[tuft]N_x[NA]NA"
"P271911",375,"r i 57'","innu[straw]N šugi[bolt]N","in-nu šu-kam₂-ma",0,"innu[straw]N_šugi[bolt]N"
"Q000039",579,"522","ŋeš[tree]N šušana[fraction]N sila[unit]N","ŋeš šušana sila₃",0,"ŋeš[tree]N_šušana[fraction]N_sila[unit]N"
"P346714",40,"r ii 08'","eme[tongue]N apin[plow]N","{ŋeš}eme apin",0,"eme[tongue]N_apin[plow]N"
"P447996",22,"o iii 18","kur[wood]N","{ŋeš}kur",0,"kur[wood]N"
"Q000001",226,"226","amar[young]N ga[milk]N sub[rub]V/t","amar ga sub",0,"amar[young]N_ga[milk]N_sub[rub]V/t"
"P388265",160,"r i 38","ellag[ball]N","{ŋeš}ellag",0,"ellag[ball]N"
"P459216",24,"i 22","šenu[tree]N","{ŋeš}še-nu",0,"šenu[tree]N"
"P347814",271,"d i 34'","{ŋeš}KUD[NA]NA","{ŋeš}KUD",0,"{ŋeš}KUD[NA]NA"
"P271301",119,"o iii 7","elammakum[tree]N","{ŋeš}e-lam-ma-kum",0,"elammakum[tree]N"
"P388265",172,"r i 50","zara[pivot]N margida[cart]N","{ŋeš}za-ra mar-gid₂-da",0,"zara[pivot]N_margida[cart]N"
"P346714",176,"r v 12'","{ŋeš}LAGAB[NA]NA mar[shovel]N","{ŋeš}LAGAB mar",0,"{ŋeš}LAGAB[NA]NA_mar[shovel]N"
"Q000001",180,"180","gud[ox]N šuagina[offerings]N","gud šu-gi-na",0,"gud[ox]N_šuagina[offerings]N"
"Q000039",195,"162","guza[chair]N gid[long]V/i","{ŋeš}gu-za gid₂",0,"guza[chair]N_gid[long]V/i"
"P250364",155,"r iii 21'","{ŋeš}ŠID-x[NA]NA ak[do]V/t","{ŋeš}ŠID-x ak",0,"{ŋeš}ŠID-x[NA]NA_ak[do]V/t"
"P250736",275,"r iii 36","kag[mouth]N burud[perforate]V/t","ka buru₃",0,"kag[mouth]N_burud[perforate]V/t"
"P459218",119,"r i 5","kuŋ[stair]N x[NA]NA","{ŋeš}kuŋ₄ x",0,"kuŋ[stair]N_x[NA]NA"
"P271301",278,"r i 6","kag[mouth]N muš[snake]N guza[chair]N","{ŋeš}ka muš gu-za",0,"kag[mouth]N_muš[snake]N_guza[chair]N"
"P429503",99,"r i' 3'","{ŋeš}x[NA]NA","{ŋeš}x",0,"{ŋeš}x[NA]NA"
"P273880",142,"a iv 39'","guza[chair]N x[NA]NA","{ŋeš}gu-za x",0,"guza[chair]N_x[NA]NA"
"P459217",174,"r iv 8","guza[chair]N x[NA]NA","{ŋeš}gu-za x",0,"guza[chair]N_x[NA]NA"
"P346714",147,"r iv 30'","illar[weapon]N eban[pair]N","{ŋeš}illar e-ba-an",0,"illar[weapon]N_eban[pair]N"
"P271911",120,"o ii 41","gur[rim]N","{+gu-ur}gur₂",0,"gur[rim]N"
"P271301",120,"o iii 8","girim[flower]N","{ŋeš}gi-ri₂-num₂",0,"girim[flower]N"
"P247864",428,"o vii 47'","guza[chair]N x[NA]NA x-ti[NA]NA","{ŋeš}gu-za x x-ti",0,"guza[chair]N_x[NA]NA_x-ti[NA]NA"
"P253233",81,"r iii 20'","urnum[cedar]N","{ŋeš}ur-nu-um",0,"urnum[cedar]N"
"P347814",125,"b ii 9'","{ŋeš}igi-kal[NA]NA","{ŋeš}igi-kal",0,"{ŋeš}igi-kal[NA]NA"
"Q000039",726,"654","tir[forest]N ug[die]V/t","{ŋeš}tir ug₅-ga",0,"tir[forest]N_ug[die]V/t"
"P429503",150,"r ii' 26'","gag[nail]N","{ŋeš}gag",0,"gag[nail]N"
"P447996",169,"r ii 6","ma[ship]N","{ŋeš}ma₂",0,"ma[ship]N"
"P447996",155,"r i 37","kita[basket]N zulum[date]N ri-ri-ga[NA]NA ŋešnimbar[palm]N","{ŋeš}kid-da zu₂-lum ri-ri-ga ŋešnimbar",0,"kita[basket]N_zulum[date]N_ri-ri-ga[NA]NA_ŋešnimbar[palm]N"
"Q000039",294,"258","naŋa[mortar]N esir[bitumen]N ea[~bitumen]N","{ŋeš}naŋa₃ esir e₃-a",0,"naŋa[mortar]N_esir[bitumen]N_ea[~bitumen]N"
"P250363",2,"o 1'","ig[door]N miriza[plank]N","{ŋeš}ig mi-ri₂-za",0,"ig[door]N_miriza[plank]N"
"Q000001",94,"94","udu[sheep]N kadra[gift]N","udu kadra(|GAR.ŠA₃.A|)",0,"udu[sheep]N_kadra[gift]N"
"Q000039",40,"33","allanum[oak]N","{ŋeš}al-la-nu-um",0,"allanum[oak]N"
"P253238",36,"r 13","muran[tree]N","{ŋeš}mur-ra-an",0,"muran[tree]N"
"P271301",288,"r i 16","na[box]N A-TE{ki}[NA]NA","{ŋeš}na A-TE{ki}",0,"na[box]N_A-TE{ki}[NA]NA"
"P332934",66,"o i 10'","šennur[plum]N kur[mountain]N","{ŋeš}šennur kur",0,"šennur[plum]N_kur[mountain]N"
"P253228",14,"o i 10","zu[tooth]N al[hoe]N","{ŋeš}zu₂ al",0,"zu[tooth]N_al[hoe]N"
"Q000039",648,"582","mar[shovel]N ninda[bread]N","{ŋeš}mar ninda",0,"mar[shovel]N_ninda[bread]N"
"P253245",12,"o 8","{ŋeš}šu-ur₂[NA]NA","{ŋeš}šu-ur₂",0,"{ŋeš}šu-ur₂[NA]NA"
"P459216",118,"r ii 3'","dilim[spoon]N","{ŋeš}dilim₂",0,"dilim[spoon]N"
"P429503",86,"o iii 25","ŋešnimbar[palm]N x[NA]NA","{ŋeš}ŋešnimbar x",0,"ŋešnimbar[palm]N_x[NA]NA"
"P332934",397,"r iv 31'","x[NA]NA margida[cart]N","x mar-gid₂-da",0,"x[NA]NA_margida[cart]N"
"P459217",167,"r iii 24","guza[chair]N šah-x-ma[NA]NA","{ŋeš}gu-za šah-x-ma",0,"guza[chair]N_šah-x-ma[NA]NA"
"P459217",171,"r iv 5","x-saŋ-e[NA]NA du[build]V/t","x-saŋ-e du₃",0,"x-saŋ-e[NA]NA_du[build]V/t"
"Q000039",148,"124a","zirdum[olive]N","{ŋeš}zi₂-ir-dum",0,"zirdum[olive]N"
"P247864",181,"o iii 55","kun[tail]N gigir[chariot]N","{ŋeš}kun gigir",0,"kun[tail]N_gigir[chariot]N"
"P447996",178,"r ii 15","Makarnuntaʾea[1]ON e[leave]V/i","{ŋeš}ma₂-kar-mah-ta-e₃-a e₃",0,"Makarnuntaʾea[1]ON_e[leave]V/i"
"P459216",190,"r iv 22'","ŋirigub[footstool]N margida[cart]N","{ŋeš}ŋiri₃-gub mar-gid₂-da",0,"ŋirigub[footstool]N_margida[cart]N"
"P253866",80,"o iii 13'","naŋa[mortar]N","{ŋeš}naŋa₃",0,"naŋa[mortar]N"
"P346714",56,"r ii 24'","ŋešpu[rim]N apin[plow]N","{ŋeš}ŋešpu₂ apin",0,"ŋešpu[rim]N_apin[plow]N"
"P370399",97,"o iii 36'","a[arm]N apin[plow]N","{ŋeš}a₂ apin",0,"a[arm]N_apin[plow]N"
"P346714",9,"r i 05'","{ŋeš}niŋ₂-x[NA]NA","{ŋeš}niŋ₂-x",0,"{ŋeš}niŋ₂-x[NA]NA"
"P388265",258,"r iii 45","x[NA]NA gigir[chariot]N","x gigir",0,"x[NA]NA_gigir[chariot]N"
"P346714",162,"r iv 45'","{ŋeš}x[NA]NA burud[perforate]V/t","{ŋeš}x burudₓ(U)-burudₓ(U)",0,"{ŋeš}x[NA]NA_burud[perforate]V/t"
"P459216",21,"i 19","hašhur[apple]N damšelum[plant]N","{ŋeš}hašhur dam-ši-lum",0,"hašhur[apple]N_damšelum[plant]N"
"P271301",171,"o iv 5","{ŋeš}x[NA]NA","{ŋeš}x",0,"{ŋeš}x[NA]NA"
"P459226",19,"o i 16'","hašhur[apple]N peš[fig]N","{ŋeš}hašhur peš₃",0,"hašhur[apple]N_peš[fig]N"
"P349171",9,"o ii 4'","ŋešnud[bed]N umbin[nail]N x[NA]NA","ŋeš-nud umbin x",0,"ŋešnud[bed]N_umbin[nail]N_x[NA]NA"
"P459217",39,"ii 15'","manu[wood]N","{ŋeš}ma-nu",0,"manu[wood]N"
"P459218",44,"o ii 24'","ŋešellag[tool]N","ŋeš-ellag",0,"ŋešellag[tool]N"
"P447996",79,"o v 4","hašhur[apple]N damšelum[plant]N","{ŋeš}hašhur dam-ši-lum",0,"hašhur[apple]N_damšelum[plant]N"
"P271771",62,"o iv 18","su[fibers]N gal[big]V/i ŋešnimbar[palm]N","{ŋeš}su₁₁ gu-la ŋešnimbar",0,"su[fibers]N_gal[big]V/i_ŋešnimbar[palm]N"
"P273880",434,"c i 39","KID.da[twig]N","{ŋeš}KID-da",0,"KID.da[twig]N"
"P388265",255,"r iii 42","x[NA]NA gigir[chariot]N","x gigir",0,"x[NA]NA_gigir[chariot]N"
"P459226",11,"o i 8'","ŋeš[tree]N babbar[white]V/i","ŋeš babbar",0,"ŋeš[tree]N_babbar[white]V/i"
"P250736",258,"r iii 19","amamsab[jar]N","{dug}am-ma-am-sab",0,"amamsab[jar]N"
"Q000039",340,"300","anše[equid]N ma[ship]N","{ŋeš}anše ma₂",0,"anše[equid]N_ma[ship]N"
"P235262",40,"unknown","unknown","unknown",4,"unknown"
"P253238",38,"r 15","KID.da[twig]N","{ŋeš}KID-da",0,"KID.da[twig]N"
"Q000039",434,"387","ig[door]N kan[gate]N egal[palace]N","{ŋeš}ig kan₄ e₂-gal",0,"ig[door]N_kan[gate]N_egal[palace]N"
"P250363",9,"o 8'","ig[door]N uma[triumph]N","{ŋeš}ig u₃-ma",0,"ig[door]N_uma[triumph]N"
"P459216",193,"r iv 25'","zara[pivot]N margida[cart]N","{ŋeš}za-ra mar-gid₂-da",0,"zara[pivot]N_margida[cart]N"
"P250363",4,"o 3'","ig[door]N papah[cella]N","{ŋeš}ig pap-pah",0,"ig[door]N_papah[cella]N"
"P332934",138,"o ii 55","ilianum[tree]N","{ŋeš}i-li-ia-an-nu-um",0,"ilianum[tree]N"
"P429503",152,"r ii' 28'","umbin[wheel]N","{ŋeš}umbin",0,"umbin[wheel]N"
"P332934",298,"r iii 1'","ma[ship]N x[NA]NA x[NA]NA","{ŋeš}ma₂ x x",0,"ma[ship]N_x[NA]NA_x[NA]NA"
"P250371",7,"o 5","si[horn]N gigir[chariot]N","{ŋeš}si gigir",0,"si[horn]N_gigir[chariot]N"
"Q000039",115,"93","su[fibers]N gal[big]V/i ŋešnimbar[palm]N","{ŋeš}su₁₁ gu-la ŋešnimbar",0,"su[fibers]N_gal[big]V/i_ŋešnimbar[palm]N"
"P388265",196,"r ii 23","mar[shovel]N sa[bundle]N","{ŋeš}mar sa",0,"mar[shovel]N_sa[bundle]N"
"P347814",138,"b ii 22'","pana[bow]N","{ŋeš}pana",0,"pana[bow]N"
"P346714",105,"r iii 27'","ŋešrin[scales]N min[two]NU la[hang]V/t","ŋeš-rin₂ min la₂",0,"ŋešrin[scales]N_min[two]NU_la[hang]V/t"
"P332934",251,"o iv 22'","arina[madder]N","{ŋeš}a-ri-na",0,"arina[madder]N"
"P447996",146,"r i 28","{ŋeš}x[NA]NA ŋešnimbar[palm]N","{ŋeš}x ŋešnimbar",0,"{ŋeš}x[NA]NA_ŋešnimbar[palm]N"
"P247864",100,"o ii 37","šedug[tree]N","{ŋeš}še-dug₃",0,"šedug[tree]N"
"Q000039",351,"310","{ŋeš}ŋir₂[NA]NA madu[~boat]N","{ŋeš}ŋir₂ ma₂-du₃",0,"{ŋeš}ŋir₂[NA]NA_madu[~boat]N"
"P388265",221,"r ii 49","guza[chair]N kaskal[way]N","{ŋeš}gu-za kaskal",0,"guza[chair]N_kaskal[way]N"
"P247864",360,"o vi 44","{ŋeš}x-x[NA]NA","{ŋeš}x-x",0,"{ŋeš}x-x[NA]NA"
"P347814",57,"a ii 28'","{ŋeš}x[NA]NA","{ŋeš}x",0,"{ŋeš}x[NA]NA"
"P253228",41,"r i 5","ŋipar[tree]N duru[wet]V/i","{ŋeš}ŋi₆-par₄ duru₅",0,"ŋipar[tree]N_duru[wet]V/i"
"P273880",61,"a ii 35'","apin[plow]N šudu[equipped]AJ","{ŋeš}apin šu-du₈-a",0,"apin[plow]N_šudu[equipped]AJ"
"P273880",388,"b iv 56","katapum[object]N","{ŋeš}ka-ta-pu-um",0,"katapum[object]N"
"P459217",71,"iii 21","{ŋeš}nunuz[NA]NA kiri[orchard]N","{ŋeš}nunuz {ŋeš}kiri₆",0,"{ŋeš}nunuz[NA]NA_kiri[orchard]N"
"P273880",712,"d iii 3'","{ŋeš}ki-x[NA]NA","{ŋeš}ki-x",0,"{ŋeš}ki-x[NA]NA"
"P332934",327,"r iii 30'","gag[nail]N ma[ship]N","{ŋeš}gag ma₂",0,"gag[nail]N_ma[ship]N"
"P459218",81,"o iii 32","gag[nail]N sala[~plow]N apin[plow]N","{ŋeš}gag sal-la apin",0,"gag[nail]N_sala[~plow]N_apin[plow]N"
"P253245",5,"o 2","kan[gate]N","{ŋeš}kan₄",0,"kan[gate]N"
"P271771",58,"o iv 14","mud[stump]N ŋešnimbar[palm]N","{ŋeš}mud ŋešnimbar",0,"mud[stump]N_ŋešnimbar[palm]N"
"P273880",490,"c ii 34","maʾaddir[ferryboat]N","{ŋeš}ma₂-addir",0,"maʾaddir[ferryboat]N"
"P247864",40,"o i 37","KID.da[twig]N","{ŋeš}KID-da",0,"KID.da[twig]N"
"P253887",10,"r 2","ma[ship]N niš[twenty]NU gur[unit]N","ma₂ niš gur",0,"ma[ship]N_niš[twenty]NU_gur[unit]N"
"Q000001",399,"398","kisim[insect]N","|DAG.KISIM₅|",0,"kisim[insect]N"
"P273880",301,"b iii 25","mar[shovel]N x[NA]NA","{ŋeš}mar x",0,"mar[shovel]N_x[NA]NA"
"P250736",198,"r ii 2","{dug}x-x[NA]NA","{dug}x-x",0,"{dug}x-x[NA]NA"
"P253866",51,"o ii 15'","guza[chair]N nita[male]N","{ŋeš}gu-za nita",0,"guza[chair]N_nita[male]N"
"P388265",298,"r iv 38","dur[balk]N peš[thick]V/i","{ŋeš}dur peš",0,"dur[balk]N_peš[thick]V/i"
"P250363",3,"o 2'","ig[door]N šu-ur₂-tum[NA]NA","{ŋeš}ig šu-ur₂-tum",0,"ig[door]N_šu-ur₂-tum[NA]NA"
"P459216",169,"unknown","unknown","unknown",1,"unknown"
"P459216",183,"r iv 15'","ŋešdal[crossbar]N margida[cart]N","ŋeš-dal mar-gid₂-da",0,"ŋešdal[crossbar]N_margida[cart]N"
"P271911",513,"r iii 45","x[NA]NA limmu[four]NU","x limmu₂",0,"x[NA]NA_limmu[four]NU"
"Q000039",178,"148","sumungi[tool]N","{ŋeš}sumun-gi₄",0,"sumungi[tool]N"
"Q000039",56,"48","KID.da[twig]N sil[split]V/i","{ŋeš}KID-da zil",0,"KID.da[twig]N_sil[split]V/i"
"P271771",105,"r i 11'","na[box]N A-TE{ki}[NA]NA","{ŋeš}na A-TE{ki}",0,"na[box]N_A-TE{ki}[NA]NA"
"P273880",288,"b iii 12","naŋa[mortar]N","{ŋeš}naŋa₃",0,"naŋa[mortar]N"
"P271911",466,"unknown","unknown","unknown",1,"unknown"
"P271519",10,"o ii' 2","šuʾa[stool]N dus[bathroom]N","{ŋeš}šu₂-a du₁₀-us₂",0,"šuʾa[stool]N_dus[bathroom]N"
"P459226",37,"o iii 1'","{ŋeš}x[NA]NA","{ŋeš}x",0,"{ŋeš}x[NA]NA"
"Q000039",304,"267","ma[ship]N x-ga[NA]NA","{ŋeš}ma₂ x-ga",0,"ma[ship]N_x-ga[NA]NA"
"P271301",34,"o i 31","peš[fig]N Mari[1]SN","{ŋeš}peš₃ ma₂-ri₂{ki}",0,"peš[fig]N_Mari[1]SN"
"P271301",384,"r iii 17","ma[ship]N Uri[Akkad]GN","{ŋeš}ma₂ uri-ma",0,"ma[ship]N_Uri[Akkad]GN"
"P271792",4,"o 1'","x[NA]NA","x",0,"x[NA]NA"
"P273880",178,"unknown","unknown","unknown",8,"unknown"
"P253230",25,"o ii 3","apin[plow]N šudu[equipped]AJ","{ŋeš}apin šu-nu-du₇",0,"apin[plow]N_šudu[equipped]AJ"
"P429504",34,"unknown","unknown","unknown",999,"unknown"
"P250364",40,"o ii 15","apin[plow]N šudu[equipped]AJ","{ŋeš}apin šu-du₇",0,"apin[plow]N_šudu[equipped]AJ"
"P250364",119,"r ii 4'","magaz[bench]N","{ŋeš}ma-gaz",0,"magaz[bench]N"
"P272243",16,"o i' 12'","ŋešnimbar[palm]N šab[cut]V/t","{ŋeš}ŋešnimbar šab",0,"ŋešnimbar[palm]N_šab[cut]V/t"
"P437074",44,"b i 5''","zutianum[a-tree]N","{ŋeš}zu₃-di-in-nu-um",0,"zutianum[a-tree]N"
"Q000001",218,"218","ab[cow]N šugi[senior]N","ab₂ šu-gi₄",0,"ab[cow]N_šugi[senior]N"
"P388265",319,"r v 4","magaz[bench]N","{ŋeš}ma₂-gaz",0,"magaz[bench]N"
"P235262",70,"d i 13'","ma[ship]N ninnu[fifty]NU gur[unit]N","{ŋeš}ma₂ ninnu gur",0,"ma[ship]N_ninnu[fifty]NU_gur[unit]N"
"P273880",414,"c i 17","niŋgul[hatchet]N","{ŋeš}niŋ₂-gul",0,"niŋgul[hatchet]N"
"P273880",272,"b ii 65","banšur[table]N gag[nail]N la[hang]V/t","{ŋeš}banšurₓ(|URU×IGI.URUDA|) gag{+gu} la₂",0,"banšur[table]N_gag[nail]N_la[hang]V/t"
"P247864",415,"o vii 34'","{ŋeš}gal-HI-LUM-E₂-LAM[NA]NA","{ŋeš}gal-HI-LUM-E₂-LAM",0,"{ŋeš}gal-HI-LUM-E₂-LAM[NA]NA"
"P273880",318,"b iii 46","lubi[ax]N","{ŋeš}{+li}lib",0,"lubi[ax]N"
"P332934",298,"r iii 1'","ma[ship]N x[NA]NA x[NA]NA","{ŋeš}ma₂ x x",0,"ma[ship]N_x[NA]NA_x[NA]NA"
"P250736",102,"o iii 36","mansim[sieve]N hal[divide]V/t","{gi}ma-an-sim hal",0,"mansim[sieve]N_hal[divide]V/t"
"P346714",5,"r i 01'","{ŋeš}x[NA]NA","{ŋeš}x",0,"{ŋeš}x[NA]NA"
"P228096",16,"o i 14","garig[comb]N pamušenak[wing]N","{ŋeš}ga-rig₂ pa-mušen",0,"garig[comb]N_pamušenak[wing]N"
"P250736",315,"r iv 33","sahar[dust]N peš[thick]V/i","sahar peš₁₁",0,"sahar[dust]N_peš[thick]V/i"
"P273880",307,"b iii 35","al[hoe]N","{ŋeš}al",0,"al[hoe]N"
"P228196",23,"23","{ŋeš}{+da-ag}dag[NA]NA","{ŋeš}{+da-ag}dag",0,"{ŋeš}{+da-ag}dag[NA]NA"
"P253887",11,"r 3","ma[ship]N x[NA]NA gur[unit]N","ma₂ x gur",0,"ma[ship]N_x[NA]NA_gur[unit]N"
"P273880",328,"b iii 56","{ŋeš}$RU[NA]NA ra-x[NA]NA","{ŋeš}$RU ra-x",0,"{ŋeš}$RU[NA]NA_ra-x[NA]NA"
"P459217",64,"iii 14","{ŋeš}mi-ri₂-x-eš-x[NA]NA","{ŋeš}mi-ri₂-x-eš-x",0,"{ŋeš}mi-ri₂-x-eš-x[NA]NA"
"Q000001",326,"326","azalulu[multitude]N","a-za-lu-lu",0,"azalulu[multitude]N"
"P272243",11,"o i' 7'","ŋešnimbar[palm]N Dilmun[1]GN","{ŋeš}ŋešnimbar dilmun",0,"ŋešnimbar[palm]N_Dilmun[1]GN"
"P429503",90,"o iii 29","ŋešnimbar[palm]N x[NA]NA","{ŋeš}ŋešnimbar x",0,"ŋešnimbar[palm]N_x[NA]NA"
"P273880",360,"b iv 23","ŋidru[scepter]N harmušen[snare]N","{ŋeš}ŋidru har-mušen-na",0,"ŋidru[scepter]N_harmušen[snare]N"
"P247864",168,"o iii 42","saŋkul[bolt]N ŋušur[harrow]N","{ŋeš}saŋ-kul gana₂-ur₃",0,"saŋkul[bolt]N_ŋušur[harrow]N"
"Q000039",540,"484","ušub[brick-mold]N ab[window]N","{ŋeš}u₃-šub ab",0,"ušub[brick-mold]N_ab[window]N"
"P332934",42,"o i 38","hašhur[apple]N armanu[tree]N","{ŋeš}hašhur ar-mi-an-nu-um",0,"hašhur[apple]N_armanu[tree]N"
"P253866",38,"o ii 2'","gag[nail]N šibir[staff]N","{ŋeš}gag šibir",0,"gag[nail]N_šibir[staff]N"
"P251649",2,"o 1","ŋeš[tree]N 1/2[NA]NA giŋ[unit]N","ŋeš 1/2 giŋ₄",0,"ŋeš[tree]N_1/2[NA]NA_giŋ[unit]N"
"P273712",2,"o 1'","ŋešrin[scales]N lubi[ax]N","ŋeš-rin₂ lub",0,"ŋešrin[scales]N_lubi[ax]N"
"P128345",2,"o 1","garig[comb]N siki[hair]N","{ŋeš}ga-rig₂ siki",0,"garig[comb]N_siki[hair]N"
"P273880",157,"unknown","unknown","unknown",999,"unknown"
"P247864",378,"o vi 62","harmušen[snare]N","{ŋeš}har-mušen",0,"harmušen[snare]N"
"Q000039",710,"641","ŋušur[beam]N TUG₂[NA]NA","{ŋeš}ur₂ TUG₂",0,"ŋušur[beam]N_TUG₂[NA]NA"
"Q000039",219,"185","guza[chair]N unkin[assembly]N","{ŋeš}gu-za unkin",0,"guza[chair]N_unkin[assembly]N"
"P271911",622,"r v 1'","šaʾuša[lance]N","{ŋeš}za-u₁₉-ša",0,"šaʾuša[lance]N"
"P447996",187,"r ii 24","ma[ship]N DIM₂[NA]NA","{ŋeš}ma₂ DIM₂",0,"ma[ship]N_DIM₂[NA]NA"
"P247864",89,"o ii 26","ŠU.KAL[tree]N","{ŋeš}|ŠU.KAL|",0,"ŠU.KAL[tree]N"
"Q000001",228,"228","amar[young]N lirum[strength]N","amar lirum",0,"amar[young]N_lirum[strength]N"
"P296528",6,"o 5","ŋešnimbar[palm]N tur[small]V/i","{ŋeš}ŋešnimbar tur",0,"ŋešnimbar[palm]N_tur[small]V/i"
"P459216",11,"i 9","ŋeš[tree]N giggi[black]V/i","ŋeš giggi",0,"ŋeš[tree]N_giggi[black]V/i"
"P253228",20,"o ii 1","saŋkul[bolt]N gigir[chariot]N","{ŋeš}sag-gul gigir₂",0,"saŋkul[bolt]N_gigir[chariot]N"
"P271911",555,"r iv 21","magaz[bench]N niŋ[thing]N burud[perforate]V/t","nam-gaz niŋ₂ bur₃-bur₃",0,"magaz[bench]N_niŋ[thing]N_burud[perforate]V/t"
"P253233",11,"o i 6","banmin[vessel]N","{ŋeš}{+ba-an}banmin",0,"banmin[vessel]N"
"P250736",249,"r iii 10","epig[vessel]N x[NA]NA","{dug}epig x",0,"epig[vessel]N_x[NA]NA"
"P250736",201,"r ii 5","{dug}x-x[NA]NA","{dug}x-x",0,"{dug}x-x[NA]NA"
"Q000039",104,"83","ama[mother]N ŋešnimbar[palm]N","{ŋeš}ama ŋešnimbar",0,"ama[mother]N_ŋešnimbar[palm]N"
"P247864",138,"o iii 12","egir[back]N margida[cart]N","{ŋeš}egir mar-gid₂-da",0,"egir[back]N_margida[cart]N"
"P271792",6,"o 3'","x[NA]NA","x",0,"x[NA]NA"
"P273880",275,"b ii 68","banšur[table]N kamisarru[pear-tree]N umbin[base]N tiʾarum[tree]N","{ŋeš}banšurₓ(|URU×IGI.URUDA|) ka-mi-sar-ru umbin ti-a-ru-um",0,"banšur[table]N_kamisarru[pear-tree]N_umbin[base]N_tiʾarum[tree]N"
"P459216",57,"ii 25","girim[flower]N","{ŋeš}gi-rim",0,"girim[flower]N"
"Q000039",278,"242","emerah[jug]N","{ŋeš}emerah",0,"emerah[jug]N"
"Q000039",190,"157","ŋešnaruak[~stele]N","ŋeš-na-ru₂-a",0,"ŋešnaruak[~stele]N"
"P429503",179,"r iii' 22'","sudin[~chariot]N margida[cart]N","{ŋeš}šu-din mar-gid₂-da",0,"sudin[~chariot]N_margida[cart]N"
"P253228",41,"r i 5","ŋipar[tree]N duru[wet]V/i","{ŋeš}ŋi₆-par₄ duru₅",0,"ŋipar[tree]N_duru[wet]V/i"
"Q000039",323,"285","ma[ship]N u[ten]NU gur[unit]N","{ŋeš}ma₂ u gur",0,"ma[ship]N_u[ten]NU_gur[unit]N"
"P271911",336,"r i 24'","lubi[ax]N","{+la-ab}lub",0,"lubi[ax]N"
"P253233",21,"o ii 4","bariga[unit]N","{ŋeš}ba-ri₂-ga",0,"bariga[unit]N"
"P347814",211,"c ii 17","niŋ[thing]N min[two]NU giŋ[unit]N","{ŋeš}niŋ₂ min giŋ₄",0,"niŋ[thing]N_min[two]NU_giŋ[unit]N"
"Q000039",601,"541a","šul[youth]V/i |HI×AŠ₂|[NA]NA tur[small]V/i","{ŋeš}šul |HI×AŠ₂| tur",0,"šul[youth]V/i_|HI×AŠ₂|[NA]NA_tur[small]V/i"
"P388265",243,"r iii 22","ŋešnud[bed]N šatuku[mattress]N siki[hair]N garig[comb]N ak[do]V/t","ŋeš-nud šag₄-tuku₅ siki {ŋeš}ga-rig₂ ak",0,"ŋešnud[bed]N_šatuku[mattress]N_siki[hair]N_garig[comb]N_ak[do]V/t"
"P447996",73,"o iv 42","peš[fig]N šergu[string]N","{ŋeš}peš₃ še-er-kum",0,"peš[fig]N_šergu[string]N"
"P271911",277,"o iv 41","sa[net]N","sa-a",0,"sa[net]N"
"P429504",30,"o iii' 11","zutianum[tree]N","{ŋeš}zi-iʾ-ia-nu-um",0,"zutianum[tree]N"
"X100003",19,"r 3","ŋeštin[vine]N garan[bunch]N","{ŋeš}ŋeštin ga-ra-na",0,"ŋeštin[vine]N_garan[bunch]N"
"P271911",15,"o i 9'","ig[door]N manu[wood]N","ig {ŋeš}ma-nu",0,"ig[door]N_manu[wood]N"
"P253233",42,"r i 10'","{ŋeš}TUG₂-TUG₂[NA]NA","{ŋeš}TUG₂-TUG₂",0,"{ŋeš}TUG₂-TUG₂[NA]NA"
"P447996",35,"o iv 4","šinig[tamarisk]N","{ŋeš}šinig",0,"šinig[tamarisk]N"
"P271911",539,"r iv 9","{x}URI{ki}[NA]NA","{x}URI{ki}",0,"{x}URI{ki}[NA]NA"
"P332934",357,"r iv 14","gabaŋal[guard]N gigir[chariot]N","{ŋeš}gaba-gal gigir",0,"gabaŋal[guard]N_gigir[chariot]N"
"P247864",368,"o vi 52","katapum[object]N","{ŋeš}ka-ta-pu-um",0,"katapum[object]N"
"P247864",86,"o ii 23","zulum[date]N","zu₂-lum",0,"zulum[date]N"
"P459228",2,"o 1","lamgal[nut]N","{ŋeš}lam-gal",0,"lamgal[nut]N"
"P432448",4,"unknown","unknown","unknown",2,"unknown"
"P347814",130,"b ii 14'","{ŋeš}x[NA]NA","{ŋeš}x",0,"{ŋeš}x[NA]NA"
"P459218",4,"unknown","unknown","unknown",999,"unknown"
"P271771",35,"o iii 12","girim[flower]N","{ŋeš}gi-rim",0,"girim[flower]N"
"Q000039",70,"53","šurmen[cypress]N","{ŋeš}šu-ur₂-min₃",0,"šurmen[cypress]N"
"Q000001",271,"271","muš[snake]N sas[grass]N","muš {u₂}|KI.KAL|",0,"muš[snake]N_sas[grass]N"
"P437074",141,"c i 6'","ŋešnud[bed]N x[NA]NA","ŋeš-nud x",0,"ŋešnud[bed]N_x[NA]NA"
"P346714",100,"r iii 22'","{ŋeš}x[NA]NA gur[rim]N","{ŋeš}x gur₂",0,"{ŋeš}x[NA]NA_gur[rim]N"
"P459218",46,"o ii 26'","madal[pole]N","{ŋeš}mudla(BU)",0,"madal[pole]N"
"P429503",166,"r iii' 9'","margida[cart]N Martu[1]GN","{ŋeš}mar-gid₂-da mar-tu{ki}",0,"margida[cart]N_Martu[1]GN"
"P437074",58,"b ii 1'","x-x-x[NA]NA","x-x-x",0,"x-x-x[NA]NA"
"P429503",148,"r ii' 24'","ŋiri[foot]N madu[~boat]N","{ŋeš}ŋiri₃ ma₂-du-uš",0,"ŋiri[foot]N_madu[~boat]N"
"Q000001",316,"316","ban₂.HU[animal]N","ban₂-HU",0,"ban₂.HU[animal]N"
"P370399",79,"o iii 18'","{ŋeš}x-x[NA]NA","{ŋeš}x-x",0,"{ŋeš}x-x[NA]NA"
"Q000001",125,"125","uzud[goat]N šag[heart]N","uzud šag₄",0,"uzud[goat]N_šag[heart]N"
"P253866",92,"o iii 25'","raba[clamp]N","{ŋeš}raba",0,"raba[clamp]N"
"P346714",172,"r v 08'","mar[shovel]N gi[reed]N","{ŋeš}mar gi",0,"mar[shovel]N_gi[reed]N"
"P429504",49,"unknown","unknown","unknown",1,"unknown"
"P332934",33,"o i 29","peš[fig]N Elam[1]GN","{ŋeš}peš₃ elam-ma{ki}",0,"peš[fig]N_Elam[1]GN"
"P347814",56,"a ii 27'","{ŋeš}x[NA]NA","{ŋeš}x",0,"{ŋeš}x[NA]NA"
"P273880",195,"b i 45'","barbar[shuttle]N","{ŋeš}bar-bar",0,"barbar[shuttle]N"
"P459216",165,"r iii 32'","šibir[shepherd's-staff]N","{ŋeš}šibir₂",0,"šibir[shepherd's-staff]N"
"P253228",93,"r iii 10'","{ŋeš}x-x-la-x[NA]NA","{ŋeš}x-x-la-x",0,"{ŋeš}x-x-la-x[NA]NA"
"Q000001",400,"399","šurun[cricket]N","|DAG.KISIM₅×SI|",0,"šurun[cricket]N"
"P271792",26,"r 21'","x[NA]NA","x",0,"x[NA]NA"
"Q000039",273,"237","banšurzaggula[table]N","{ŋeš}banšur-zag-gu-la",0,"banšurzaggula[table]N"
"P459218",79,"o iii 30","gag[nail]N leʾum[board]N apin[plow]N","{ŋeš}gag li apin",0,"gag[nail]N_leʾum[board]N_apin[plow]N"
"P271301",24,"o i 21","ŋeštin[vine]N","{ŋeš}ŋeštin",0,"ŋeštin[vine]N"
"P271301",432,"r iv 13","{ŋeš}x[NA]NA x[NA]NA gigir[chariot]N","{ŋeš}x x gigir",0,"{ŋeš}x[NA]NA_x[NA]NA_gigir[chariot]N"
"P247864",163,"o iii 37","DUB[pole-pin]N margida[cart]N","{ŋeš}DUB mar-gid₂-da",0,"DUB[pole-pin]N_margida[cart]N"
"P459216",65,"iii 4","suhur[tuft]N ŋešnimbar[palm]N","{ŋeš}suhur ŋešnimbar",0,"suhur[tuft]N_ŋešnimbar[palm]N"
"P347814",246,"unknown","unknown","unknown",1,"unknown"
"P253233",26,"o ii 9","dilim[spoon]N banšur[table]N","{ŋeš}dilim₂ banšur",0,"dilim[spoon]N_banšur[table]N"
"P447996",116,"o v 41","ŋešnimbar[palm]N šeŋ[cook]V/t","{ŋeš}ŋešnimbar šeŋ₆",0,"ŋešnimbar[palm]N_šeŋ[cook]V/t"
"Q000039",497,"445","apin[plow]N šudu[equipped]AJ","{ŋeš}apin šu-nu-du₇",0,"apin[plow]N_šudu[equipped]AJ"
"Q000039",573,"516","bariga[unit]N","{ŋeš}ba-ri₂-ga",0,"bariga[unit]N"
"P271771",20,"o ii 18","ildag[poplar]N","{ŋeš}ildag₂",0,"ildag[poplar]N"
"P250736",135,"o iv 28","gi[reed]N gum[crush]V/t","gi gum",0,"gi[reed]N_gum[crush]V/t"
"Q000039",390,"347","usan[whip]N","{ŋeš}usan₃",0,"usan[whip]N"
"P229426",36,"r ii 10","magur[barge]N Damu[1]DN","{ŋeš}ma₂-gur₈ {d}da-mu",0,"magur[barge]N_Damu[1]DN"
"Q000001",300,"300","nig[dog]N amar[young]N","nig amar",0,"nig[dog]N_amar[young]N"
"P437074",65,"b ii 8'","mašdara[inscription]N","{ŋeš}maš-tar",0,"mašdara[inscription]N"
"P250364",87,"o v 8","sahir[net]N AN-gin₇[NA]NA","{ŋeš}sa-har AN-gin₇",0,"sahir[net]N_AN-gin₇[NA]NA"
"P271911",272,"o iv 38","igi[~mathematics]N eš[three]NU ŋal[be]V/i","igi eš₅ ŋal₂",0,"igi[~mathematics]N_eš[three]NU_ŋal[be]V/i"
"P273880",43,"a ii 10'","dam[~plow]N apin[plow]N","{ŋeš}da-am apin",0,"dam[~plow]N_apin[plow]N"
"P247864",95,"o ii 32","šinig[tamarisk]N kur[mountain]N","{ŋeš}šinig kur",0,"šinig[tamarisk]N_kur[mountain]N"
"P370399",140,"o iv 37'","ig[door]N egal[palace]N","{ŋeš}ig e₂-gal",0,"ig[door]N_egal[palace]N"
"Q000001",346,"346","nim[fly]N urmah[lion]N","nim ur-mah",0,"nim[fly]N_urmah[lion]N"
"Q000039",449,"400","eš[rope]N saŋkul[bolt]N","{ŋeš}eš₂ saŋ-kul",0,"eš[rope]N_saŋkul[bolt]N"
"P235262",125,"unknown","unknown","unknown",2,"unknown"
"P250364",116,"r ii 1'","{ŋeš}x[NA]NA","{ŋeš}x",0,"{ŋeš}x[NA]NA"
"Q000039",113,"91","su[fibers]N ŋešnimbar[palm]N","{ŋeš}su₁₁ ŋešnimbar",0,"su[fibers]N_ŋešnimbar[palm]N"
"P273880",629,"d i 2'","madal[pole]N","{ŋeš}madla(BU)",0,"madal[pole]N"
"P253238",15,"o 12'","an[sky]N usuh[tree]N","{ŋeš}an u₃-suh₅",0,"an[sky]N_usuh[tree]N"
"Q000039",477,"426","ellag[ball]N","{ŋeš}ellag",0,"ellag[ball]N"
"Q000001",307,"307","lulim[stag]N","lu-lim",0,"lulim[stag]N"
"P271771",25,"o iii 2","mesgam[tree]N","{ŋeš}mes-gam₃",0,"mesgam[tree]N"
"P271301",230,"o v 3'","{ŋeš}x[NA]NA","{ŋeš}x",0,"{ŋeš}x[NA]NA"
"P369718",3,"o 2","gag[nail]N šudul[yoke]N margida[cart]N","{ŋeš}gag šudul₃ mar-gid₂-da",0,"gag[nail]N_šudul[yoke]N_margida[cart]N"
"P346714",125,"r iv 05'","niŋ[thing]N diš[one]NU sila[unit]N","{ŋeš}niŋ₂ diš sila₃",0,"niŋ[thing]N_diš[one]NU_sila[unit]N"
"P332934",36,"o i 32","ama[mother]N peš[fig]N","{ŋeš}ama peš₃",0,"ama[mother]N_peš[fig]N"
"Q000039",348,"307a","ma[ship]N lugal[king]N","{ŋeš}ma₂ lugal",0,"ma[ship]N_lugal[king]N"
"Q000001",73,"73","udu[sheep]N ŋissu[shade]N","udu ŋissu",0,"udu[sheep]N_ŋissu[shade]N"
"P370399",120,"o iv 17'","si[horn]N gigir[chariot]N","{ŋeš}si gigir",0,"si[horn]N_gigir[chariot]N"
"P388265",19,"i 21","hilum[resin]N urzinum[tree]N","{ŋeš}hi-lum ur-zi-nu-um",0,"hilum[resin]N_urzinum[tree]N"
"Q000039",21,"19","šinig[tamarisk]N dili[single]V/i","{ŋeš}šinig dili",0,"šinig[tamarisk]N_dili[single]V/i"
"P271911",546,"r iv 14","ŋušur[beam]N","gu-šu-ur",0,"ŋušur[beam]N"
"P271911",99,"o ii 24","garig[comb]N gal[big]V/i","ga-rig₂ gal",0,"garig[comb]N_gal[big]V/i"
"P332934",236,"o iv 7'","zarlamtum[plant]N","{ŋeš}zar-lam-tum",0,"zarlamtum[plant]N"
"P271911",7,"o i 2'","ig[door]N kan[gate]N tur[small]V/i","ig kan₄ tur",0,"ig[door]N_kan[gate]N_tur[small]V/i"
"P388265",124,"r i 2","igiŋal[sign]N","{ŋeš}igi-ŋal₂",0,"igiŋal[sign]N"
"P273880",227,"b ii 16","dilim[spoon]N lamgal[nut]N","{ŋeš}dilim₂ lam-gal",0,"dilim[spoon]N_lamgal[nut]N"
"P332934",396,"r iv 30'","x[NA]NA margida[cart]N","x mar-gid₂-da",0,"x[NA]NA_margida[cart]N"
"P459218",54,"o iii 5","{ŋeš}BU[NA]NA","{ŋeš}BU",0,"{ŋeš}BU[NA]NA"
"P271911",135,"o ii 55","ŋešrin[scales]N manala[weighmaster]N","rin₂ ma-ŋa₂-la₂",0,"ŋešrin[scales]N_manala[weighmaster]N"
"P332934",363,"r iv 20","zara[pivot]N gigir[chariot]N","{ŋeš}za-ra gigir",0,"zara[pivot]N_gigir[chariot]N"
"P253866",87,"o iii 20'","ba[tool]N še[barley]N","{ŋeš}ba še",0,"ba[tool]N_še[barley]N"
"P253233",22,"o ii 5","baneš[container]N","{ŋeš}{+ba-an}baneš",0,"baneš[container]N"
"P253238",8,"o 5'","mes[tree]N šaršabid[tree]N","{ŋeš}mes šarₓ(NE)-ša₄-bid₃",0,"mes[tree]N_šaršabid[tree]N"
"P253866",16,"o i 11'","{ŋeš}x-PAP[NA]NA","{ŋeš}x-PAP",0,"{ŋeš}x-PAP[NA]NA"
"P247864",385,"o vii 4'","ig[door]N x-ne[NA]NA","{ŋeš}ig x-ne",0,"ig[door]N_x-ne[NA]NA"
"P253228",8,"o i 5","al[hoe]N zu[tooth]N min[two]NU","{ŋeš}al zu₂ min",0,"al[hoe]N_zu[tooth]N_min[two]NU"
"Q000039",373,"331","GUL[~chariot]N gigir[chariot]N","{ŋeš}GUL gigir",0,"GUL[~chariot]N_gigir[chariot]N"
"Q000001",118,"118","u[ewe]N sila[lamb]N šub[fall]V/t","u₈ sila₄ šub",0,"u[ewe]N_sila[lamb]N_šub[fall]V/t"
"P247864",134,"o iii 8","apin[plow]N šu[hand]N","{ŋeš}apin šu",0,"apin[plow]N_šu[hand]N"
"P370399",127,"o iv 24'","{ŋeš}x[NA]NA","{ŋeš}x",0,"{ŋeš}x[NA]NA"
"Q000039",101,"80","ŋešnimbar[palm]N sissig[green]V/i šeŋ[cook]V/t","{ŋeš}ŋešnimbar sig₇-sig₇ šeŋ₆",0,"ŋešnimbar[palm]N_sissig[green]V/i_šeŋ[cook]V/t"
"P347814",271,"d i 34'","{ŋeš}KUD[NA]NA","{ŋeš}KUD",0,"{ŋeš}KUD[NA]NA"
"P388265",348,"r v 33","urzababitu[instrument]N","{ŋeš}ur-za-ba₄-tum",0,"urzababitu[instrument]N"
"P271911",114,"o ii 37","gazinbu[pole]N","{+ki-ši-mu}BU",0,"gazinbu[pole]N"
"P271911",612,"r v 10","antibal[sign]N niŋin[encircle]V/t","an-ti-ib-la₂ niŋin",0,"antibal[sign]N_niŋin[encircle]V/t"
"P247864",271,"o v 19","šu[handle]N","{ŋeš}šu",0,"šu[handle]N"
"P346714",64,"r ii 32'","sa[sinew]N ŋušur[harrow]N","{ŋeš}sa gana₂-ur₃",0,"sa[sinew]N_ŋušur[harrow]N"
"P247864",133,"o iii 7","zara[pivot]N apin[plow]N","{ŋeš}za-ra apin",0,"zara[pivot]N_apin[plow]N"
"P459217",40,"ii 16'","manu[wood]N duru[wet]V/i","{ŋeš}ma-nu duru₅",0,"manu[wood]N_duru[wet]V/i"
"Q000039",178,"148","sumungi[tool]N","{ŋeš}sumun-gi₄",0,"sumungi[tool]N"
"P447996",185,"r ii 22","Maʾidnirŋal[1]ON","{ŋeš}ma₂-id₂-da-nir-ŋal₂",0,"Maʾidnirŋal[1]ON"
"P347814",7,"a i 5'","ig[door]N e[house]N gal[big]V/i","{ŋeš}ig e₂ gu-la",0,"ig[door]N_e[house]N_gal[big]V/i"
"P250361",4,"o 2'","{ŋeš}x[NA]NA zid[right]V/i ŋešnud[bed]N","{ŋeš}x zid nud",0,"{ŋeš}x[NA]NA_zid[right]V/i_ŋešnud[bed]N"
"P459216",19,"i 17","hašhur[apple]N kur[mountain]N","{ŋeš}hašhur kur",0,"hašhur[apple]N_kur[mountain]N"
"P247864",303,"o v 51","gimuš[pole]N ma[ship]N","{ŋeš}gi-muš ma₂",0,"gimuš[pole]N_ma[ship]N"
"P247864",412,"o vii 31'","{ŋeš}x-za-ab[NA]NA x-x[NA]NA","{ŋeš}x-za-ab x-x",0,"{ŋeš}x-za-ab[NA]NA_x-x[NA]NA"
"P492330",35,"r i 5'","{ŋeš}kar₂-x[NA]NA","{ŋeš}kar₂-x",0,"{ŋeš}kar₂-x[NA]NA"
"P370399",5,"o i 2'","x[NA]NA ŋešnimbar[palm]N","x ŋešnimbar",0,"x[NA]NA_ŋešnimbar[palm]N"
"Q000001",166,"166","sila[lamb]N ga[milk]N sub[rub]V/t","sila₄ ga sub",0,"sila[lamb]N_ga[milk]N_sub[rub]V/t"
"Q000001",426,"425","uzu[flesh]N masila[heel]N TUM[NA]NA","uzu ma-sila₃ TUM",0,"uzu[flesh]N_masila[heel]N_TUM[NA]NA"
"P388265",201,"r ii 28","ban[unit]N banmin[vessel]N","{ŋeš}ba-an banmin",0,"ban[unit]N_banmin[vessel]N"
"P273880",540,"c iii 25","ŋešnimbar[palm]N dud[mound]N kug[pure]V/i","{ŋeš}ŋešnimbar du₆ kug",0,"ŋešnimbar[palm]N_dud[mound]N_kug[pure]V/i"
"P247864",170,"o iii 44","gag[nail]N zara[pivot]N ŋušur[harrow]N","{ŋeš}gag za-ra gana₂-ur₃",0,"gag[nail]N_zara[pivot]N_ŋušur[harrow]N"
"P447996",121,"r i 3","ŋešnimbar[palm]N al-x-x[NA]NA","{ŋeš}ŋešnimbar al-x-x",0,"ŋešnimbar[palm]N_al-x-x[NA]NA"
"P459227",13,"o ii 3'","DUB.du₃[~vehicle]N ŋar[place]V/t","{ŋeš}ŠID ŋar",0,"DUB.du₃[~vehicle]N_ŋar[place]V/t"
"P273880",488,"c ii 32","ma[ship]N 15[NA]NA gur[unit]N","{ŋeš}ma₂ 15 gur",0,"ma[ship]N_15[NA]NA_gur[unit]N"
"P459217",14,"i 13'","hašhur[apple]N baza[dwarf]N","{ŋeš}hašhur ba-za",0,"hašhur[apple]N_baza[dwarf]N"
"P247864",287,"o v 35","{ŋeš}x-x[NA]NA","{ŋeš}x-x",0,"{ŋeš}x-x[NA]NA"
"P273880",559,"c iii 44","ŋešnimbar[palm]N Meluhha[1]GN","{ŋeš}ŋešnimbar me-luh-ha",0,"ŋešnimbar[palm]N_Meluhha[1]GN"
"P437074",86,"b ii 10''","guza[chair]N sag[good]V/i","{ŋeš}gu-za sag₁₀",0,"guza[chair]N_sag[good]V/i"
"P271771",33,"o iii 10","elammakum[tree]N","{ŋeš}e-lam-ma-kum",0,"elammakum[tree]N"
"P271549",7,"4'","ma[ship]N ni-in-x[NA]NA","ma₂ ni-in-x",0,"ma[ship]N_ni-in-x[NA]NA"
"P382665",3,"3","šinig[tamarisk]N","{ŋeš}šinig",0,"šinig[tamarisk]N"
"P253233",10,"o i 5","baneš[container]N","{ŋeš}{+ba-an}baneš",0,"baneš[container]N"
"Q000039",480,"429","madal[pole]N","{ŋeš}mudla(BU)",0,"madal[pole]N"
"P271301",464,"r iv 45","margida[cart]N Subir[1]GN","{ŋeš}mar-gid₂-da su-bir₄{ki}",0,"margida[cart]N_Subir[1]GN"
"P271911",588,"r iv 45","akar[implement]N","a₂-kar₂",0,"akar[implement]N"
"P332934",12,"o i 8","ŋešgana[tree]N giggi[black]V/i","ŋeš-kin₂ giggi",0,"ŋešgana[tree]N_giggi[black]V/i"
"P271771",18,"o ii 16","lamhal[nut]N","{ŋeš}lam-hal",0,"lamhal[nut]N"
"P250364",106,"r i 6'","sigsig[musical-instrument]N eban[pair]N","{ŋeš}sig₃-sig₃ e₂-pa-na",0,"sigsig[musical-instrument]N_eban[pair]N"
"P273880",603,"c iv 37","x-x[NA]NA","x-x",0,"x-x[NA]NA"
"P271301",305,"r i 33","ŋešnud[bed]N umbin[nail]N gud[ox]N","ŋeš-nud umbin gud",0,"ŋešnud[bed]N_umbin[nail]N_gud[ox]N"
"P250736",221,"r ii 25","sila[unit]N gal[big]V/i","{dug}sila₃ gal",0,"sila[unit]N_gal[big]V/i"
"P247864",94,"o ii 31","šinig[tamarisk]N","{ŋeš}šinig",0,"šinig[tamarisk]N"
"Q000039",213,"179","guza[chair]N Magan[1]GN","{ŋeš}gu-za ma₂-gan-na",0,"guza[chair]N_Magan[1]GN"
"P332930",26,"r 5","ma[ship]N dirig[float]V/i addir[ferry]N","{ŋeš}ma₂ dirig addir",0,"ma[ship]N_dirig[float]V/i_addir[ferry]N"
"Q000039",596,"537","ŋidru[scepter]N harmušen[snare]N","{ŋeš}ŋidru har-mušen-na",0,"ŋidru[scepter]N_harmušen[snare]N"
"P459217",15,"i 14'","hašhur[apple]N šeʾeštub[barley]N","{ŋeš}hašhur eštub",0,"hašhur[apple]N_šeʾeštub[barley]N"
"P273880",255,"b ii 48","ŋeš[tree]N diš[one]NU giŋ[unit]N","ŋeš diš giŋ₄",0,"ŋeš[tree]N_diš[one]NU_giŋ[unit]N"
"P250736",284,"r iv 2","x-x-NE[NA]NA","x-x-NE",0,"x-x-NE[NA]NA"
"P253866",95,"o iii 31'","{ŋeš}x[NA]NA x[NA]NA","{ŋeš}x x",0,"{ŋeš}x[NA]NA_x[NA]NA"
"P332934",251,"o iv 22'","arina[madder]N","{ŋeš}a-ri-na",0,"arina[madder]N"
"P250364",131,"r ii 16'","ešgiri[staff]N","ŋeš-giri₁₉",0,"ešgiri[staff]N"
"P447996",22,"o iii 18","kur[wood]N","{ŋeš}kur",0,"kur[wood]N"
"P229426",2,"o 1","la[hang]V/t la-a[NA]NA LA₂[NA]NA","la₂ la-a LA₂",0,"la[hang]V/t_la-a[NA]NA_LA₂[NA]NA"
"P459216",175,"r iv 7'","zara[pivot]N gagsila[harness]N","{ŋeš}za-ra gag-sal₄",0,"zara[pivot]N_gagsila[harness]N"
"P254360",3,"o 1","e[house]N šudul[yoke]N apin[plow]N","{ŋeš}e₂ šudul₅ apin",0,"e[house]N_šudul[yoke]N_apin[plow]N"
"P332934",135,"o ii 52","urnum[cedar]N","{ŋeš}ur₂-nu-um",0,"urnum[cedar]N"
"P271320",35,"r i' 3'","suhur[tool]N gigir[chariot]N","{ŋeš}suhur gigir",0,"suhur[tool]N_gigir[chariot]N"
"P253230",23,"o ii 1","apin[plow]N šu[hand]N","{ŋeš}apin šu",0,"apin[plow]N_šu[hand]N"
"Q000039",361,"319","gag[nail]N","{ŋeš}gag",0,"gag[nail]N"
"P271911",102,"o ii 27","garig[comb]N saŋdu[head]N","ga-rig₂ saŋ-du",0,"garig[comb]N_saŋdu[head]N"
"P459216",102,"r i 7'","guza[chair]N al-x[NA]NA","{ŋeš}gu-za al-x",0,"guza[chair]N_al-x[NA]NA"
"P271911",369,"r i 52'","gag[nail]N mar[shovel]N","gag mar",0,"gag[nail]N_mar[shovel]N"
"P447996",226,"r iii 27","si[horn]N malah[sailor]N","{ŋeš}si ma₂-lah₄",0,"si[horn]N_malah[sailor]N"
"P447996",83,"o v 8","hašhur[apple]N kurdilum[fruit-tree]N","{ŋeš}hašhur kur-di-lum",0,"hašhur[apple]N_kurdilum[fruit-tree]N"
"P250736",198,"r ii 2","{dug}x-x[NA]NA","{dug}x-x",0,"{dug}x-x[NA]NA"
"P273880",423,"c i 26","dur[board]N šeg[brick]N alura[baked]AJ","{ŋeš}dur₂ šeg₁₂ al-ur₃-ra",0,"dur[board]N_šeg[brick]N_alura[baked]AJ"
"P459216",4,"i 2","esi[tree]N","{ŋeš}esi",0,"esi[tree]N"
"P235262",17,"a i 13'","hašhur[apple]N še[barley]N šeŋuš[barley]N","{ŋeš}hašhur še muš₅",0,"hašhur[apple]N_še[barley]N_šeŋuš[barley]N"
"P271911",511,"r iii 43","x[NA]NA limmu[four]NU","x limmu₂",0,"x[NA]NA_limmu[four]NU"
"P253233",67,"r ii 17'","peš[fig]N kur[mountain]N","{ŋeš}peš₃ kur",0,"peš[fig]N_kur[mountain]N"
"P250736",36,"o ii 8","ubzal[reeds]N","{gi}ub-zal",0,"ubzal[reeds]N"
"P273880",544,"c iii 29","ŋešnimbar[palm]N lu₂.IM[criminal]N","{ŋeš}ŋešnimbar lu₂-IM",0,"ŋešnimbar[palm]N_lu₂.IM[criminal]N"
"P347814",122,"b ii 6'","ellaŋdu[trap]N","{ŋeš}ellaŋ₂-du",0,"ellaŋdu[trap]N"
"P347814",38,"a ii 9'","{ŋeš}x[NA]NA","{ŋeš}x",0,"{ŋeš}x[NA]NA"
"P437074",10,"a ii 3'","x-um[NA]NA","x-um",0,"x-um[NA]NA"
"P247864",225,"o iv 36","saŋkul[bolt]N ig[door]N","{ŋeš}sag-gul ig",0,"saŋkul[bolt]N_ig[door]N"
"P247864",337,"o vi 21","pana[bow]N x-x[NA]NA tab[burn]V/t","{ŋeš}pana x-x tab",0,"pana[bow]N_x-x[NA]NA_tab[burn]V/t"
"P429503",110,"r i' 14'","buniŋ[trough]N x[NA]NA","{ŋeš}buniŋ x",0,"buniŋ[trough]N_x[NA]NA"
"P228096",9,"o i 7","kirid[clasp]N","{ŋeš}kirid",0,"kirid[clasp]N"
"P273880",302,"unknown","unknown","unknown",5,"unknown"
"P247864",385,"o vii 4'","ig[door]N x-ne[NA]NA","{ŋeš}ig x-ne",0,"ig[door]N_x-ne[NA]NA"
"Q000001",194,"194","gud[ox]N a₂-x-x[NA]NA","gud a₂-x-x",0,"gud[ox]N_a₂-x-x[NA]NA"
"P347814",150,"unknown","unknown","unknown",999,"unknown"
"P332934",312,"r iii 15'","ma[ship]N hedu[ornament]N","{ŋeš}ma₂ {d}he₂-du₇",0,"ma[ship]N_hedu[ornament]N"
"Q000039",508,"455","sala[~plow]N apin[plow]N","{ŋeš}sal-la apin",0,"sala[~plow]N_apin[plow]N"
"P271771",105,"r i 11'","na[box]N A-TE{ki}[NA]NA","{ŋeš}na A-TE{ki}",0,"na[box]N_A-TE{ki}[NA]NA"
"P388265",340,"r v 25","ušub[brick-mold]N šeg[brick]N","{ŋeš}u₃-šub sig₄",0,"ušub[brick-mold]N_šeg[brick]N"
"Q000001",170,"170","sila[lamb]N dili[single]V/i ur[pluck]V/t","sila₄ dili ur₄",0,"sila[lamb]N_dili[single]V/i_ur[pluck]V/t"
"P388265",117,"iv 34","pa[branch]N ŋešnimbar[palm]N","{ŋeš}pa-pa ŋešnimbar",0,"pa[branch]N_ŋešnimbar[palm]N"
"P247864",456,"r i 16","ŋešnud[bed]N šu[hand]N du[suitable]V/i","ŋeš-nud šu du₇",0,"ŋešnud[bed]N_šu[hand]N_du[suitable]V/i"
"P447996",212,"r iii 13","x[NA]NA ma[ship]N","x ma₂",0,"x[NA]NA_ma[ship]N"
"P332934",156,"o ii 72","ŋešnimbar[palm]N al-x[NA]NA","{ŋeš}ŋešnimbar al-x",0,"ŋešnimbar[palm]N_al-x[NA]NA"
"P332939",64,"r ii' 8'","umbin[wheel]N margida[cart]N","{ŋeš}umbin mar-gid₂-da",0,"umbin[wheel]N_margida[cart]N"
"P250364",14,"o i 11","mud[tube]N gigir[chariot]N","{ŋeš}mud gigir",0,"mud[tube]N_gigir[chariot]N"
"Q000039",231,"196","guza[chair]N gar[knob]N kugbabbar[silver]N ŋar[place]V/t","{ŋeš}gu-za gar₃ kug-babbar ŋar",0,"guza[chair]N_gar[knob]N_kugbabbar[silver]N_ŋar[place]V/t"
"Q000039",428,"381","ig[door]N maštab[twin]N","{ŋeš}ig maš-tab",0,"ig[door]N_maštab[twin]N"
"P332934",282,"r iii 9","ma[ship]N x[NA]NA","{ŋeš}ma₂ x",0,"ma[ship]N_x[NA]NA"
"P459216",36,"ii 4","manu[wood]N","{ŋeš}ma-nu",0,"manu[wood]N"
"P273880",510,"c ii 55","ŋešnimbar[palm]N","{ŋeš}ŋešnimbar",0,"ŋešnimbar[palm]N"
"P388265",316,"r v 1","{ŋeš}x[NA]NA ma[ship]N","{ŋeš}x ma₂",0,"{ŋeš}x[NA]NA_ma[ship]N"
"P347814",109,"b i 39'","x[NA]NA x-la₂[NA]NA","x x-la₂",0,"x[NA]NA_x-la₂[NA]NA"
"P247864",253,"o v 1","{ŋeš}x-x[NA]NA","{ŋeš}x-x",0,"{ŋeš}x-x[NA]NA"
"P447996",83,"o v 8","hašhur[apple]N kurdilum[fruit-tree]N","{ŋeš}hašhur kur-di-lum",0,"hašhur[apple]N_kurdilum[fruit-tree]N"
"P273712",14,"r i 4","al[hoe]N ŋušur[beam]N","{ŋeš}al ŋeš-ur₂",0,"al[hoe]N_ŋušur[beam]N"
"P235262",113,"d ii 18'","ŋešdal[crossbar]N margida[cart]N","ŋeš-dal mar-gid₂-da",0,"ŋešdal[crossbar]N_margida[cart]N"
"Q000039",651,"585","mar[shovel]N im[clay]N","{ŋeš}mar im",0,"mar[shovel]N_im[clay]N"
"P429503",142,"r ii' 18'","murgu[shoulder]N $SIG₄[NA]NA ma[ship]N","{ŋeš}mu-kun $SIG₄ ma₂",0,"murgu[shoulder]N_$SIG₄[NA]NA_ma[ship]N"
"P388265",331,"r v 16","alŋarsur[drumstick]N","{ŋeš}al-ŋar-sur",0,"alŋarsur[drumstick]N"
"P273880",486,"c ii 30","ma[ship]N ušu[thirty]NU gur[unit]N","{ŋeš}ma₂ ušu₃ gur",0,"ma[ship]N_ušu[thirty]NU_gur[unit]N"
"P253228",92,"r iii 9'","{ŋeš}x[NA]NA","{ŋeš}x",0,"{ŋeš}x[NA]NA"
"P273880",148,"a iv 45'","guza[chair]N gid[long]V/i","{ŋeš}gu-za gid₂",0,"guza[chair]N_gid[long]V/i"
"P347814",269,"d i 32'","{ŋeš}KUD[NA]NA","{ŋeš}KUD",0,"{ŋeš}KUD[NA]NA"
"Q000001",293,"293","uršub[tiger]N","ur-šub₅",0,"uršub[tiger]N"
"P388265",304,"r iv 45","SAL.UŠ[sheath]N x[NA]NA","{ŋeš}|SAL.UŠ| x",0,"SAL.UŠ[sheath]N_x[NA]NA"
"P250736",276,"r iii 37","gir[oven]N","gir₄",0,"gir[oven]N"
"P429503",40,"o ii 9","ildag[poplar]N aga[rear]N","{ŋeš}ildag₂ a-ga",0,"ildag[poplar]N_aga[rear]N"
"P332934",200,"o iii 36","suhur[tuft]N ŋešnimbar[palm]N","{ŋeš}suhur ŋešnimbar",0,"suhur[tuft]N_ŋešnimbar[palm]N"
"Q000001",29,"29","udu[sheep]N gum[mange]N šub[fall]V/t","udu gan šub",0,"udu[sheep]N_gum[mange]N_šub[fall]V/t"
"P429504",15,"o ii' 9","ŋešnimbar[palm]N uhin[date]N sissig[green]V/i","{ŋeš}ŋešnimbar u₄-hi-in sig₇-sig₇",0,"ŋešnimbar[palm]N_uhin[date]N_sissig[green]V/i"
"P459216",122,"r ii 7'","{ŋeš}x[NA]NA","{ŋeš}x",0,"{ŋeš}x[NA]NA"
"P271771",136,"r iii 6'","Uri[Akkad]GN","{ŋeš}uri-ma{ki}",0,"Uri[Akkad]GN"
"P229426",21,"o 20","zal[pass]V/t za-al[NA]NA NI[NA]NA","zal za-al NI",0,"zal[pass]V/t_za-al[NA]NA_NI[NA]NA"
"P250736",182,"r i 36","guhšu[altar]N","{gi}gum₂-gum₂-šu₂",0,"guhšu[altar]N"
"X100003",17,"r 1","ŋeštinzug[grape]N","{ŋeš}ŋeštin-zug₂",0,"ŋeštinzug[grape]N"
"P296528",23,"r v 10'","ŋešnimbar[palm]N tur[small]V/i","{ŋeš}ŋešnimbar tur",0,"ŋešnimbar[palm]N_tur[small]V/i"
"P346714",133,"r iv 13'","sa[net]N x[NA]NA","{ŋeš}sa x",0,"sa[net]N_x[NA]NA"
"P253228",42,"r i 6","ŋipar[tree]N ah[dry]V/i","{ŋeš}ŋi₆-par₄ e₃",0,"ŋipar[tree]N_ah[dry]V/i"
"P271911",614,"r v 11","alan[statue]N","alan",0,"alan[statue]N"
"P235262",75,"d i 18'","ma[ship]N u[ten]NU gur[unit]N","{ŋeš}ma₂ u gur",0,"ma[ship]N_u[ten]NU_gur[unit]N"
"P459217",39,"ii 15'","manu[wood]N","{ŋeš}ma-nu",0,"manu[wood]N"
"P271301",162,"o iii 50","ŋešnimbar[palm]N nita[male]N","{ŋeš}ŋešnimbar nita",0,"ŋešnimbar[palm]N_nita[male]N"
"P247864",296,"o v 44","ma[ship]N","{ŋeš}ma₂",0,"ma[ship]N"
"P349893",7,"7","gazinbu[pole]N","{ŋeš}gazinbu{+ga-zi-im-bi}",0,"gazinbu[pole]N"
"P332939",63,"r ii' 7'","gag[nail]N ašte[chair]N margida[cart]N","{ŋeš}gag al-te mar-gid₂-da",0,"gag[nail]N_ašte[chair]N_margida[cart]N"
"P250736",121,"o iv 14","bisaŋ[basket]N kuš[skin]N sig[put]V/t","{gi}bisaŋ kuš sig₉",0,"bisaŋ[basket]N_kuš[skin]N_sig[put]V/t"
"Q000039",523,"467","gag[nail]N sa[sinew]N la[hang]V/t","{ŋeš}gag sa la₂",0,"gag[nail]N_sa[sinew]N_la[hang]V/t"
"P273880",314,"b iii 42","ušub[brick-mold]N šeg[brick]N","{ŋeš}u₃-šub šeg₁₂",0,"ušub[brick-mold]N_šeg[brick]N"
"P247864",208,"o iv 19","ilila[lever]N","{ŋeš}il₂-il₂",0,"ilila[lever]N"
"P253866",73,"o iii 6'","ŋešŋiri[fetters]N","ŋeš-ŋiri₃",0,"ŋešŋiri[fetters]N"
"Q000039",623,"557","kakpana[arrow]N","{ŋeš}kak-pana",0,"kakpana[arrow]N"
"P271301",180,"o iv 14","tubala[harness]N ŋešnimbar[palm]N","{ŋeš}tug₂ ŋešnimbar",0,"tubala[harness]N_ŋešnimbar[palm]N"
"Q000039",702,"633","ŋešpaphalla[trap?]N","ŋeš-pap-hal-la",0,"ŋešpaphalla[trap?]N"
"P332934",62,"o i 6'","az[myrtle]N","{ŋeš}{šim}az",0,"az[myrtle]N"
"P273880",196,"b i 46'","x-x[NA]NA","x-x",0,"x-x[NA]NA"
"P388265",420,"unknown","unknown","unknown",4,"unknown"
"P253230",16,"o i 11","apin[plow]N šu[hand]N","{ŋeš}apin šu",0,"apin[plow]N_šu[hand]N"
"Q000039",157,"133","{ŋeš}saŋ-keš₂[NA]NA","{ŋeš}saŋ-keš₂",0,"{ŋeš}saŋ-keš₂[NA]NA"
"P347814",166,"c i 21'","dada[tree]N","{ŋeš}da-da",0,"dada[tree]N"
"Q000039",280,"244","emerah[jug]N TI[NA]NA","{ŋeš}emerah TI",0,"emerah[jug]N_TI[NA]NA"
"P253228",63,"r ii 2'","{ŋeš}x[NA]NA","{ŋeš}x",0,"{ŋeš}x[NA]NA"
"P247864",170,"o iii 44","gag[nail]N zara[pivot]N ŋušur[harrow]N","{ŋeš}gag za-ra gana₂-ur₃",0,"gag[nail]N_zara[pivot]N_ŋušur[harrow]N"
"P332934",314,"r iii 17'","{ŋeš}PAD[NA]NA ma[ship]N","{ŋeš}PAD ma₂",0,"{ŋeš}PAD[NA]NA_ma[ship]N"
"P273880",472,"c ii 16","madu[~boat]N","{ŋeš}ma₂-du₃",0,"madu[~boat]N"
"Q000039",565,"508","dur[board]N","{ŋeš}dur₂",0,"dur[board]N"
"Q000039",215,"181","guza[chair]N malah[sailor]N","{ŋeš}gu-za ma₂-lah₄",0,"guza[chair]N_malah[sailor]N"
"P271911",131,"o ii 51","ŋešrin[scales]N lul[false]V/i","rin₂ lul",0,"ŋešrin[scales]N_lul[false]V/i"
"P332934",53,"o i 49","x[NA]NA","x",0,"x[NA]NA"
"P370399",148,"o v 2'","{ŋeš}LA-KAB-AB₂-DU[NA]NA","{ŋeš}LA-KAB-AB₂-DU",0,"{ŋeš}LA-KAB-AB₂-DU[NA]NA"
"P347814",12,"a i 10'","ig[door]N ul[fruit]N","{ŋeš}ig ul-li₂",0,"ig[door]N_ul[fruit]N"
"P253233",55,"r ii 5'","{ŋeš}x[NA]NA","{ŋeš}x",0,"{ŋeš}x[NA]NA"
"P271771",25,"o iii 2","mesgam[tree]N","{ŋeš}mes-gam₃",0,"mesgam[tree]N"
"P437074",149,"c i 14'","ŋešnud[bed]N šatuku[mattress]N siki[hair]N garig[comb]N ak[do]V/t","ŋeš-nud ša₃-an-tuku siki ga-rig₂ ak",0,"ŋešnud[bed]N_šatuku[mattress]N_siki[hair]N_garig[comb]N_ak[do]V/t"
"P459216",15,"i 13","ŋeštinguruma[~vine]N","{ŋeš}ŋeštin-gurum-ma",0,"ŋeštinguruma[~vine]N"
"P459222",3,"2","ŋušur[harrow]N","{ŋeš}gana₂-ur₃",0,"ŋušur[harrow]N"
"P332939",36,"unknown","unknown","unknown",999,"unknown"
"P332934",325,"r iii 28'","murgu[shoulder]N ANŠE[NA]NA ma[ship]N","{ŋeš}mu-kun ANŠE ma₂",0,"murgu[shoulder]N_ANŠE[NA]NA_ma[ship]N"
"P347814",155,"c i 10'","ninda[vessel]N","{ŋeš}ninda₂",0,"ninda[vessel]N"
"Q000001",508,"504","uzu[flesh]N imma[vulva]N","uzu im-ma",0,"uzu[flesh]N_imma[vulva]N"
"P459216",186,"r iv 18'","umbin[wheel]N margida[cart]N","{ŋeš}umbin mar-gid₂-da",0,"umbin[wheel]N_margida[cart]N"
"Q000039",520,"464","ninda[seed-funnel]N apin[plow]N","{ŋeš}ninda₂ apin",0,"ninda[seed-funnel]N_apin[plow]N"
"P332934",131,"o ii 48","girim[flower]N","{ŋeš}gi-rim",0,"girim[flower]N"
"P117404",3,"o 2","ig[door]N dib[board]N","{ŋeš}ig dib",0,"ig[door]N_dib[board]N"
"P271301",173,"o iv 7","gag[nail]N zi-x[NA]NA","{ŋeš}gag zi-x",0,"gag[nail]N_zi-x[NA]NA"
"P429503",111,"r i' 15'","buniŋ[trough]N x[NA]NA","{ŋeš}buniŋ x",0,"buniŋ[trough]N_x[NA]NA"
"P273880",356,"b iv 19","{ŋeš}HAR-gal[NA]NA","{ŋeš}HAR-gal",0,"{ŋeš}HAR-gal[NA]NA"
"P247864",122,"o ii 59","ninda[seed-funnel]N apin[plow]N","{ŋeš}|NINDA₂×NUMUN| apin",0,"ninda[seed-funnel]N_apin[plow]N"
"P332934",46,"o i 42","hašhur[apple]N baza[dwarf]N","{ŋeš}hašhur ba-an-za",0,"hašhur[apple]N_baza[dwarf]N"
"P370399",77,"o iii 16","banšur[table]N GAM-ma[NA]NA","{ŋeš}banšur GAM-ma",0,"banšur[table]N_GAM-ma[NA]NA"
"P271301",214,"o iv 48","šušum[licorice]N","{ŋeš}šeš₂",0,"šušum[licorice]N"
"P271911",565,"unknown","unknown","unknown",1,"unknown"
"P251649",2,"o 1","ŋeš[tree]N 1/2[NA]NA giŋ[unit]N","ŋeš 1/2 giŋ₄",0,"ŋeš[tree]N_1/2[NA]NA_giŋ[unit]N"
"P332930",23,"r 2","ma[ship]N sig[weak]V/i ma-zi-ig[NA]NA","{ŋeš}ma₂ sig ma-zi-ig",0,"ma[ship]N_sig[weak]V/i_ma-zi-ig[NA]NA"
"P332934",333,"r iii 36'","gag[nail]N","{ŋeš}gag",0,"gag[nail]N"
"Q000039",17,"15","šedug[tree]N","{ŋeš}še-dug₃",0,"šedug[tree]N"
"P437074",91,"b ii 15''","guza[chair]N izzi[wall]N x[NA]NA","{ŋeš}gu-za i-zi x",0,"guza[chair]N_izzi[wall]N_x[NA]NA"
"P429505",9,"7'","ŋešnimbar[palm]N uhin[date]N duru[wet]V/i","{ŋeš}ŋešnimbar u₄-hi-in duru₅",0,"ŋešnimbar[palm]N_uhin[date]N_duru[wet]V/i"
"P346714",166,"r v 02'","mar[shovel]N ninda[bread]N gur[thick]V/i","{ŋeš}mar ninda gur₄",0,"mar[shovel]N_ninda[bread]N_gur[thick]V/i"
"P346714",157,"r iv 40'","gagsisa[arrow]N","{ŋeš}gag-si-sa₂",0,"gagsisa[arrow]N"
"P346714",100,"r iii 22'","{ŋeš}x[NA]NA gur[rim]N","{ŋeš}x gur₂",0,"{ŋeš}x[NA]NA_gur[rim]N"
"P271911",470,"r iii 7","hedu[ornament]N kan[gate]N","he₂-du₇ kan₄",0,"hedu[ornament]N_kan[gate]N"
"Q000001",13,"13","udu[sheep]N gukkal[sheep]N niga[fattened]V/i","udu gukkal niga",0,"udu[sheep]N_gukkal[sheep]N_niga[fattened]V/i"
"Q000039",676,"609a","dim[post]N maršum[bed]N","{ŋeš}dim₃ mar-šu",0,"dim[post]N_maršum[bed]N"
"P459217",92,"iv 14","zena[midrib]N ŋešnimbar[palm]N","{ŋeš}ze₂-na ŋešnimbar",0,"zena[midrib]N_ŋešnimbar[palm]N"
"P370399",47,"o ii 20'","{ŋeš}DAG-nam[NA]NA","{ŋeš}DAG-nam",0,"{ŋeš}DAG-nam[NA]NA"
"P235262",42,"c ii 18'","kuŋ[stair]N bad[wall]N","{ŋeš}kuŋ₅ bad₃",0,"kuŋ[stair]N_bad[wall]N"
"Q000039",509,"456","gag[nail]N sala[~plow]N apin[plow]N","{ŋeš}gag sal-la apin",0,"gag[nail]N_sala[~plow]N_apin[plow]N"
"P459216",77,"iii 16","he₂.BAD[trimmings]N ŋešnimbar[palm]N","{ŋeš}he₂-BAD ŋešnimbar",0,"he₂.BAD[trimmings]N_ŋešnimbar[palm]N"
"P459217",166,"r iii 23","guza[chair]N x[NA]NA","{ŋeš}gu-za x",0,"guza[chair]N_x[NA]NA"
"P253230",27,"o ii 5","apin[plow]N zir[break]V/t","{ŋeš}apin zi",0,"apin[plow]N_zir[break]V/t"
"P253228",27,"o ii 8","saŋkul[bolt]N gigir[chariot]N","{ŋeš}sag-gul gigir",0,"saŋkul[bolt]N_gigir[chariot]N"
"P332934",289,"r iii 16","ma[ship]N kud[cut]V/t","{ŋeš}ma₂ kud",0,"ma[ship]N_kud[cut]V/t"
"P273880",120,"a iv 8'","{ŋeš}e₂-dun[NA]NA","{ŋeš}e₂-dun",0,"{ŋeš}e₂-dun[NA]NA"
"Q000001",227,"227","amar[young]N sah[playful]AJ","amar sah₄",0,"amar[young]N_sah[playful]AJ"
"P459217",59,"iii 9","girinum[plant]N","{ŋeš}gi-ri-num₂",0,"girinum[plant]N"
"P250371",12,"r 1","mud[tube]N gigir[chariot]N","{ŋeš}mud gigir",0,"mud[tube]N_gigir[chariot]N"
"P271301",351,"r ii 35","tukul[weapon]N naŋasikaz[pestle]N","{ŋeš}tukul naŋa₃-si₃-gaz",0,"tukul[weapon]N_naŋasikaz[pestle]N"
"P332934",109,"o ii 26","nurma[pomegranate]N","{ŋeš}nu-ur₂-ma",0,"nurma[pomegranate]N"
"Q000039",139,"116","samazum[tree]N","{ŋeš}sa-ma-zum",0,"samazum[tree]N"
"P271911",235,"o iv 8","gu[neck]N zirigum[irrigation-device]N","gu₂ zi-ri-kum",0,"gu[neck]N_zirigum[irrigation-device]N"
"P388265",72,"iii 22","numun[seed]N usuh[tree]N","{ŋeš}numun u₃-suh₅",0,"numun[seed]N_usuh[tree]N"
"P346714",17,"r i 21'","ŋešhum[bench]N margida[cart]N","ŋeš-hum mar-gid₂-da",0,"ŋešhum[bench]N_margida[cart]N"
"P250736",202,"r ii 6","{dug}x[NA]NA","{dug}x",0,"{dug}x[NA]NA"
"P273880",670,"d ii 5'","kiri[orchard]N dug[good]V/i","{ŋeš}kiri₆ dug₃",0,"kiri[orchard]N_dug[good]V/i"
"P247864",338,"o vi 22","pana[bow]N x-x[NA]NA","{ŋeš}pana x-x",0,"pana[bow]N_x-x[NA]NA"
"P271771",52,"o iv 8","pa[branch]N ŋešnimbar[palm]N","{ŋeš}pa ŋešnimbar",0,"pa[branch]N_ŋešnimbar[palm]N"
"P271301",121,"o iii 9","girim[flower]N","{ŋeš}gi-rim",0,"girim[flower]N"
"P271911",228,"o iv 3","barda[crossbar]N x[NA]NA","{ŋeš}bar-da x",0,"barda[crossbar]N_x[NA]NA"
"P370399",99,"o iii 38'","x[NA]NA apin[plow]N","x apin",0,"x[NA]NA_apin[plow]N"
"P429503",96,"unknown","unknown","unknown",999,"unknown"
"P253228",52,"r i 16","ildag[poplar]N bur[spread]V/t","{ŋeš}ildag₂ bur-ra",0,"ildag[poplar]N_bur[spread]V/t"
"P247864",277,"o v 25","{ŋeš}x-bi[NA]NA","{ŋeš}x-bi",0,"{ŋeš}x-bi[NA]NA"
"P271911",109,"o ii 33","lagab[block]N","{+la-ga-me}lagab",0,"lagab[block]N"
"P271911",374,"r i 56'","šu[hand]N šerah[shovel]N","šu še-ra-ah",0,"šu[hand]N_šerah[shovel]N"
"P332934",28,"o i 24","gurum[bend]V/t ŋeštin[vine]N","{ŋeš}gurum ŋeštin",0,"gurum[bend]V/t_ŋeštin[vine]N"
"P447996",152,"r i 34","hara[shoot]N ŋešnimbar[palm]N","{ŋeš}ha-ra ŋešnimbar",0,"hara[shoot]N_ŋešnimbar[palm]N"
"Q000039",334,"294b","ma[ship]N UD[NA]NA nurum[light]N","{ŋeš}ma₂ UD nu-ri",0,"ma[ship]N_UD[NA]NA_nurum[light]N"
"P437074",91,"b ii 15''","guza[chair]N izzi[wall]N x[NA]NA","{ŋeš}gu-za i-zi x",0,"guza[chair]N_izzi[wall]N_x[NA]NA"
"P332934",167,"o iii 3","ŋešnimbar[palm]N x[NA]NA","{ŋeš}ŋešnimbar x",0,"ŋešnimbar[palm]N_x[NA]NA"
"P459216",185,"r iv 17'","usan[whip]N margida[cart]N","{ŋeš}usan₃ mar-gid₂-da",0,"usan[whip]N_margida[cart]N"
"P273880",667,"d ii 2'","{ŋeš}še-x[NA]NA","{ŋeš}še-x",0,"{ŋeš}še-x[NA]NA"
"P271301",418,"r iii 51","{ŋeš}zu-x[NA]NA","{ŋeš}zu-x",0,"{ŋeš}zu-x[NA]NA"
"P235262",19,"a i 15'","šedug[tree]N","{ŋeš}še-dug₃",0,"šedug[tree]N"
"P250736",277,"r iii 38","gir[oven]N ŋeši[sesame]N","gir₄ {še}ŋeš-i₃",0,"gir[oven]N_ŋeši[sesame]N"
"P250736",117,"o iv 10","bisaŋ[basket]N |LAGAB×U|[NA]NA aš-ba[NA]NA","{gi}bisaŋ |LAGAB×U| aš-ba",0,"bisaŋ[basket]N_|LAGAB×U|[NA]NA_aš-ba[NA]NA"
"P271301",350,"r ii 34","naŋasikaz[pestle]N","{ŋeš}naŋa₃-si₃-gaz",0,"naŋasikaz[pestle]N"
"P388265",115,"iv 32","pa[branch]N ŋešnimbar[palm]N","{ŋeš}pa ŋešnimbar",0,"pa[branch]N_ŋešnimbar[palm]N"
"P228596",9,"9","matgan[stand]N","{ŋeš}ma-at-gan",0,"matgan[stand]N"
"P247864",257,"o v 5","{ŋeš}x-x[NA]NA |EZEN×BAD|-x-x[NA]NA","{ŋeš}x-x |EZEN×BAD|-x-x",0,"{ŋeš}x-x[NA]NA_|EZEN×BAD|-x-x[NA]NA"
"Q000039",219,"185","guza[chair]N unkin[assembly]N","{ŋeš}gu-za unkin",0,"guza[chair]N_unkin[assembly]N"
"Q000039",406,"361","saŋkul[bolt]N margida[cart]N","{ŋeš}saŋ-kul mar-gid₂-da",0,"saŋkul[bolt]N_margida[cart]N"
"Q000039",364,"322","gag[nail]N eškiri[rope]N","{ŋeš}gag eškiri₂",0,"gag[nail]N_eškiri[rope]N"
"P388265",155,"r i 33","sugin[rot]N","{ŋeš}sugin",0,"sugin[rot]N"
"P228196",3,"3","ganum[stand]N gal[big]V/i","{ŋeš}gan-nu gu-la",0,"ganum[stand]N_gal[big]V/i"
"P370399",91,"o iii 30'","maštakda[wooden-object]N","{ŋeš}maš-tak-da",0,"maštakda[wooden-object]N"
"Q000039",86,"68","ŋešnimbar[palm]N Dilmun[1]GN","{ŋeš}ŋešnimbar dilmun-na",0,"ŋešnimbar[palm]N_Dilmun[1]GN"
"P447996",95,"o v 20","ŋipar[tree]N","{ŋeš}ŋi₆-par₄",0,"ŋipar[tree]N"
"Q000001",281,"281","muš[snake]N kun[tail]N kud[cut]V/t","muš kun kud",0,"muš[snake]N_kun[tail]N_kud[cut]V/t"
"P271301",70,"o ii 18","ildag[poplar]N en-na[NA]NA","{ŋeš}ildag₂ en-na",0,"ildag[poplar]N_en-na[NA]NA"
"P388265",96,"iv 13","ŋešnimbar[palm]N kud[cut]V/t","{ŋeš}ŋešnimbar kud",0,"ŋešnimbar[palm]N_kud[cut]V/t"
"P271301",188,"o iv 22","su[fibers]N kiri[orchard]N ŋešnimbar[palm]N","{ŋeš}zi {ŋeš}kiri₆ ŋešnimbar",0,"su[fibers]N_kiri[orchard]N_ŋešnimbar[palm]N"
"Q000039",556,"500","mitum[weapon]N","{ŋeš}mitum",0,"mitum[weapon]N"
"P347814",220,"c ii 26'","mar[shovel]N udun[kiln]N","{ŋeš}mar udun",0,"mar[shovel]N_udun[kiln]N"
"P235262",25,"unknown","unknown","unknown",999,"unknown"
"P459217",121,"unknown","unknown","unknown",2,"unknown"
"P271301",178,"o iv 12","su[fibers]N sig[weak]V/i ŋešnimbar[palm]N","{ŋeš}su₁₁ sig₂ ŋešnimbar",0,"su[fibers]N_sig[weak]V/i_ŋešnimbar[palm]N"
"P459218",27,"o ii 6'","ŋešgina[~loom]N","{ŋeš}niŋ₂-gi-na",0,"ŋešgina[~loom]N"
"P370399",47,"o ii 20'","{ŋeš}DAG-nam[NA]NA","{ŋeš}DAG-nam",0,"{ŋeš}DAG-nam[NA]NA"
"P235262",87,"d i 30'","e[house]N usan[whip]N gigir[chariot]N","{ŋeš}e₂ usan₃ gigir",0,"e[house]N_usan[whip]N_gigir[chariot]N"
"P271301",28,"o i 25","ŋeštin[vine]N garan[bunch]N","{ŋeš}ŋeštin ga-ra-an",0,"ŋeštin[vine]N_garan[bunch]N"
"P250371",15,"unknown","unknown","unknown",999,"unknown"
"Q000039",245,"209","šuʾa[stool]N kaskal[way]N","{ŋeš}šu₂-a kaskal",0,"šuʾa[stool]N_kaskal[way]N"
"P253228",32,"o ii 13","al[hoe]N zu[tooth]N eš[three]NU","{ŋeš}al zu₂ eš₅",0,"al[hoe]N_zu[tooth]N_eš[three]NU"
"P273880",413,"c i 16","{ŋeš}x[NA]NA tukul[weapon]N","{ŋeš}x tukul",0,"{ŋeš}x[NA]NA_tukul[weapon]N"
"P459216",145,"r iii 12'","si[horn]N ma[ship]N","{ŋeš}si ma₂",0,"si[horn]N_ma[ship]N"
"P247864",376,"o vi 60","bisaŋ[basket]N nabhatum[container]N","{ŋeš}bisaŋ na-ah-ba-tum",0,"bisaŋ[basket]N_nabhatum[container]N"
"P459217",73,"iii 23","ŋešnimbar[palm]N kur[mountain]N","{ŋeš}ŋešnimbar kur",0,"ŋešnimbar[palm]N_kur[mountain]N"
"P250736",168,"r i 22","{gi}x-an-sud[NA]NA","{gi}x-an-sud",0,"{gi}x-an-sud[NA]NA"
"Q000039",689,"621","ebir[vessel-stand]N","{ŋeš}ebir",0,"ebir[vessel-stand]N"
"P273880",641,"d i 21'","šutug[reed-hut]N šub[fall]V/t","{ŋeš}šutug šub",0,"šutug[reed-hut]N_šub[fall]V/t"
"P271911",164,"o iii 12'","eme[tongue]N apin[plow]N tugsaga[plow]N","eme apin šu-uš-saga₁₁",0,"eme[tongue]N_apin[plow]N_tugsaga[plow]N"
"P347814",3,"unknown","unknown","unknown",999,"unknown"
"P388265",271,"r iv 11","dilim[spoon]N tunbar[moustache]N","{ŋeš}dilim₂ tun₃-bar",0,"dilim[spoon]N_tunbar[moustache]N"
"P247864",211,"o iv 22","{ŋeš}x[NA]NA","{ŋeš}x",0,"{ŋeš}x[NA]NA"
"P429504",32,"o iii' 13","zarsi[plant]N","{ŋeš}zar-si",0,"zarsi[plant]N"
"P271301",39,"o i 36","peš[fig]N Elam[1]GN","{ŋeš}peš₃ elam-ma{ki}",0,"peš[fig]N_Elam[1]GN"
"P271519",14,"o ii' 6","šuʾa[stool]N x[NA]NA","{ŋeš}šu₂-a x",0,"šuʾa[stool]N_x[NA]NA"
"P447996",128,"r i 10","ŋešnimbar[palm]N uš[die]V/i","{ŋeš}ŋešnimbar uš₂",0,"ŋešnimbar[palm]N_uš[die]V/i"
"P253233",55,"r ii 5'","{ŋeš}x[NA]NA","{ŋeš}x",0,"{ŋeš}x[NA]NA"
"P346714",167,"r v 03'","mar[shovel]N ninda[bread]N gur[unit]N","{ŋeš}mar ninda gur",0,"mar[shovel]N_ninda[bread]N_gur[unit]N"
"P332934",207,"o iii 43","mud[stump]N ŋešnimbar[palm]N","{ŋeš}mud ŋešnimbar",0,"mud[stump]N_ŋešnimbar[palm]N"
"P247864",240,"o iv 51","ganum[stand]N","{ŋeš}gan-nu-um",0,"ganum[stand]N"
"P437074",120,"b iii 6''","{ŋeš}x[NA]NA","{ŋeš}x",0,"{ŋeš}x[NA]NA"
"P273880",457,"c ii 1","ŋisal[rudder]N","{ŋeš}ŋisal",0,"ŋisal[rudder]N"
"P273880",559,"c iii 44","ŋešnimbar[palm]N Meluhha[1]GN","{ŋeš}ŋešnimbar me-luh-ha",0,"ŋešnimbar[palm]N_Meluhha[1]GN"
"P247864",454,"r i 14","ŋešnud[bed]N umbin[nail]N sal[thin]V/i","ŋeš-nud umbin sal",0,"ŋešnud[bed]N_umbin[nail]N_sal[thin]V/i"
"P250364",29,"o ii 4","a[arm]N umbin[wheel]N margida[cart]N","{ŋeš}a₂ umbin mar-gid₂-da",0,"a[arm]N_umbin[wheel]N_margida[cart]N"
"P271301",266,"o v 39'","guza[chair]N gar[knob]N kugbabbar[silver]N ŋar[place]V/t","{ŋeš}gu-za gar₃ kug-babbar ŋar",0,"guza[chair]N_gar[knob]N_kugbabbar[silver]N_ŋar[place]V/t"
"P253230",6,"o i 2","apin[plow]N šudu[equipped]AJ","{ŋeš}apin šu-du₇",0,"apin[plow]N_šudu[equipped]AJ"
"P429503",174,"r iii' 17'","zara[pivot]N margida[cart]N","{ŋeš}za-ra mar-gid₂-da",0,"zara[pivot]N_margida[cart]N"
"P253228",92,"r iii 9'","{ŋeš}x[NA]NA","{ŋeš}x",0,"{ŋeš}x[NA]NA"
"P271301",458,"r iv 39","usan[whip]N","{ŋeš}usan₃",0,"usan[whip]N"
"P347814",142,"b ii 26'","dim[post]N","{ŋeš}dim₃",0,"dim[post]N"
"P346714",88,"r iii 10'","{ŋeš}URI[NA]NA","{ŋeš}URI",0,"{ŋeš}URI[NA]NA"
"P332934",146,"o ii 62","ligima[shoot]N","{ŋeš}ligima(|IGI.TUR.TUR|)",0,"ligima[shoot]N"
"P253233",53,"r ii 3'","allanum[oak]N","{ŋeš}al-la-nu-um",0,"allanum[oak]N"
"Q000039",148,"124a","zirdum[olive]N","{ŋeš}zi₂-ir-dum",0,"zirdum[olive]N"
"P250736",176,"r i 30","umbin[implement]N","{gi}umbin",0,"umbin[implement]N"
"P273880",688,"d ii 24'","gu₂.NE.saŋ.ŋa₂[container]N","{ŋeš}gu₂-ne-saŋ",0,"gu₂.NE.saŋ.ŋa₂[container]N"
"Q000001",16,"16","udu[sheep]N TU[sheep]N","udu TU",0,"udu[sheep]N_TU[sheep]N"
"P459225",7,"r i 2'","gagsisa[arrow]N","{ŋeš}gag-si-sa₂",0,"gagsisa[arrow]N"
"P250363",12,"o 11'","usakar[moon]N ig[door]N","{ŋeš}u₄-sakar ig",0,"usakar[moon]N_ig[door]N"
"Q000039",307,"270","madala[bundle]N","{ŋeš}ma₂-da-la₂",0,"madala[bundle]N"
"P347814",202,"c ii 8","niŋ[thing]N ya[five]NU sila[unit]N","{ŋeš}niŋ₂ ia₂ sila₃",0,"niŋ[thing]N_ya[five]NU_sila[unit]N"
"P347814",224,"c ii 30'","eme[tongue]N mar[shovel]N","{ŋeš}eme mar",0,"eme[tongue]N_mar[shovel]N"
"Q000001",434,"433","uzu[flesh]N e[house]N ur[roof]N","uzu e₂ ur₃",0,"uzu[flesh]N_e[house]N_ur[roof]N"
"Q000039",613,"551a","luguda[object]N","{ŋeš}lugud₂-da",0,"luguda[object]N"
"P273880",49,"a ii 23'","x[NA]NA apin[plow]N","x apin",0,"x[NA]NA_apin[plow]N"
"P459218",86,"o iv 4","gaba[chest]N apin[plow]N","{ŋeš}gaba apin",0,"gaba[chest]N_apin[plow]N"
"P247864",24,"o i 21","x[NA]NA","x",0,"x[NA]NA"
"Q000039",575,"518","ban[unit]N ya[five]NU sila[unit]N","{ŋeš}ba-an ia₂ sila₃",0,"ban[unit]N_ya[five]NU_sila[unit]N"
"P271911",325,"r i 15'","illar[weapon]N šub[fall]V/t","illar šub",0,"illar[weapon]N_šub[fall]V/t"
"P332934",261,"o iv 32'","mašdara[inscription]N","{ŋeš}maš-dara₃",0,"mašdara[inscription]N"
"P332934",346,"r iv 3","gigir[chariot]N mah[great]V/i","{ŋeš}gigir {d}mah",0,"gigir[chariot]N_mah[great]V/i"
"P347814",191,"c i 47'","dur[board]N gi-x[NA]NA","{ŋeš}dur₂ gi-x",0,"dur[board]N_gi-x[NA]NA"
"P253228",90,"r iii 7'","x-x[NA]NA","x-x",0,"x-x[NA]NA"
"P271301",194,"o iv 28","he₂.BAD[trimmings]N ŋešnimbar[palm]N","{ŋeš}he₂-BAD ŋešnimbar",0,"he₂.BAD[trimmings]N_ŋešnimbar[palm]N"
"P429503",165,"r iii' 8'","margida[cart]N Elam[1]GN","{ŋeš}mar-gid₂-da elam-ma{ki}",0,"margida[cart]N_Elam[1]GN"
"P271911",413,"r ii 23","tigidlu[instrument]N","{+ti-ki-id-la}tigidla",0,"tigidlu[instrument]N"
"P235262",38,"c ii 11'","{ŋeš}x[NA]NA banšur[table]N","{ŋeš}x banšur",0,"{ŋeš}x[NA]NA_banšur[table]N"
"P492330",26,"o ii 9","{ŋeš}AMA-gal[NA]NA","{ŋeš}AMA-gal",0,"{ŋeš}AMA-gal[NA]NA"
"Q000001",438,"437","uzu[flesh]N šagsig[weft]N","uzu šag₄-sig",0,"uzu[flesh]N_šagsig[weft]N"
"Q000039",738,"667","{ŋeš}KAL[NA]NA","{ŋeš}KAL",0,"{ŋeš}KAL[NA]NA"
"P332934",115,"o ii 32","mes[tree]N","{ŋeš}mes",0,"mes[tree]N"
"Q000039",276,"240","kaŋeškarak[table]N zu[tooth]N amsi[elephant]N sig[put]V/t","{ŋeš}ka-kara₄ zu₂ am-si sig₉",0,"kaŋeškarak[table]N_zu[tooth]N_amsi[elephant]N_sig[put]V/t"
"Q000039",516,"461","da[side-board]N apin[plow]N","{ŋeš}da apin",0,"da[side-board]N_apin[plow]N"
"P271911",452,"r ii 53","ŋisal[rudder]N mud[tube]N","ŋisal mud",0,"ŋisal[rudder]N_mud[tube]N"
"P247864",331,"o vi 15","epana[quiver]N","{ŋeš}e₂-pana",0,"epana[quiver]N"
"P273880",362,"b iv 25","{ŋeš}x[NA]NA","{ŋeš}x",0,"{ŋeš}x[NA]NA"
"P247864",49,"o i 46","lam[tree]N usuh[tree]N","{ŋeš}lam u₃-suh₅",0,"lam[tree]N_usuh[tree]N"
"P271301",414,"r iii 47","eškiri[rope]N","{ŋeš}eškiri₂",0,"eškiri[rope]N"
"P347814",21,"a i 36'","saŋkul[bolt]N nim[high]V/i","{ŋeš}saŋ-kul nim",0,"saŋkul[bolt]N_nim[high]V/i"
"Q000039",185,"154","ba[tool]N še[barley]N","{ŋeš}ba še",0,"ba[tool]N_še[barley]N"
"Q000039",8,"6b","ŋešgana[tree]N giggi[black]V/i","ŋeš-kin₂ giggi",0,"ŋešgana[tree]N_giggi[black]V/i"
"P332934",127,"o ii 44","zabalum[juniper]N","{ŋeš}za-ba-lum",0,"zabalum[juniper]N"
"P273880",148,"a iv 45'","guza[chair]N gid[long]V/i","{ŋeš}gu-za gid₂",0,"guza[chair]N_gid[long]V/i"
"P271301",45,"o i 42","hašhur[apple]N armanu[tree]N","{ŋeš}hašhur ar-ma-nu-um",0,"hašhur[apple]N_armanu[tree]N"
"P271911",373,"r i 55'","šerah[shovel]N","še-ra-ah",0,"šerah[shovel]N"
"P247864",230,"o iv 41","ig[door]N sakar-ra[NA]NA","{ŋeš}ig sakar-ra",0,"ig[door]N_sakar-ra[NA]NA"
"Q000001",206,"206","ab[cow]N šilam[cow]N","ab₂ šilamₓ(|NUN.LAGAR|)",0,"ab[cow]N_šilam[cow]N"
"P250736",317,"r iv 35","saharduba[rubbish]N","sahar-dub-ba",0,"saharduba[rubbish]N"
"P347814",118,"unknown","unknown","unknown",2,"unknown"
"P346714",70,"r ii 38'","niŋzu[~loom]N","{ŋeš}niŋ₂-zu",0,"niŋzu[~loom]N"
"P271911",86,"o ii 14","x[NA]NA","x",0,"x[NA]NA"
"P437074",184,"c ii 18'","{ŋeš}x[NA]NA","{ŋeš}x",0,"{ŋeš}x[NA]NA"
"P247864",286,"o v 34","{ŋeš}x-x-x[NA]NA","{ŋeš}x-x-x",0,"{ŋeš}x-x-x[NA]NA"
"P459216",114,"r i 19'","šuʾa[stool]N x[NA]NA","{ŋeš}šu₂-a x",0,"šuʾa[stool]N_x[NA]NA"
"P271911",602,"r iv 56","ganum[stand]N a[water]N","{ŋeš}ŋa₂-an-nu a",0,"ganum[stand]N_a[water]N"
"Q000039",274,"238","banšur[table]N zagŋara[shrine]N","{ŋeš}banšur zag-ŋar-ra",0,"banšur[table]N_zagŋara[shrine]N"
"P273880",233,"b ii 22","garig[comb]N munus[woman]N","{ŋeš}ga-rig₂ munus",0,"garig[comb]N_munus[woman]N"
"Q000001",302,"302","suari[cat]N","su-a-ri",0,"suari[cat]N"
"P347814",254,"d i 9'","šul[youth]V/i $DU[NA]NA tur[small]V/i","{ŋeš}šul $DU tur",0,"šul[youth]V/i_$DU[NA]NA_tur[small]V/i"
"P347814",233,"c ii 39'","{ŋeš}BAR-x-x[NA]NA","{ŋeš}BAR-x-x",0,"{ŋeš}BAR-x-x[NA]NA"
"P271301",221,"o iv 55","guruʾuš[tree-trunk]N","{ŋeš}guru₅-uš",0,"guruʾuš[tree-trunk]N"
"P332934",153,"o ii 69","ŋešnimbar[palm]N x[NA]NA","{ŋeš}ŋešnimbar x",0,"ŋešnimbar[palm]N_x[NA]NA"
"P250736",34,"o ii 6","enbar[reed]N id[river]N","{gi}en₃-bar id₂",0,"enbar[reed]N_id[river]N"
"P247864",266,"o v 14","niŋ[thing]N u[ten]NU giŋ[unit]N","{ŋeš}niŋ₂ u giŋ₄",0,"niŋ[thing]N_u[ten]NU_giŋ[unit]N"
"P388265",117,"iv 34","pa[branch]N ŋešnimbar[palm]N","{ŋeš}pa-pa ŋešnimbar",0,"pa[branch]N_ŋešnimbar[palm]N"
"P229426",27,"r ii 1","ma[ship]N ušu[thirty]NU gur[unit]N","{ŋeš}ma₂ ušu₃ gur",0,"ma[ship]N_ušu[thirty]NU_gur[unit]N"
"P332934",348,"r iv 5","gigir[chariot]N mete[appropriate-thing]N","{ŋeš}gigir me-te",0,"gigir[chariot]N_mete[appropriate-thing]N"
"P250736",286,"r iv 4","im[clay]N","im",0,"im[clay]N"
"P271911",489,"r iii 26","hal-meš[NA]NA","hal-meš",0,"hal-meš[NA]NA"
"P273880",118,"a iv 6'","saŋkul[bolt]N nim[high]V/i","{ŋeš}saŋ-kul nim",0,"saŋkul[bolt]N_nim[high]V/i"
"P273880",688,"d ii 24'","gu₂.NE.saŋ.ŋa₂[container]N","{ŋeš}gu₂-ne-saŋ",0,"gu₂.NE.saŋ.ŋa₂[container]N"
"Q000001",465,"463","uzu[flesh]N šakanka[market]N","uzu šakanka",0,"uzu[flesh]N_šakanka[market]N"
"P370399",6,"o i 3'","x[NA]NA ŋešnimbar[palm]N","x ŋešnimbar",0,"x[NA]NA_ŋešnimbar[palm]N"
"P332934",152,"o ii 68","ŋešnimbar[palm]N x[NA]NA","{ŋeš}ŋešnimbar x",0,"ŋešnimbar[palm]N_x[NA]NA"
"P388265",411,"r vi 55","gal[big]V/i","{ŋeš}gal",0,"gal[big]V/i"
"P332934",137,"o ii 54","tiʾarum[tree]N","{ŋeš}ti-ia-lum",0,"tiʾarum[tree]N"
"P247864",200,"o iv 11","{ŋeš}x[NA]NA","{ŋeš}x",0,"{ŋeš}x[NA]NA"
"P447996",35,"o iv 4","šinig[tamarisk]N","{ŋeš}šinig",0,"šinig[tamarisk]N"
"Q000039",364,"322","gag[nail]N eškiri[rope]N","{ŋeš}gag eškiri₂",0,"gag[nail]N_eškiri[rope]N"
"P349859",1,"01'","sa[net]N x[NA]NA","{ŋeš}sa x",0,"sa[net]N_x[NA]NA"
"P347814",60,"a ii 31'","{ŋeš}sahar-BU[NA]NA","{ŋeš}sahar-BU",0,"{ŋeš}sahar-BU[NA]NA"
"P271771",11,"o ii 9","šimgig[tree]N","{ŋeš}šim-gig",0,"šimgig[tree]N"
"P228105",25,"r ii 5","sumungi[tool]N","{ŋeš}ša₃-mu-un-gin₇",0,"sumungi[tool]N"
"P459217",127,"r i 14'","huš[plant]N","{ŋeš}huš",0,"huš[plant]N"
"P388265",293,"r iv 33","tugtug[~loom]N","{ŋeš}tug₂-tug₂",0,"tugtug[~loom]N"
"X100003",19,"r 3","ŋeštin[vine]N garan[bunch]N","{ŋeš}ŋeštin ga-ra-na",0,"ŋeštin[vine]N_garan[bunch]N"
"P253233",47,"r i 15'","ildag[poplar]N kur[mountain]N","{ŋeš}ildag₂ kur",0,"ildag[poplar]N_kur[mountain]N"
"P273880",696,"unknown","unknown","unknown",8,"unknown"
"P492330",8,"o i 6","ŋeš[tree]N x-ze₂[NA]NA bar[cvve]V/t","ŋeš x-ze₂ bar",0,"ŋeš[tree]N_x-ze₂[NA]NA_bar[cvve]V/t"
"P388265",387,"r vi 28","banšurzaggula[table]N","{ŋeš}banšurₓ(|URU×IGI|)-zag-ku-la₂",0,"banšurzaggula[table]N"
"P250363",20,"r 7","mud[tube]N","{ŋeš}mud",0,"mud[tube]N"
"P370399",109,"o iv 6'","gag[nail]N zara[pivot]N gagsila[harness]N","{ŋeš}gag za-ra gag-sal₄",0,"gag[nail]N_zara[pivot]N_gagsila[harness]N"
"P273880",658,"d i 42'","{ŋeš}x-x[NA]NA","{ŋeš}x-x",0,"{ŋeš}x-x[NA]NA"
"P388265",170,"r i 48","{ŋeš}KAK[NA]NA $IŠ[NA]NA","{ŋeš}KAK $IŠ",0,"{ŋeš}KAK[NA]NA_$IŠ[NA]NA"
"Q000039",517,"461a","a[arm]N apin[plow]N","{ŋeš}a₂ apin",0,"a[arm]N_apin[plow]N"
"P388265",298,"r iv 38","dur[balk]N peš[thick]V/i","{ŋeš}dur peš",0,"dur[balk]N_peš[thick]V/i"
"P250364",59,"unknown","unknown","unknown",999,"unknown"
"P429503",121,"r i' 25'","ŋešgana[pestle]N","ŋeš-gan-na",0,"ŋešgana[pestle]N"
"P347814",24,"a i 39'","x-TAR[NA]NA","x-TAR",0,"x-TAR[NA]NA"
"Q000001",316,"316","ban₂.HU[animal]N","ban₂-HU",0,"ban₂.HU[animal]N"
"Q000039",737,"666","esi[tree]N","{ŋeš}esi",0,"esi[tree]N"
"P388265",312,"r iv 53","{ŋeš}x[NA]NA","{ŋeš}x",0,"{ŋeš}x[NA]NA"
"P459216",101,"r i 6'","guza[chair]N gar[knob]N kugsig[gold]N ŋar[place]V/t","{ŋeš}gu-za gar₃ kug-sig₁₇ ŋar",0,"guza[chair]N_gar[knob]N_kugsig[gold]N_ŋar[place]V/t"
"P332934",37,"o i 33","pa[branch]N peš[fig]N","{ŋeš}pa peš₃",0,"pa[branch]N_peš[fig]N"
"P447996",70,"o iv 39","peš[fig]N","{ŋeš}peš₃",0,"peš[fig]N"
"P437074",57,"unknown","unknown","unknown",999,"unknown"
"Q000001",124,"124","uzud[goat]N gi[turn]V/i","uzud gi₄",0,"uzud[goat]N_gi[turn]V/i"
"P388265",314,"r iv 55","{ŋeš}x[NA]NA","{ŋeš}x",0,"{ŋeš}x[NA]NA"
"P273880",205,"b i 55'","ilila[lever]N","{ŋeš}il₂-il₂",0,"ilila[lever]N"
"Q000001",180,"180","gud[ox]N šuagina[offerings]N","gud šu-gi-na",0,"gud[ox]N_šuagina[offerings]N"
"P228096",11,"o i 9","nisiki[comb]N","{ŋeš}UMBIN",0,"nisiki[comb]N"
"P253874",12,"o 9","gabaŋal[guard]N gigir[chariot]N","{ŋeš}gaba-ŋal₂ gigir",0,"gabaŋal[guard]N_gigir[chariot]N"
"P332934",236,"o iv 7'","zarlamtum[plant]N","{ŋeš}zar-lam-tum",0,"zarlamtum[plant]N"
"P273880",283,"b iii 7","kaŋeškarak[table]N","{ŋeš}ka-kara₄",0,"kaŋeškarak[table]N"
"Q000039",607,"547","dala[thorn]N","{ŋeš}dala₂(|IGI.NI|)",0,"dala[thorn]N"
"P271301",300,"r i 28","ŋeš.nud.AŠ.nud[bed]N","ŋeš-nud-AŠ-nud",0,"ŋeš.nud.AŠ.nud[bed]N"
"P429504",13,"o ii' 7","ŋešnimbar[palm]N uhin[date]N giggi[black]V/i","{ŋeš}ŋešnimbar u₄-hi-in giggi",0,"ŋešnimbar[palm]N_uhin[date]N_giggi[black]V/i"
"P370399",84,"o iii 23'","kaŋeškarak[table]N x[NA]NA","{ŋeš}ka-ŋeš-kara₄ x",0,"kaŋeškarak[table]N_x[NA]NA"
"P271301",86,"o ii 34","manu[wood]N x[NA]NA","{ŋeš}ma-nu x",0,"manu[wood]N_x[NA]NA"
"P447996",212,"r iii 13","x[NA]NA ma[ship]N","x ma₂",0,"x[NA]NA_ma[ship]N"
"P271549",4,"2'","x-x[NA]NA","x-x",0,"x-x[NA]NA"
"P250364",132,"r ii 17'","kur[wood]N","{ŋeš}kur",0,"kur[wood]N"
"P332934",40,"o i 36","hašhur[apple]N kur[mountain]N","{ŋeš}hašhur kur",0,"hašhur[apple]N_kur[mountain]N"
"P459217",77,"iii 27","ŋešnimbar[palm]N x-x[NA]NA","{ŋeš}ŋešnimbar x-x",0,"ŋešnimbar[palm]N_x-x[NA]NA"
"P370399",62,"o iii 1'","guza[chair]N taškarin[boxwood]N","{ŋeš}gu-za {ŋeš}taškarin",0,"guza[chair]N_taškarin[boxwood]N"
"P459217",156,"r iii 13","guza[chair]N sirda[cnne]N","{ŋeš}gu-za sir₃-da",0,"guza[chair]N_sirda[cnne]N"
"P271301",238,"o v 11'","{ŋeš}ba-hub₂[NA]NA","{ŋeš}ba-hub₂",0,"{ŋeš}ba-hub₂[NA]NA"
"Q000001",85,"85","udu[sheep]N dimma[~sheep]N","udu dimₓ(BALAŊ)-ma",0,"udu[sheep]N_dimma[~sheep]N"
"P247864",308,"o v 56","e[house]N ma[ship]N","{ŋeš}e₂ ma₂",0,"e[house]N_ma[ship]N"
"P388265",322,"r v 7","naŋa[mortar]N še[barley]N","{ŋeš}naŋa₄ še",0,"naŋa[mortar]N_še[barley]N"
"P271911",377,"r i 58'","kun[tail]N zabar[bronze]N","kun zabar",0,"kun[tail]N_zabar[bronze]N"
"P459216",135,"r iii 2'","ma[ship]N x[NA]NA","{ŋeš}ma₂ x",0,"ma[ship]N_x[NA]NA"
"P247864",166,"o iii 40","ŋušur[harrow]N","{ŋeš}gana₂-ur₃",0,"ŋušur[harrow]N"
"P271320",62,"r ii' 10'","igi[eye]N margida[cart]N","{ŋeš}igi mar-gid₂-da",0,"igi[eye]N_margida[cart]N"
"P332934",25,"o i 21","ŋeštin[vine]N sur[press]V/t","{ŋeš}ŋeštin sur",0,"ŋeštin[vine]N_sur[press]V/t"
"P273712",19,"r i 9","al[hoe]N gaz[kill]V/t","{ŋeš}al gaz",0,"al[hoe]N_gaz[kill]V/t"
"Q000001",439,"438","uzu[flesh]N šag[heart]N Eninnu[1]TN","uzu šag₄ e₂-ninnu",0,"uzu[flesh]N_šag[heart]N_Eninnu[1]TN"
"P277271",9,"o 7'","x[NA]NA","x",0,"x[NA]NA"
"P388265",243,"r iii 22","ŋešnud[bed]N šatuku[mattress]N siki[hair]N garig[comb]N ak[do]V/t","ŋeš-nud šag₄-tuku₅ siki {ŋeš}ga-rig₂ ak",0,"ŋešnud[bed]N_šatuku[mattress]N_siki[hair]N_garig[comb]N_ak[do]V/t"
"P271771",124,"r ii 11'","emerah[jug]N gal[big]V/i","{ŋeš}emerahₓ(|UD.HUB₂|) gal",0,"emerah[jug]N_gal[big]V/i"
"P388265",111,"iv 28","mud[stump]N gaz[kill]V/t ŋešnimbar[palm]N","{ŋeš}mud kaš ŋešnimbar",0,"mud[stump]N_gaz[kill]V/t_ŋešnimbar[palm]N"
"P459216",83,"iii 22","hara[shoot]N ŋešnimbar[palm]N","{ŋeš}ha-ra ŋešnimbar",0,"hara[shoot]N_ŋešnimbar[palm]N"
"P370399",109,"o iv 6'","gag[nail]N zara[pivot]N gagsila[harness]N","{ŋeš}gag za-ra gag-sal₄",0,"gag[nail]N_zara[pivot]N_gagsila[harness]N"
"P459217",86,"iv 8","pa[branch]N ŋešnimbar[palm]N","{ŋeš}pa ŋešnimbar",0,"pa[branch]N_ŋešnimbar[palm]N"
"P250736",98,"o iii 32","mansim[sieve]N niŋara[groats]N","{gi}ma-an-sim niŋ₂-ar₃-ra",0,"mansim[sieve]N_niŋara[groats]N"
"P273880",364,"b iv 31","ešgiri[staff]N","ŋeš-giri₁₉",0,"ešgiri[staff]N"
"P273880",575,"c iv 7","{ŋeš}UD-x-x[NA]NA","{ŋeš}UD-x-x",0,"{ŋeš}UD-x-x[NA]NA"
"P271911",598,"r iv 53","x[NA]NA","x",0,"x[NA]NA"
"P253238",37,"r 14","nurma[pomegranate]N","{ŋeš}nu-ur₂-ma",0,"nurma[pomegranate]N"
"Q000039",653,"587","mar[shovel]N še[barley]N DU₃[NA]NA","{ŋeš}mar še DU₃",0,"mar[shovel]N_še[barley]N_DU₃[NA]NA"
"P459217",107,"iv 29","ŋešnimbar[palm]N al-x[NA]NA","{ŋeš}ŋešnimbar al-x",0,"ŋešnimbar[palm]N_al-x[NA]NA"
"P271911",479,"r iii 18","tukul[weapon]N ŋeši[sesame]N","tukul še-i₃-ŋeš",0,"tukul[weapon]N_ŋeši[sesame]N"
"P235262",34,"c ii 7'","dilim[spoon]N tur[small]V/i","{ŋeš}dilim₂ tur",0,"dilim[spoon]N_tur[small]V/i"
"P332934",237,"o iv 8'","{ŋeš}x[NA]NA","{ŋeš}x",0,"{ŋeš}x[NA]NA"
"P271301",465,"r iv 46","margida[cart]N Elam[1]GN","{ŋeš}mar-gid₂-da elam-ma{ki}",0,"margida[cart]N_Elam[1]GN"
"P388265",356,"r v 46","illar[weapon]N a[arm]N gab[left]N","{ŋeš}illar a₂ gab₂-ba",0,"illar[weapon]N_a[arm]N_gab[left]N"
"P271320",22,"unknown","unknown","unknown",1,"unknown"
"P253866",70,"o iii 3'","niŋurlimmu[creature]N","{ŋeš}niŋ₂-ur₂-limmu₂",0,"niŋurlimmu[creature]N"
"Q000001",162,"162","sila[lamb]N aslum[sheep]N","sila₄ aslumₓ(|A.LUM|)",0,"sila[lamb]N_aslum[sheep]N"
"Q000039",118,"96","uluh[sapling]N ŋešnimbar[palm]N","{ŋeš}u₃-luh ŋešnimbar",0,"uluh[sapling]N_ŋešnimbar[palm]N"
"P271911",348,"r i 34'","niŋgul[hatchet]N kiri[orchard]N","niŋ₂-gul {ŋeš}kiri₆",0,"niŋgul[hatchet]N_kiri[orchard]N"
"P332939",41,"unknown","unknown","unknown",999,"unknown"
"P250371",3,"o 1","e[house]N usan[whip]N gigir[chariot]N","{ŋeš}e₂ usan₃ gigir",0,"e[house]N_usan[whip]N_gigir[chariot]N"
"P346714",102,"r iii 24'","ŋešrin[scales]N BU-bi[NA]NA","ŋeš-rin₂ BU-bi",0,"ŋešrin[scales]N_BU-bi[NA]NA"
"P296528",3,"o 2","ligima[shoot]N","{ŋeš}ligima",0,"ligima[shoot]N"
"P273880",577,"c iv 9","{ŋeš}x[NA]NA","{ŋeš}x",0,"{ŋeš}x[NA]NA"
"P273880",571,"c iv 3","{ŋeš}x[NA]NA","{ŋeš}x",0,"{ŋeš}x[NA]NA"
"Q000039",349,"308","madu[~boat]N","{ŋeš}ma₂-du₃",0,"madu[~boat]N"
"Q000001",330,"330","eh[insect]N","eh",0,"eh[insect]N"
"Q000039",532,"476","suhur[tool]N gud[ox]N","{ŋeš}suhur gud",0,"suhur[tool]N_gud[ox]N"
"P332934",373,"r iv 7'","margida[cart]N","{ŋeš}mar-gid₂-da",0,"margida[cart]N"
"P253230",14,"o i 9","apin[plow]N tugsaga[plow]N","{ŋeš}apin dug₃-sig₁₈",0,"apin[plow]N_tugsaga[plow]N"
"P296528",17,"r v 4'","urzinum[tree]N","{ŋeš}ur-zi-num₂",0,"urzinum[tree]N"
"P250364",54,"o iii 4'","{ŋeš}x[NA]NA","{ŋeš}x",0,"{ŋeš}x[NA]NA"
"P273880",458,"c ii 2","ŋisal[rudder]N šu[hand]N","{ŋeš}ŋisal šu",0,"ŋisal[rudder]N_šu[hand]N"
"P271792",27,"r 22'","x[NA]NA","x",0,"x[NA]NA"
"Q000001",500,"496","uzu[flesh]N zingi[ankle-bone]N","uzu zi-in-gi₄",0,"uzu[flesh]N_zingi[ankle-bone]N"
"P273880",266,"b ii 59","laharuhšu[quiver-(for-chariot)]N","{ŋeš}la-ha-ru-uh₂-šu",0,"laharuhšu[quiver-(for-chariot)]N"
"P332930",35,"unknown","unknown","unknown",1,"unknown"
"P459216",41,"ii 9","nurma[pomegranate]N","{ŋeš}nu-ur₂-ma",0,"nurma[pomegranate]N"
"P429503",14,"o i 11","ŋeš[tree]N babbar[white]V/i","ŋeš babbar",0,"ŋeš[tree]N_babbar[white]V/i"
"P346714",140,"r iv 20'","mah[great]V/i","{ŋeš}mah",0,"mah[great]V/i"
"P271301",345,"r ii 29","buniŋ[trough]N šukud[fisherman]N","{ŋeš}buniŋ(|LAGAB×A|) šu-ku₆",0,"buniŋ[trough]N_šukud[fisherman]N"
"P247864",367,"o vi 51","{ŋeš}ab-du₇[NA]NA","{ŋeš}ab-du₇",0,"{ŋeš}ab-du₇[NA]NA"
"P271911",281,"o iv 45","sa[net]N lagab[block]N","sa lagab",0,"sa[net]N_lagab[block]N"
"P273880",134,"a iv 31'","guza[chair]N malah[sailor]N","{ŋeš}gu-za ma₂-lah₅",0,"guza[chair]N_malah[sailor]N"
"P271911",116,"o ii 38","gidim[device]N","gi-di₄",0,"gidim[device]N"
"P388265",384,"r vi 25","ba[tool]N GIN₂[NA]NA","{ŋeš}ba GIN₂",0,"ba[tool]N_GIN₂[NA]NA"
"P271301",246,"o v 19'","guza[chair]N nimala[~chair]N","{ŋeš}gu-za ni₂-ma-la₂",0,"guza[chair]N_nimala[~chair]N"
"P273880",639,"d i 19'","{ŋeš}zig₃-ga[NA]NA","{ŋeš}zig₃-ga",0,"{ŋeš}zig₃-ga[NA]NA"
"P459217",5,"i 4'","ŋeštinkira[berry]N","{ŋeš}ŋeštin-kir₄",0,"ŋeštinkira[berry]N"
"Q000039",464,"415","ŋešgina[~loom]N","{ŋeš}niŋ₂-gi-na",0,"ŋešgina[~loom]N"
"P388265",220,"r ii 48","guza[chair]N gid[long]V/i","{ŋeš}gu-za gid₂",0,"guza[chair]N_gid[long]V/i"
"P271301",9,"o i 6","esi[tree]N Tukriš[1]GN","{ŋeš}esi tu-uk-ri-iš{ki}",0,"esi[tree]N_Tukriš[1]GN"
"P271911",542,"r iv 12","x[NA]NA","x",0,"x[NA]NA"
"P253233",36,"r i 4'","ŋipar[tree]N","{ŋeš}ŋi₆-par₄",0,"ŋipar[tree]N"
"P271911",503,"r iii 37","zena[weapon]N x[NA]NA","ze₂-na x",0,"zena[weapon]N_x[NA]NA"
"P271911",576,"r iv 36","giri[seat]N","giri₁₉",0,"giri[seat]N"
"P253228",100,"r iii 17'","{ŋeš}x-x-nu-um[NA]NA","{ŋeš}x-x-nu-um",0,"{ŋeš}x-x-nu-um[NA]NA"
"P347814",112,"b i 42'","namnutare[~irrigation]N","{ŋeš}nam-nu-tar-re",0,"namnutare[~irrigation]N"
"P250364",160,"r iii 26'","ŋeš[tree]N šuniŋin[total]N","ŋeš šu-niŋin₂",0,"ŋeš[tree]N_šuniŋin[total]N"
"P235262",87,"d i 30'","e[house]N usan[whip]N gigir[chariot]N","{ŋeš}e₂ usan₃ gigir",0,"e[house]N_usan[whip]N_gigir[chariot]N"
"Q000039",624,"558","gagsisa[arrow]N","{ŋeš}gag-si-sa₂",0,"gagsisa[arrow]N"
"P370399",198,"o vii 10'","{ŋeš}x[NA]NA","{ŋeš}x",0,"{ŋeš}x[NA]NA"
"P370399",83,"o iii 22'","kaŋeškarak[table]N","{ŋeš}ka-ŋeš-kara₄",0,"kaŋeškarak[table]N"
"P273880",602,"c iv 36","ŋešdubdim[tool]N","ŋeš-dub-dim₂",0,"ŋešdubdim[tool]N"
"P247864",70,"o ii 7","{ŋeš}x-x-a[NA]NA","{ŋeš}x-x-a",0,"{ŋeš}x-x-a[NA]NA"
"P459217",57,"iii 7","zabalum[juniper]N","{ŋeš}za-ba-lum",0,"zabalum[juniper]N"
"Q000039",397,"353a","{ŋeš}x[NA]NA gagsila[harness]N","{ŋeš}x gag-sal₄",0,"{ŋeš}x[NA]NA_gagsila[harness]N"
"P273880",362,"b iv 25","{ŋeš}x[NA]NA","{ŋeš}x",0,"{ŋeš}x[NA]NA"
"P388265",3,"i 5","mes[tree]N babbar[white]V/i","{ŋeš}mes babbar",0,"mes[tree]N_babbar[white]V/i"
"P271911",524,"r iii 53","ubila[charcoal]N","u₅-bil₂-la₂",0,"ubila[charcoal]N"
"Q000039",209,"175","guza[chair]N šag[heart]N hul[rejoice]V/i","{ŋeš}gu-za šag₄ hul₂",0,"guza[chair]N_šag[heart]N_hul[rejoice]V/i"
"P429504",12,"o ii' 6","ŋešnimbar[palm]N uhin[date]N babbar[white]V/i","{ŋeš}ŋešnimbar u₄-hi-in babbar",0,"ŋešnimbar[palm]N_uhin[date]N_babbar[white]V/i"
"P459217",31,"ii 7'","ildag[poplar]N","{ŋeš}ildag₂",0,"ildag[poplar]N"
"P388265",53,"iii 2","ildag[poplar]N šitan[water-channel]N","{ŋeš}ildag₂ šita₃",0,"ildag[poplar]N_šitan[water-channel]N"
"P273880",28,"a i 44'","asal[poplar]N","{ŋeš}asal₂",0,"asal[poplar]N"
"P271301",111,"o ii 59","mes.TU[tree]N","{ŋeš}mes-TU",0,"mes.TU[tree]N"
"P388265",281,"r iv 21","ig[door]N egal[palace]N","{ŋeš}ig e₂-gal",0,"ig[door]N_egal[palace]N"
"P273880",320,"b iii 48","illar[weapon]N","{ŋeš}illar",0,"illar[weapon]N"
"P370399",66,"o iii 5'","guza[chair]N lugal[king]N","{ŋeš}gu-za lugal",0,"guza[chair]N_lugal[king]N"
"P235262",6,"a i 2'","ŋeštin[vine]N kaʾa[fox]N","{ŋeš}ŋeštin ka₅-a",0,"ŋeštin[vine]N_kaʾa[fox]N"
"Q000039",703,"634","gud.si.AŠ[ram]N","{ŋeš}gud-si-dili",0,"gud.si.AŠ[ram]N"
"P388265",104,"iv 21","šag[heart]N ŋešnimbar[palm]N","šag₄ ŋešnimbar",0,"šag[heart]N_ŋešnimbar[palm]N"
"P437074",73,"b ii 16'","{ŋeš}x-x[NA]NA","{ŋeš}x-x",0,"{ŋeš}x-x[NA]NA"
"Q000001",145,"145","maš[goat]N sakeškešsa[bug-ridden]N","maš₂ sa-keš₂-keš₂-sa",0,"maš[goat]N_sakeškešsa[bug-ridden]N"
"P225059",4,"o i 1","emerah[jug]N","{ŋeš}emerah",0,"emerah[jug]N"
"P273880",387,"b iv 55","zamrutum[lance]N","{ŋeš}za₃-mi-ri₂-tum",0,"zamrutum[lance]N"
"P429503",92,"unknown","unknown","unknown",999,"unknown"
"P388265",106,"iv 23","igi[eye]N ŋešnimbar[palm]N","{ŋeš}igi ŋešnimbar",0,"igi[eye]N_ŋešnimbar[palm]N"
"P447996",122,"r i 4","ŋešnimbar[palm]N šab[cut]V/t","{ŋeš}ŋešnimbar šab",0,"ŋešnimbar[palm]N_šab[cut]V/t"
"P271911",338,"r i 26'","lubi[ax]N tur[small]V/i","lub tur",0,"lubi[ax]N_tur[small]V/i"
"Q000001",408,"407","uzu[flesh]N |KA×GAR|[NA]NA","uzu |KA×GAR|",0,"uzu[flesh]N_|KA×GAR|[NA]NA"
"Q000039",51,"44","manu[wood]N gibil[firewood]N ak[do]V/t","{ŋeš}ma-nu gibil₂ ak",0,"manu[wood]N_gibil[firewood]N_ak[do]V/t"
"P273880",143,"a iv 40'","x[NA]NA","x",0,"x[NA]NA"
"P447996",28,"o iii 24","ildag[poplar]N u[NA]NA","{ŋeš}ildag₂ u",0,"ildag[poplar]N_u[NA]NA"
"Q000039",558,"501a","tukul[weapon]N mah[great]V/i","{ŋeš}tukul mah",0,"tukul[weapon]N_mah[great]V/i"
"P271771",8,"o ii 6","numun[seed]N usuh[tree]N","{ŋeš}numun u₃-suh₅",0,"numun[seed]N_usuh[tree]N"
"P271301",329,"r ii 13","emerah[jug]N kaš[beer]N","{ŋeš}emerah kaš",0,"emerah[jug]N_kaš[beer]N"
"P273880",403,"c i 6","kan[gate]N","{ŋeš}kan₄",0,"kan[gate]N"
"P273880",611,"c iv 45","maš[plant]N","{ŋeš}maš",0,"maš[plant]N"
"P273880",191,"b i 41'","ŋešnud[bed]N šusar[string]N du[build]V/t","ŋeš-nud šu-sar du₃",0,"ŋešnud[bed]N_šusar[string]N_du[build]V/t"
"P271301",267,"o v 40'","guza[chair]N gar[knob]N zabar[bronze]N ŋar[place]V/t","{ŋeš}gu-za gar₃ zabar ŋar",0,"guza[chair]N_gar[knob]N_zabar[bronze]N_ŋar[place]V/t"
"P388265",414,"r vi 58","bulug[needle]N","{ŋeš}bulug",0,"bulug[needle]N"
"P347814",210,"c ii 16","niŋ[thing]N eš[three]NU giŋ[unit]N","{ŋeš}niŋ₂ eš₅ giŋ₄",0,"niŋ[thing]N_eš[three]NU_giŋ[unit]N"
"P389511",6,"o 5","gizilum[tree]N","{ŋeš}gi-zi-lum",0,"gizilum[tree]N"
"P273880",638,"d i 18'","kun[tail]N niŋ₂-il₂[NA]NA","{ŋeš}kun niŋ₂-il₂",0,"kun[tail]N_niŋ₂-il₂[NA]NA"
"P370399",107,"o iv 4'","gagsila[harness]N","{ŋeš}gag-sila₃",0,"gagsila[harness]N"
"P271301",417,"r iii 50","gabar[herder]N","{ŋeš}ka-bar",0,"gabar[herder]N"
"P459218",112,"o iv 33","dupsik[basket]N","{ŋeš}dupsik",0,"dupsik[basket]N"
"P273880",567,"c iii 53","ŋešnimbar[palm]N niŋnam[anything]N ak[do]V/t","{ŋeš}ŋešnimbar niŋ₂-nam ak",0,"ŋešnimbar[palm]N_niŋnam[anything]N_ak[do]V/t"
"P250736",179,"r i 33","ur[root]N gi[reed]N","{gi}ur₂ gi",0,"ur[root]N_gi[reed]N"
"P370399",6,"o i 3'","x[NA]NA ŋešnimbar[palm]N","x ŋešnimbar",0,"x[NA]NA_ŋešnimbar[palm]N"
"P273880",275,"b ii 68","banšur[table]N kamisarru[pear-tree]N umbin[base]N tiʾarum[tree]N","{ŋeš}banšurₓ(|URU×IGI.URUDA|) ka-mi-sar-ru umbin ti-a-ru-um",0,"banšur[table]N_kamisarru[pear-tree]N_umbin[base]N_tiʾarum[tree]N"
"P250364",26,"o ii 1","{ŋeš}x[NA]NA","{ŋeš}x",0,"{ŋeš}x[NA]NA"
"P271301",161,"o iii 49","ŋešnimbar[palm]N maštab[twin]N","{ŋeš}ŋešnimbar maš-tab",0,"ŋešnimbar[palm]N_maštab[twin]N"
"P273880",440,"c i 45","ŋešpu[rim]N","ŋeš-bu",0,"ŋešpu[rim]N"
"P273244",12,"r 5","ig[door]N zena[midrib]N","{ŋeš}ig zi-na",0,"ig[door]N_zena[midrib]N"
"P332934",113,"o ii 30","KID.da[twig]N","{ŋeš}šed-du",0,"KID.da[twig]N"
"P253230",7,"o i 3","apin[plow]N šudu[equipped]AJ","{ŋeš}apin šu-nu-du₇",0,"apin[plow]N_šudu[equipped]AJ"
"P271911",249,"o iv 19","lidga[vessel]N","{+du-uṭ-ṭu}DIŠ",0,"lidga[vessel]N"
"P225062",5,"o i 2","zumdianum[tree]N","{ŋeš}zum-di-a-num₂",0,"zumdianum[tree]N"
"P273880",292,"b iii 16","tukul[weapon]N naŋasikaz[pestle]N","{ŋeš}tukul naŋa₃-si₃-gaz",0,"tukul[weapon]N_naŋasikaz[pestle]N"
"Q000039",340,"300","anše[equid]N ma[ship]N","{ŋeš}anše ma₂",0,"anše[equid]N_ma[ship]N"
"Q000001",436,"435","uzu[flesh]N šag[heart]N","uzu šag₄",0,"uzu[flesh]N_šag[heart]N"
"Q000039",162,"138","gilim[foliage]N abzu[water]N","{ŋeš}gilim abzu",0,"gilim[foliage]N_abzu[water]N"
"P247864",431,"o vii 50'","guza[chair]N nita[male]N","{ŋeš}gu-za nita₂",0,"guza[chair]N_nita[male]N"
"P388330",6,"o 5","hašhur[apple]N šeŋuš[barley]N","{ŋeš}hašhur še-muš₅",0,"hašhur[apple]N_šeŋuš[barley]N"
"Q000039",373,"331","GUL[~chariot]N gigir[chariot]N","{ŋeš}GUL gigir",0,"GUL[~chariot]N_gigir[chariot]N"
"P247864",248,"o iv 59","illar[weapon]N šub[fall]V/t","{ŋeš}illar šub",0,"illar[weapon]N_šub[fall]V/t"
"P459216",128,"r ii 13'","emerah[jug]N","{ŋeš}emerah",0,"emerah[jug]N"
"Q000001",477,"474","uzu[flesh]N nikid[~food]N","uzu ni₂-kid₂",0,"uzu[flesh]N_nikid[~food]N"
"P253233",36,"r i 4'","ŋipar[tree]N","{ŋeš}ŋi₆-par₄",0,"ŋipar[tree]N"
"P247864",143,"o iii 17","x[NA]NA margida[cart]N","x mar-gid₂-da",0,"x[NA]NA_margida[cart]N"
"P229426",35,"r ii 9","magur[barge]N Ninlil[1]DN","{ŋeš}ma₂-gur₈ {d}nin-lil₂",0,"magur[barge]N_Ninlil[1]DN"
"Q000001",346,"346","nim[fly]N urmah[lion]N","nim ur-mah",0,"nim[fly]N_urmah[lion]N"
"P459218",96,"o iv 17","suhur[tool]N gud[ox]N","{ŋeš}suhur gud",0,"suhur[tool]N_gud[ox]N"
"P388265",179,"r ii 6","guza[chair]N margida[cart]N","{ŋeš}gu-za mar-gid₂-da",0,"guza[chair]N_margida[cart]N"
"P271911",206,"o iii 48'","u[ride]V/t ŋušur[harrow]N","u₅ niŋ₂-gan₂-ur₃",0,"u[ride]V/t_ŋušur[harrow]N"
"P346714",26,"r i 30'","suku[pole]N margida[cart]N","{ŋeš}suku₅ mar-gid₂-da",0,"suku[pole]N_margida[cart]N"
"P273880",356,"b iv 19","{ŋeš}HAR-gal[NA]NA","{ŋeš}HAR-gal",0,"{ŋeš}HAR-gal[NA]NA"
"P250364",83,"o v 4","sadu[net]N","{ŋeš}sa-du₃",0,"sadu[net]N"
"P388265",272,"r iv 12","buniŋ[trough]N","{ŋeš}buniŋ",0,"buniŋ[trough]N"
"P332930",35,"unknown","unknown","unknown",1,"unknown"
"P250736",209,"r ii 13","gir[jar]N","{dug}gir₉",0,"gir[jar]N"
"Q000039",582,"525","ŋeš[tree]N ya[five]NU giŋ[unit]N","ŋeš ia₂ giŋ₄",0,"ŋeš[tree]N_ya[five]NU_giŋ[unit]N"
"P273880",110,"a iii 49'","ig[door]N ul[fruit]N du[build]V/t","{ŋeš}ig ul du₃",0,"ig[door]N_ul[fruit]N_du[build]V/t"
"Q000039",241,"205","šuʾa[stool]N dus[bathroom]N","{ŋeš}šu₂-a du₁₀-sa",0,"šuʾa[stool]N_dus[bathroom]N"
"P273880",375,"b iv 42","niŋna[incense]N mud[blood]N","{ŋeš}niŋ₂-na mud₂",0,"niŋna[incense]N_mud[blood]N"
"P459218",4,"unknown","unknown","unknown",999,"unknown"
"P429503",129,"r ii' 5'","ma[ship]N hedu[ornament]N","{ŋeš}ma₂ {d}he₂-du₇",0,"ma[ship]N_hedu[ornament]N"
"Q000039",573,"516","bariga[unit]N","{ŋeš}ba-ri₂-ga",0,"bariga[unit]N"
"P273880",382,"b iv 49","pana[bow]N","{ŋeš}pana",0,"pana[bow]N"
"Q000001",294,"294","uršubkuda[wild-animal]N","ur-šub₅-kud-da",0,"uršubkuda[wild-animal]N"
"P332934",166,"o iii 2","ŋešnimbar[palm]N x[NA]NA","{ŋeš}ŋešnimbar x",0,"ŋešnimbar[palm]N_x[NA]NA"
"P253866",74,"o iii 7'","ŋešpaphalla[trap?]N","ŋeš-pap-hal-la",0,"ŋešpaphalla[trap?]N"
"P250364",58,"o iii 8'","{ŋeš}x[NA]NA","{ŋeš}x",0,"{ŋeš}x[NA]NA"
"P429503",81,"o iii 20","ŋešnimbar[palm]N x[NA]NA","{ŋeš}ŋešnimbar x",0,"ŋešnimbar[palm]N_x[NA]NA"
"Q000001",501,"497","uzu[flesh]N inun[ghee]N","uzu i₃-nun",0,"uzu[flesh]N_inun[ghee]N"
"P370399",52,"o ii 25'","ŋešnud[bed]N","ŋeš-nud",0,"ŋešnud[bed]N"
"Q000001",231,"231","amar[young]N mu[year]N 2(aš)[NA]NA","amar mu 2(aš)",0,"amar[young]N_mu[year]N_2(aš)[NA]NA"
"P447996",121,"r i 3","ŋešnimbar[palm]N al-x-x[NA]NA","{ŋeš}ŋešnimbar al-x-x",0,"ŋešnimbar[palm]N_al-x-x[NA]NA"
"P437074",59,"b ii 2'","{ŋeš}ga-me-el-la₂[NA]NA","{ŋeš}ga-me-el-la₂",0,"{ŋeš}ga-me-el-la₂[NA]NA"
"P459230",3,"o 2","ma[ship]N sig[weak]V/i","{ŋeš}ma₂ sig",0,"ma[ship]N_sig[weak]V/i"
"P271911",248,"unknown","unknown","unknown",1,"unknown"
"P271911",297,"o iv 57","harmušen[snare]N","har-mušen-na",0,"harmušen[snare]N"
"P250364",19,"o i 16","zara[pivot]N gigir[chariot]N","{ŋeš}za-ra gigir",0,"zara[pivot]N_gigir[chariot]N"
"Q000001",257,"257","eme[donkey]N utud[bear]V/t","eme₅ u₃-tud",0,"eme[donkey]N_utud[bear]V/t"
"P346897",3,"o 2","e[house]N gigir[chariot]N","{ŋeš}e₂ gigir",0,"e[house]N_gigir[chariot]N"
"P273880",260,"b ii 53","epig[drinking-vessel]N","{ŋeš}epig",0,"epig[drinking-vessel]N"
"P332934",177,"o iii 13","ŋešnimbar[palm]N šeŋ[cook]V/t","{ŋeš}ŋešnimbar šeŋ₆",0,"ŋešnimbar[palm]N_šeŋ[cook]V/t"
"Q000039",770,"699","nemur[leopard]N","{ŋeš}nemur",0,"nemur[leopard]N"
"P332934",179,"o iii 15","ŋešnimbar[palm]N uhin[date]N","{ŋeš}ŋešnimbar u₄-hi-in",0,"ŋešnimbar[palm]N_uhin[date]N"
"P389511",18,"r 2","{ŋeš}a-x[NA]NA","{ŋeš}a-x",0,"{ŋeš}a-x[NA]NA"
"P437074",32,"unknown","unknown","unknown",999,"unknown"
"P346714",17,"r i 21'","ŋešhum[bench]N margida[cart]N","ŋeš-hum mar-gid₂-da",0,"ŋešhum[bench]N_margida[cart]N"
"P332934",248,"o iv 19'","{ŋeš}saŋ-KEŠ₂[NA]NA","{ŋeš}saŋ-KEŠ₂",0,"{ŋeš}saŋ-KEŠ₂[NA]NA"
"P273880",609,"c iv 43","leʾum[board]N","{ŋeš}le-um",0,"leʾum[board]N"
"Q000001",385,"384","zahda[piglet]N","ŠAH₂{+ze₂-eh}-TUR",0,"zahda[piglet]N"
"P271301",420,"r iv 1","gigir[chariot]N","{ŋeš}gigir",0,"gigir[chariot]N"
"P459225",3,"unknown","unknown","unknown",999,"unknown"
"P247864",326,"o vi 10","{ŋeš}x[NA]NA","{ŋeš}x",0,"{ŋeš}x[NA]NA"
"P271771",131,"r iii 1'","dim[post]N dug[speak]V/t","{ŋeš}dim₃ dug₄",0,"dim[post]N_dug[speak]V/t"
"P346714",90,"r iii 12'","{ŋeš}URI[NA]NA","{ŋeš}URI",0,"{ŋeš}URI[NA]NA"
"P271911",521,"r iii 51","burud[perforate]V/t ninda[bull]N","bur₃ ninda₂",0,"burud[perforate]V/t_ninda[bull]N"
"P247864",13,"o i 10","lam[tree]N","{ŋeš}lam",0,"lam[tree]N"
"P273880",530,"c iii 15","{ŋeš}x[NA]NA ŋešnimbar[palm]N","{ŋeš}x ŋešnimbar",0,"{ŋeš}x[NA]NA_ŋešnimbar[palm]N"
"P271911",498,"r iii 33","x-x[NA]NA","x-x",0,"x-x[NA]NA"
"P253228",17,"o i 13","al[hoe]N zu[tooth]N eš[three]NU","{ŋeš}al zu₂ eš₅",0,"al[hoe]N_zu[tooth]N_eš[three]NU"
"P459217",126,"r i 13'","anta[tree]N","{ŋeš}an-ta",0,"anta[tree]N"
"P271911",379,"unknown","unknown","unknown",3,"unknown"
"P228105",25,"r ii 5","sumungi[tool]N","{ŋeš}ša₃-mu-un-gin₇",0,"sumungi[tool]N"
"P459220",2,"1","ig[door]N","{ŋeš}ig",0,"ig[door]N"
"P429503",34,"o ii 3","lamgal[nut]N","{ŋeš}lam-gal",0,"lamgal[nut]N"
"Q000039",696,"627a","ebir[vessel-stand]N dug[pot]N imin[seven]NU","{ŋeš}ebir dug imin",0,"ebir[vessel-stand]N_dug[pot]N_imin[seven]NU"
"P347814",168,"c i 23'","ebir[vessel-stand]N","{ŋeš}ebir",0,"ebir[vessel-stand]N"
"P388265",276,"r iv 16","ig[door]N","{ŋeš}ig",0,"ig[door]N"
"P251649",3,"o 2","sa[net]N","{ŋeš}sa",0,"sa[net]N"
"P250363",15,"r 2","saŋkul[bolt]N","{ŋeš}saŋ-kul",0,"saŋkul[bolt]N"
"P247864",341,"o vi 25","banšur[table]N","{ŋeš}banšur",0,"banšur[table]N"
"P447996",25,"o iii 21","ildag[poplar]N šitan[water-channel]N","{ŋeš}ildag₂ šita₃",0,"ildag[poplar]N_šitan[water-channel]N"
"P332934",325,"r iii 28'","murgu[shoulder]N ANŠE[NA]NA ma[ship]N","{ŋeš}mu-kun ANŠE ma₂",0,"murgu[shoulder]N_ANŠE[NA]NA_ma[ship]N"
"P459217",76,"iii 26","ŋešnimbar[palm]N Magan[1]GN","{ŋeš}ŋešnimbar ma₂-gan-na",0,"ŋešnimbar[palm]N_Magan[1]GN"
"P250736",52,"unknown","unknown","unknown",3,"unknown"
"Q000001",124,"124","uzud[goat]N gi[turn]V/i","uzud gi₄",0,"uzud[goat]N_gi[turn]V/i"
"P271771",11,"o ii 9","šimgig[tree]N","{ŋeš}šim-gig",0,"šimgig[tree]N"
"P429505",11,"unknown","unknown","unknown",999,"unknown"
"P271519",12,"o ii' 4","šuʾa[stool]N šuʾi[barber]N","{ŋeš}šu₂-a šu-i",0,"šuʾa[stool]N_šuʾi[barber]N"
"P271911",58,"o i 39'","suhur[tool]N anše[equid]N","suhur anše",0,"suhur[tool]N_anše[equid]N"
"P247864",237,"o iv 48","ig[door]N x[NA]NA","{ŋeš}ig x",0,"ig[door]N_x[NA]NA"
"P271911",232,"o iv 6","gag[nail]N šum[garlic]N širdili[~garlic]N","gag šum₂ šir-dili",0,"gag[nail]N_šum[garlic]N_širdili[~garlic]N"
"Q000039",740,"669","{ŋeš}URI[NA]NA","{ŋeš}URI",0,"{ŋeš}URI[NA]NA"
"Q000039",468,"419","garig[comb]N siki[hair]N","{ŋeš}ga-rig₂ siki",0,"garig[comb]N_siki[hair]N"
"P271771",133,"r iii 3'","Dilmun[1]GN","{ŋeš}dilmun-na",0,"Dilmun[1]GN"
"P349171",7,"o ii 2'","ŋešnud[bed]N šatuku[mattress]N siki[hair]N uzud[goat]N in-x[NA]NA","ŋeš-nud šag₄-tuku siki uzud in-x",0,"ŋešnud[bed]N_šatuku[mattress]N_siki[hair]N_uzud[goat]N_in-x[NA]NA"
"P271911",554,"r iv 20","magaz[bench]N","nam-gaz",0,"magaz[bench]N"
"P459784",2,"unknown","unknown","unknown",999,"unknown"
"P388265",319,"r v 4","magaz[bench]N","{ŋeš}ma₂-gaz",0,"magaz[bench]N"
"P273880",683,"d ii 19'","{ŋeš}x[NA]NA","{ŋeš}x",0,"{ŋeš}x[NA]NA"
"Q000039",281,"245","murzanum[wooden-object]N","{ŋeš}muru₅-za-nu-um",0,"murzanum[wooden-object]N"
"P429503",130,"r ii' 6'","u[ride]V/t ma[ship]N","{ŋeš}u₅ ma₂",0,"u[ride]V/t_ma[ship]N"
"P224980",5,"o i 2","e[house]N gigir[chariot]N","{ŋeš}e₂ gigir",0,"e[house]N_gigir[chariot]N"
"P271771",19,"o ii 17","allanum[oak]N","{ŋeš}al-la-nu-um",0,"allanum[oak]N"
"P271911",519,"r iii 49","ninda[seed-funnel]N","ninda₂",0,"ninda[seed-funnel]N"
"P459218",107,"o iv 28","{ŋeš}MA-dim[NA]NA","{ŋeš}MA-dim",0,"{ŋeš}MA-dim[NA]NA"
"P250736",247,"r iii 8","utul[tureen]N i[oil]N","{dug}utul₂ i₃",0,"utul[tureen]N_i[oil]N"
"P459226",21,"o ii 1'","{ŋeš}x[NA]NA","{ŋeš}x",0,"{ŋeš}x[NA]NA"
"P273880",409,"c i 12","tukul[weapon]N Damu[1]DN","{ŋeš}tukul {d}da-mu",0,"tukul[weapon]N_Damu[1]DN"
"P459216",184,"r iv 16'","endur[navel?]N mar-da[NA]NA","{ŋeš}en₃-dur mar-da",0,"endur[navel?]N_mar-da[NA]NA"
"P447996",159,"r i 41","su[fibers]N ŋešnimbar[palm]N","{ŋeš}su₁₁ ŋešnimbar",0,"su[fibers]N_ŋešnimbar[palm]N"
"P332934",77,"o i 21'","ildag[poplar]N tur[small]V/i","{ŋeš}ildag₂ tur",0,"ildag[poplar]N_tur[small]V/i"
"Q000039",582,"525","ŋeš[tree]N ya[five]NU giŋ[unit]N","ŋeš ia₂ giŋ₄",0,"ŋeš[tree]N_ya[five]NU_giŋ[unit]N"
"Q000039",514,"460a","muš[snake]N apin[plow]N","{ŋeš}muš apin",0,"muš[snake]N_apin[plow]N"
"P388265",247,"r iii 26","{ŋeš}zag-ZI[NA]NA ŋešnud[bed]N","{ŋeš}zag-ZI nud",0,"{ŋeš}zag-ZI[NA]NA_ŋešnud[bed]N"
"P346714",172,"r v 08'","mar[shovel]N gi[reed]N","{ŋeš}mar gi",0,"mar[shovel]N_gi[reed]N"
"P271911",566,"r iv 29","dih[weed]N","{+ti-hi}dih₃",0,"dih[weed]N"
"P273880",461,"c ii 5","ma[ship]N","{ŋeš}ma₂",0,"ma[ship]N"
"P253228",80,"r ii 19'","{ŋeš}x[NA]NA","{ŋeš}x",0,"{ŋeš}x[NA]NA"
"P459216",83,"iii 22","hara[shoot]N ŋešnimbar[palm]N","{ŋeš}ha-ra ŋešnimbar",0,"hara[shoot]N_ŋešnimbar[palm]N"
"P250736",134,"o iv 27","gi[reed]N kud[cut]V/t","gi kud",0,"gi[reed]N_kud[cut]V/t"
"P247864",157,"o iii 31","zara[pivot]N margida[cart]N","{ŋeš}za-ra mar-gid₂-da",0,"zara[pivot]N_margida[cart]N"
"P247864",215,"o iv 26","garig[comb]N siki[hair]N","{ŋeš}ga-rig₂ siki",0,"garig[comb]N_siki[hair]N"
"P273880",324,"b iii 52","tilpanum[bow]N","{ŋeš}ti-il-ba-nu-um",0,"tilpanum[bow]N"
"P271301",264,"o v 37'","guza[chair]N gar[knob]N","{ŋeš}gu-za gar₃",0,"guza[chair]N_gar[knob]N"
"P429505",10,"8'","ŋešnimbar[palm]N uhin[date]N duru[wet]V/i ah[dry]V/i","{ŋeš}ŋešnimbar u₄-hi-in duru₅ e₃",0,"ŋešnimbar[palm]N_uhin[date]N_duru[wet]V/i_ah[dry]V/i"
"P459222",3,"2","ŋušur[harrow]N","{ŋeš}gana₂-ur₃",0,"ŋušur[harrow]N"
"Q000001",220,"220","ab[cow]N si[horn]N ŋal[be]V/i","ab₂ si ŋal₂",0,"ab[cow]N_si[horn]N_ŋal[be]V/i"
"Q000001",480,"477","uzu[flesh]N ellaŋgun[kidney]N šag[heart]N","uzu ellaŋ₂-gun₃ šag₄",0,"uzu[flesh]N_ellaŋgun[kidney]N_šag[heart]N"
"Q000039",425,"380","ig[door]N sah[mat]N","{ŋeš}ig sah",0,"ig[door]N_sah[mat]N"
"Q000001",282,"282","muš[snake]N šagsig[weft]N","muš šag₄-sig",0,"muš[snake]N_šagsig[weft]N"
"Q000039",424,"379","ig[door]N dib[board]N","{ŋeš}ig dib",0,"ig[door]N_dib[board]N"
"P271771",46,"o iv 2","ŋešnimbar[palm]N munus[woman]N","{ŋeš}ŋešnimbar mi",0,"ŋešnimbar[palm]N_munus[woman]N"
"P271911",492,"r iii 28","zirigum[irrigation-device]N","zi-ri-kum",0,"zirigum[irrigation-device]N"
"P273880",240,"b ii 33","ba[tool]N zu[stone]N","{ŋeš}ba zu₂",0,"ba[tool]N_zu[stone]N"
"P349893",3,"3","ema[cabin]N","{ŋeš}ama",0,"ema[cabin]N"
"Q000001",3,"3","udu[sheep]N niga[fattened]V/i ŋirgul[~wool]N","udu niga ŋir₂-gu-la",0,"udu[sheep]N_niga[fattened]V/i_ŋirgul[~wool]N"
"P447996",24,"o iii 20","ildag[poplar]N kur[mountain]N","{ŋeš}ildag₂ kur",0,"ildag[poplar]N_kur[mountain]N"
"P247864",242,"o iv 53","miriza[plank]N","{ŋeš}mi-ri₂-za",0,"miriza[plank]N"
"P247864",262,"o v 10","niŋ[thing]N min[two]NU sila[unit]N","{ŋeš}niŋ₂ min sila₃",0,"niŋ[thing]N_min[two]NU_sila[unit]N"
"P273880",286,"b iii 10","kaŋeškarak[table]N urud[copper]N","{ŋeš}ka-kara₄ urud",0,"kaŋeškarak[table]N_urud[copper]N"
"P247864",418,"o vii 37'","guza[chair]N","{ŋeš}gu-za",0,"guza[chair]N"
"Q000039",486,"435","ŋešpu[rim]N mansim[sieve]N","ŋeš-bu {gi}ma-an-sim",0,"ŋešpu[rim]N_mansim[sieve]N"
"Q000001",443,"442","uzu[flesh]N šag[heart]N lub[bag]N","uzu šag₄ lu-ub₂",0,"uzu[flesh]N_šag[heart]N_lub[bag]N"
"P347814",119,"b ii 3'","harmušen[snare]N","{ŋeš}har-mušen",0,"harmušen[snare]N"
"P459217",149,"r ii 18'","tun[container]N UD-x[NA]NA","{ŋeš}tun₃ UD-x",0,"tun[container]N_UD-x[NA]NA"
"P370399",20,"o i 17'","x[NA]NA ŋešnimbar[palm]N","x ŋešnimbar",0,"x[NA]NA_ŋešnimbar[palm]N"
"P253230",11,"o i 6","apin[plow]N šu[hand]N","{ŋeš}apin šu",0,"apin[plow]N_šu[hand]N"
"P247864",434,"o vii 53'","guza[chair]N malah[sailor]N","{ŋeš}gu-za ma-lah₄",0,"guza[chair]N_malah[sailor]N"
"P273880",26,"a i 42'","šinig[tamarisk]N x[NA]NA","{ŋeš}šinig x",0,"šinig[tamarisk]N_x[NA]NA"
"P437074",185,"c ii 19'","{ŋeš}x[NA]NA","{ŋeš}x",0,"{ŋeš}x[NA]NA"
"P271911",133,"o ii 53","ŋešrin[scales]N 1(AŠ)[NA]NA gun[load]N","rin₂ 1(AŠ) gu₂-un",0,"ŋešrin[scales]N_1(AŠ)[NA]NA_gun[load]N"
"P272243",24,"r i 5","ŋešnimbar[palm]N nita[male]N","{ŋeš}ŋešnimbar nita₂",0,"ŋešnimbar[palm]N_nita[male]N"
"P273880",209,"b i 59'","e[house]N balak[spindle]N","{ŋeš}e₂ balak",0,"e[house]N_balak[spindle]N"
"P332934",351,"r iv 8","e[house]N gigir[chariot]N","{ŋeš}e₂ gigir",0,"e[house]N_gigir[chariot]N"
"Q000001",409,"408","uzu[flesh]N azad[head]N","uzu a-sa",0,"uzu[flesh]N_azad[head]N"
"P228105",27,"unknown","unknown","unknown",999,"unknown"
"P370399",30,"o ii 2'","x[NA]NA suhuš[foundation]N","x suhuš",0,"x[NA]NA_suhuš[foundation]N"
"P273880",515,"c ii 60","ŋešnimbar[palm]N uš[die]V/i","{ŋeš}ŋešnimbar uš₂",0,"ŋešnimbar[palm]N_uš[die]V/i"
"Q000039",406,"361","saŋkul[bolt]N margida[cart]N","{ŋeš}saŋ-kul mar-gid₂-da",0,"saŋkul[bolt]N_margida[cart]N"
"P388265",325,"r v 10","{ŋeš}gu[NA]NA KA-ŋa₂[NA]NA","{ŋeš}gu KA-ŋa₂",0,"{ŋeš}gu[NA]NA_KA-ŋa₂[NA]NA"
"P271911",499,"r iii 34","x-x[NA]NA","x-x",0,"x-x[NA]NA"
"P370399",167,"o v 21'","naŋa[mortar]N","{ŋeš}naŋa₃",0,"naŋa[mortar]N"
"P273712",6,"o 5'","al[hoe]N","{ŋeš}al",0,"al[hoe]N"
"P271771",110,"r i 16'","šuʾa[stool]N tibira[sculptor]N","{ŋeš}šuaₓ(|ŠU₂×(A.DIŠ)|) tibira(|URUDA.NAGAR|)",0,"šuʾa[stool]N_tibira[sculptor]N"
"P250736",228,"r ii 32","burzi[bowl]N","{dug}bur-zi",0,"burzi[bowl]N"
"P273880",398,"c i 1","gag[nail]N šibir[staff]N","{ŋeš}gag šibir",0,"gag[nail]N_šibir[staff]N"
"P273880",88,"a iii 26'","zara[pivot]N gigir[chariot]N","{ŋeš}za-ra gigir",0,"zara[pivot]N_gigir[chariot]N"
"Q000039",353,"311","{ŋeš}uš₂[NA]NA madu[~boat]N","{ŋeš}uš₂ ma₂-du₃",0,"{ŋeš}uš₂[NA]NA_madu[~boat]N"
"P273244",11,"r 4","ig[door]N ŋešnimbar[palm]N","{ŋeš}ig {ŋeš}ŋešnimbar",0,"ig[door]N_ŋešnimbar[palm]N"
"P332934",114,"o ii 31","KID.da[twig]N EŠ₂-la₂[NA]NA","{ŋeš}šed-du-šed-du₃ EŠ₂-la₂",0,"KID.da[twig]N_EŠ₂-la₂[NA]NA"
"P332934",38,"o i 34","hašhur[apple]N","{ŋeš}hašhur",0,"hašhur[apple]N"
"P389511",7,"o 6","zirdum[olive]N","{ŋeš}zi-ir-du",0,"zirdum[olive]N"
"P459221",2,"1","dilim[spoon]N","{ŋeš}dilim₂",0,"dilim[spoon]N"
"P389511",14,"o 13","urnum[cedar]N","{ŋeš}ur-nu-um",0,"urnum[cedar]N"
"P296528",21,"r v 8'","ŋešnimbar[palm]N","{ŋeš}ŋešnimbar",0,"ŋešnimbar[palm]N"
"P235262",69,"d i 12'","ma[ship]N 6(u)[NA]NA gur[unit]N","{ŋeš}ma₂ 6(u) gur",0,"ma[ship]N_6(u)[NA]NA_gur[unit]N"
"P247864",162,"o iii 36","gag[nail]N ti[rib]N margida[cart]N","{ŋeš}gag ti mar-gid₂-da",0,"gag[nail]N_ti[rib]N_margida[cart]N"
"P247864",332,"o vi 16","gagsisa[arrow]N","{ŋeš}gag-si-sa₂",0,"gagsisa[arrow]N"
"P273880",101,"a iii 40'","ig[door]N i[oil]N","{ŋeš}ig i₃",0,"ig[door]N_i[oil]N"
"P271301",292,"r i 20","šuʾa[stool]N burgul[stone-cutter]N","{ŋeš}šuaₓ(|ŠU₂×(A.DIŠ)|) bur-gul",0,"šuʾa[stool]N_burgul[stone-cutter]N"
"P271911",339,"unknown","unknown","unknown",1,"unknown"
"P271301",344,"r ii 28","buniŋ[trough]N eban[pair]N","{ŋeš}buniŋ₂ e₂-pa-na",0,"buniŋ[trough]N_eban[pair]N"
"P271301",196,"o iv 30","tubala[harness]N ŋešnimbar[palm]N","{ŋeš}tubaₓ(EŠ₂)-la₂ ŋešnimbar",0,"tubala[harness]N_ŋešnimbar[palm]N"
"P332934",250,"o iv 21'","arina[madder]N","{ŋeš}i-ri-na",0,"arina[madder]N"
"P447996",20,"o iii 16","dih[weed]N","{ŋeš}dih₃",0,"dih[weed]N"
"P273880",391,"b iv 59","magšarum[battleaxe]N","{ŋeš}ma-ag-ša-ru-um",0,"magšarum[battleaxe]N"
"P273880",26,"a i 42'","šinig[tamarisk]N x[NA]NA","{ŋeš}šinig x",0,"šinig[tamarisk]N_x[NA]NA"
"P235262",42,"c ii 18'","kuŋ[stair]N bad[wall]N","{ŋeš}kuŋ₅ bad₃",0,"kuŋ[stair]N_bad[wall]N"
"P273880",363,"unknown","unknown","unknown",5,"unknown"
"Q000001",9,"9","udu[sheep]N aslum[sheep]N niga[fattened]V/i","udu aslumₓ(|A.LUM|) niga",0,"udu[sheep]N_aslum[sheep]N_niga[fattened]V/i"
"Q000039",396,"353","umbin[wheel]N gagsila[harness]N","{ŋeš}umbin gag-sal₄",0,"umbin[wheel]N_gagsila[harness]N"
"P349893",4,"4","madal[pole]N","{ŋeš}mudla(BU)",0,"madal[pole]N"
"P459216",176,"r iv 8'","x[NA]NA gagsila[harness]N","x gag-sal₄",0,"x[NA]NA_gagsila[harness]N"
"P247864",123,"o ii 60","gag[nail]N ninda[seed-funnel]N apin[plow]N","{ŋeš}gag |NINDA₂×NUMUN| apin",0,"gag[nail]N_ninda[seed-funnel]N_apin[plow]N"
"Q000039",390,"347","usan[whip]N","{ŋeš}usan₃",0,"usan[whip]N"
"P429503",13,"o i 10","{ŋeš}bar-ŋeš[NA]NA gunu[speckled]V/i","{ŋeš}bar-ŋeš gun₃",0,"{ŋeš}bar-ŋeš[NA]NA_gunu[speckled]V/i"
"P346714",15,"r i 19'","zara[pivot]N x[NA]NA","{ŋeš}za-ra x",0,"zara[pivot]N_x[NA]NA"
"P271301",457,"r iv 38","usan[whip]N","{ŋeš}usan₃",0,"usan[whip]N"
"P271771",51,"o iv 7","{ŋeš}šag₄-da[NA]NA ŋešnimbar[palm]N","{ŋeš}šag₄-da ŋešnimbar",0,"{ŋeš}šag₄-da[NA]NA_ŋešnimbar[palm]N"
"P271771",65,"o iv 21","peš[frond]N ŋešnimbar[palm]N","{ŋeš}peš ŋešnimbar",0,"peš[frond]N_ŋešnimbar[palm]N"
"Q000001",33,"33","udu[sheep]N gurgur[~animal]N","udu gur₄-gur₄",0,"udu[sheep]N_gurgur[~animal]N"
"X100003",21,"r 5","ŋeštin[vine]N sur[press]V/t","{ŋeš}ŋeštin sur",0,"ŋeštin[vine]N_sur[press]V/t"
"P459216",173,"r iv 5'","da[side-board]N umbin[wheel]N gigir[chariot]N","{ŋeš}da umbin gigir",0,"da[side-board]N_umbin[wheel]N_gigir[chariot]N"
"P250363",23,"r 10","{ŋeš}nam-ba-x[NA]NA","{ŋeš}nam-ba-x",0,"{ŋeš}nam-ba-x[NA]NA"
"P250364",138,"r iii 4'","{ŋeš}AN-x[NA]NA","{ŋeš}AN-x",0,"{ŋeš}AN-x[NA]NA"
"P273880",123,"a iv 11'","mud[tube]N","{ŋeš}mud",0,"mud[tube]N"
"P388265",274,"r iv 14","buniŋ[trough]N kag[mouth]N","{ŋeš}buniŋ ka",0,"buniŋ[trough]N_kag[mouth]N"
"P253866",111,"r i 14","x-x[NA]NA","x-x",0,"x-x[NA]NA"
"P389511",13,"o 12","urzinum[tree]N","{ŋeš}ur-zi-nu-um",0,"urzinum[tree]N"
"P235262",28,"unknown","unknown","unknown",999,"unknown"
"Q000039",184,"153","ba[tool]N amar[young]N","{ŋeš}ba amar",0,"ba[tool]N_amar[young]N"
"P370399",172,"o v 26'","gal[big]V/i UD-HUB₂-x[NA]NA","{ŋeš}gal UD-HUB₂-x",0,"gal[big]V/i_UD-HUB₂-x[NA]NA"
"P235262",86,"d i 29'","e[house]N gigir[chariot]N","{ŋeš}e₂ gigir",0,"e[house]N_gigir[chariot]N"
"P273880",500,"c ii 45","{ŋeš}x-kul[NA]NA ma[ship]N","{ŋeš}x-kul ma₂",0,"{ŋeš}x-kul[NA]NA_ma[ship]N"
"Q000039",201,"167","guza[chair]N niŋšu[goods]N","{ŋeš}gu-za niŋ₂-šu",0,"guza[chair]N_niŋšu[goods]N"
"P437074",125,"b iii 11''","{ŋeš}x-x[NA]NA","{ŋeš}x-x",0,"{ŋeš}x-x[NA]NA"
"Q000001",383,"382","šah[pig]N namerim[oath]N","šah₂ nam-erim₂",0,"šah[pig]N_namerim[oath]N"
"P273880",378,"b iv 45","gag[nail]N dud[mound]N bal[dig]V/t","{ŋeš}gag du₆ ba-l·a₂",0,"gag[nail]N_dud[mound]N_bal[dig]V/t"
"P388265",210,"r ii 37","niŋ[thing]N 1/2(diš)[NA]NA giŋ[unit]N","{ŋeš}niŋ₂ 1/2(diš) giŋ₄",0,"niŋ[thing]N_1/2(diš)[NA]NA_giŋ[unit]N"
"P447996",99,"o v 24","{ŋeš}AMA[NA]NA","{ŋeš}AMA",0,"{ŋeš}AMA[NA]NA"
"P251778",3,"o 2","{ŋeš}EŠ₂[NA]NA","{ŋeš}EŠ₂",0,"{ŋeš}EŠ₂[NA]NA"
"P271911",465,"r iii 3","gam[crook]N x[NA]NA","{ŋeš}kin x",0,"gam[crook]N_x[NA]NA"
"P388265",187,"r ii 14","zara[pivot]N ŋušur[harrow]N","{ŋeš}za-ra gana₂-ur₃",0,"zara[pivot]N_ŋušur[harrow]N"
"P409466",5,"o 4","ma[ship]N Idlurugu[1]DN","{ŋeš}ma₂ {d}id₂-lu₂-gu₂-ru",0,"ma[ship]N_Idlurugu[1]DN"
"P347815",2,"o 1","kuŋ[stair]N","{ŋeš}kuŋ₅",0,"kuŋ[stair]N"
"P296528",5,"o 4","ŋešnimbar[palm]N suhuš[offshoot]N","{ŋeš}ŋešnimbar suhušₓ(TUR)",0,"ŋešnimbar[palm]N_suhuš[offshoot]N"
"P250364",82,"o v 3","sa[net]N","{ŋeš}sa",0,"sa[net]N"
"P459218",91,"o iv 9","{ŋeš}x[NA]NA","{ŋeš}x",0,"{ŋeš}x[NA]NA"
"Q000039",585,"526","ŋeš[tree]N diš[one]NU giŋ[unit]N","ŋeš diš giŋ₄",0,"ŋeš[tree]N_diš[one]NU_giŋ[unit]N"
"P250736",147,"o iv 40","gi[reed]N x-x[NA]NA","gi x-x",0,"gi[reed]N_x-x[NA]NA"
"P253233",34,"r i 2'","{ŋeš}x-x-ga[NA]NA a-gam-x[NA]NA","{ŋeš}x-x-ga a-gam-x",0,"{ŋeš}x-x-ga[NA]NA_a-gam-x[NA]NA"
"P447996",42,"o iv 11","KID.da[twig]N","{ŋeš}KID-da",0,"KID.da[twig]N"
"P347814",139,"b ii 23'","e[house]N pana[bow]N","{ŋeš}e₂ pana",0,"e[house]N_pana[bow]N"
"P225033",4,"o i 1","targul[pole]N","{ŋeš}dar-gul",0,"targul[pole]N"
"Q000001",33,"33","udu[sheep]N gurgur[~animal]N","udu gur₄-gur₄",0,"udu[sheep]N_gurgur[~animal]N"
"P271771",101,"r i 7'","na[box]N gal[big]V/i","{ŋeš}na gal",0,"na[box]N_gal[big]V/i"
"P273880",709,"unknown","unknown","unknown",999,"unknown"
"P346714",161,"r iv 44'","gag[nail]N usakar[moon]N","{ŋeš}gag u₄-sakar",0,"gag[nail]N_usakar[moon]N"
"Q000039",706,"637","murgu[shoulder]N gud.si.AŠ[ram]N","{ŋeš}murgu gud-si-AŠ",0,"murgu[shoulder]N_gud.si.AŠ[ram]N"
"P250736",131,"o iv 24","gi[reed]N tur[small]V/i","gi tur-tur",0,"gi[reed]N_tur[small]V/i"
"P271301",20,"o i 17","ŋešgana[tree]N sissig[green]V/i","ŋeš-kin₂ sig",0,"ŋešgana[tree]N_sissig[green]V/i"
"Q000001",499,"495","uzu[flesh]N KUD[NA]NA","uzu KUD",0,"uzu[flesh]N_KUD[NA]NA"
"P447996",124,"r i 6","ŋešnimbar[palm]N kud[cut]V/t","{ŋeš}ŋešnimbar kud",0,"ŋešnimbar[palm]N_kud[cut]V/t"
"P271911",439,"r ii 41","gud.si.AŠ[ram]N","gud-si-AŠ",0,"gud.si.AŠ[ram]N"
"P347814",282,"d ii 10'","{ŋeš}MA-x[NA]NA","{ŋeš}MA-x",0,"{ŋeš}MA-x[NA]NA"
"P388265",372,"r vi 13","emerah[jug]N","{ŋeš}emerah",0,"emerah[jug]N"
"P388330",7,"o 6","hašhur[apple]N kurdilum[fruit-tree]N","{ŋeš}hašhur kur-di-lum",0,"hašhur[apple]N_kurdilum[fruit-tree]N"
"P273880",468,"c ii 12","egar[wall]N ma[ship]N","{ŋeš}e₂-gar₈(LUM) ma₂",0,"egar[wall]N_ma[ship]N"
"P271911",322,"unknown","unknown","unknown",1,"unknown"
"P250364",36,"o ii 11","apin[plow]N","{ŋeš}apin",0,"apin[plow]N"
"P247864",372,"o vi 56","{ŋeš}KIB-la₂[NA]NA","{ŋeš}KIB-la₂",0,"{ŋeš}KIB-la₂[NA]NA"
"P388265",101,"iv 18","ŋali[~palm]N ŋešnimbar[palm]N","{ŋeš}ŋa₂-li ŋešnimbar",0,"ŋali[~palm]N_ŋešnimbar[palm]N"
"P332934",79,"o i 23'","ildag[poplar]N tur[small]V/i","{ŋeš}ildag₂ tur",0,"ildag[poplar]N_tur[small]V/i"
"P332934",155,"o ii 71","ŋešnimbar[palm]N al-x[NA]NA","{ŋeš}ŋešnimbar al-x",0,"ŋešnimbar[palm]N_al-x[NA]NA"
"Q000039",489,"437","ŋešrin[scales]N lub-lub-bi[NA]NA","ŋeš-rin₂ lub-lub-bi",0,"ŋešrin[scales]N_lub-lub-bi[NA]NA"
"P228683",7,"r 4","hašhur[apple]N šeʾeštub[barley]N","{ŋeš}hašhur še-eštub",0,"hašhur[apple]N_šeʾeštub[barley]N"
"Q000039",772,"701","zana[doll]N","{ŋeš}za-na",0,"zana[doll]N"
"P271301",306,"r i 34","ŋešnud[bed]N umbin[nail]N sal[thin]V/i","ŋeš-nud umbin sal",0,"ŋešnud[bed]N_umbin[nail]N_sal[thin]V/i"
"P273880",705,"d ii 49'","{ŋeš}nin₉-x[NA]NA","{ŋeš}nin₉-x",0,"{ŋeš}nin₉-x[NA]NA"
"P273880",216,"b ii 5","gilim[foliage]N ana[upper]AJ","{ŋeš}gilim an-na",0,"gilim[foliage]N_ana[upper]AJ"
"Q000039",222,"187","guza[chair]N ki[place]N uš[die]V/i","{ŋeš}gu-za ki uš₂",0,"guza[chair]N_ki[place]N_uš[die]V/i"
"P459226",17,"o i 14'","hašhur[apple]N armanu[tree]N","{ŋeš}hašhur ar-ma-nu-um",0,"hašhur[apple]N_armanu[tree]N"
"P273880",10,"a i 6'","halub[tree]N","{ŋeš}ha-lu-ub₂",0,"halub[tree]N"
"Q000039",140,"117","peškal[tree]N","{ŋeš}peš₇-kal",0,"peškal[tree]N"
"P332934",139,"o ii 56","urzinum[tree]N","{ŋeš}ur₂-zi-in-ni",0,"urzinum[tree]N"
"P271911",377,"r i 58'","kun[tail]N zabar[bronze]N","kun zabar",0,"kun[tail]N_zabar[bronze]N"
"P271911",218,"unknown","unknown","unknown",1,"unknown"
"P447996",106,"o v 31","ŋešnimbar[palm]N kur[mountain]N","{ŋeš}ŋešnimbar kur",0,"ŋešnimbar[palm]N_kur[mountain]N"
"P370399",179,"o v 33'","emerah[jug]N","{ŋeš}emerah",0,"emerah[jug]N"
"P253228",79,"r ii 18'","{ŋeš}x-x[NA]NA","{ŋeš}x-x",0,"{ŋeš}x-x[NA]NA"
"P459218",50,"unknown","unknown","unknown",1,"unknown"
"P272532",5,"o 3","guza[chair]N mes[tree]N","{ŋeš}gu-za {ŋeš}mes",0,"guza[chair]N_mes[tree]N"
"Q000001",206,"206","ab[cow]N šilam[cow]N","ab₂ šilamₓ(|NUN.LAGAR|)",0,"ab[cow]N_šilam[cow]N"
"P271911",171,"o iii 18'","niŋŋeštug[~plow]N apin[plow]N","niŋ₂-ŋeštug apin",0,"niŋŋeštug[~plow]N_apin[plow]N"
"P273880",589,"c iv 23","{ŋeš}x[NA]NA","{ŋeš}x",0,"{ŋeš}x[NA]NA"
"P459216",140,"r iii 7'","u[ride]V/t ma[ship]N","{ŋeš}u₅ ma₂",0,"u[ride]V/t_ma[ship]N"
"P277271",2,"unknown","unknown","unknown",999,"unknown"
"P253874",4,"o 1","gigir[chariot]N","{ŋeš}gigir",0,"gigir[chariot]N"
"Q000039",446,"397","nukušu[~door]N kita[lower]AJ","{ŋeš}nu-kuš₂-u₃ ki-ta",0,"nukušu[~door]N_kita[lower]AJ"
"P271301",255,"o v 28'","guza[chair]N Magan[1]GN","{ŋeš}gu-za ma₂-gan-na",0,"guza[chair]N_Magan[1]GN"
"P370399",155,"o v 9'","ŋešellag[tool]N","ŋeš-ellag",0,"ŋešellag[tool]N"
"P271911",48,"o i 32'","gag[nail]N mud[tube]N","gag mud",0,"gag[nail]N_mud[tube]N"
"P459222",4,"3","ŋušur[harrow]N sar[garden]N","{ŋeš}gana₂-ur₃ sar",0,"ŋušur[harrow]N_sar[garden]N"
"P253866",25,"o i 20'","ig[door]N","{ŋeš}ig",0,"ig[door]N"
"P271911",64,"unknown","unknown","unknown",1,"unknown"
"P429503",69,"o iii 8","gibil[sprout]N","{ŋeš}gibil",0,"gibil[sprout]N"
"P346714",91,"r iii 13'","x[NA]NA","x",0,"x[NA]NA"
"P332934",111,"o ii 28","KID.da[twig]N","{ŋeš}šed-du",0,"KID.da[twig]N"
"P235262",43,"c ii 19'","x[NA]NA sag[good]V/i","x sag₁₀",0,"x[NA]NA_sag[good]V/i"
"P271911",357,"r i 41'","mar[shovel]N ninda[bread]N gur[thick]V/i","mar ninda gur₄",0,"mar[shovel]N_ninda[bread]N_gur[thick]V/i"
"P250736",134,"o iv 27","gi[reed]N kud[cut]V/t","gi kud",0,"gi[reed]N_kud[cut]V/t"
"P347814",268,"unknown","unknown","unknown",9,"unknown"
"P253866",85,"o iii 18'","ba[tool]N gur[unit]N","{ŋeš}ba gur",0,"ba[tool]N_gur[unit]N"
"P271911",93,"o ii 19","e[house]N balak[spindle]N","e₂ balak",0,"e[house]N_balak[spindle]N"
"P447996",60,"o iv 29","ŋeštin[vine]N x-x-UD[NA]NA","{ŋeš}ŋeštin x-x-UD",0,"ŋeštin[vine]N_x-x-UD[NA]NA"
"P250736",217,"r ii 21","dal[vessel]N","{dug}dal",0,"dal[vessel]N"
"P271771",103,"r i 9'","na[box]N šu[hand]N","{ŋeš}na šu",0,"na[box]N_šu[hand]N"
"P250363",21,"r 8","gag[nail]N mud[tube]N","{ŋeš}gag mud",0,"gag[nail]N_mud[tube]N"
"P253866",10,"o i 5'","ilila[lever]N","{ŋeš}il₂-il₂",0,"ilila[lever]N"
"P332934",162,"o ii 78","ŋešnimbar[palm]N x[NA]NA","{ŋeš}ŋešnimbar x",0,"ŋešnimbar[palm]N_x[NA]NA"
"P347814",275,"d ii 3'","{ŋeš}x[NA]NA","{ŋeš}x",0,"{ŋeš}x[NA]NA"
"P271911",233,"unknown","unknown","unknown",1,"unknown"
"P247864",109,"o ii 46","{ŋeš}x-zi[NA]NA BAD-x[NA]NA","{ŋeš}x-zi BAD-x",0,"{ŋeš}x-zi[NA]NA_BAD-x[NA]NA"
"P250736",78,"o iii 12","gigur[container]N amuš[unmng]N","gi-gur a-muš",0,"gigur[container]N_amuš[unmng]N"
"Q000001",395,"394","ŋirtab[scorpion]N su[red]V/i","ŋir₂-tab su₄",0,"ŋirtab[scorpion]N_su[red]V/i"
"Q000039",471,"421a","garig[comb]N eban[pair]N","{ŋeš}ga-rig₂ e₂-pa-na",0,"garig[comb]N_eban[pair]N"
"P250736",245,"r iii 6","utul[tureen]N MAR.TU[westerner]N","{dug}utul₂ MAR-TU",0,"utul[tureen]N_MAR.TU[westerner]N"
"Q000039",212,"178","guza[chair]N šah[pig]N šum[slaughter]V/t","{ŋeš}gu-za šah šum",0,"guza[chair]N_šah[pig]N_šum[slaughter]V/t"
"P247864",270,"o v 18","niŋ[thing]N diš[one]NU giŋ[unit]N","{ŋeš}niŋ₂ diš giŋ₄",0,"niŋ[thing]N_diš[one]NU_giŋ[unit]N"
"P370399",158,"o v 12'","sugin[rot]N","{ŋeš}sugin",0,"sugin[rot]N"
"P347814",37,"a ii 8'","{ŋeš}x[NA]NA","{ŋeš}x",0,"{ŋeš}x[NA]NA"
"P273880",713,"d iii 4'","gag[nail]N x-|PA.X|[NA]NA","{ŋeš}gag x-|PA.X|",0,"gag[nail]N_x-|PA.X|[NA]NA"
"P271911",532,"unknown","unknown","unknown",1,"unknown"
"P271911",335,"r i 23'","esad[trap]N","eš-bad₃",0,"esad[trap]N"
"Q000001",131,"131","uzud[goat]N ib[hips]N gig[sick]V/i","uzud ib₂ gig",0,"uzud[goat]N_ib[hips]N_gig[sick]V/i"
"P388265",406,"r vi 50","{ŋeš}ur-x-x[NA]NA","{ŋeš}ur-x-x",0,"{ŋeš}ur-x-x[NA]NA"
"P370399",186,"o vi 33'","ŋidru[scepter]N harmušen[snare]N","{ŋeš}ŋidru har-mušen-na",0,"ŋidru[scepter]N_harmušen[snare]N"
"P429503",40,"o ii 9","ildag[poplar]N aga[rear]N","{ŋeš}ildag₂ a-ga",0,"ildag[poplar]N_aga[rear]N"
"Q000039",252,"216","ŋešnud[bed]N kinud[bedroom]N","ŋeš-nud ki-nud",0,"ŋešnud[bed]N_kinud[bedroom]N"
"P459216",128,"r ii 13'","emerah[jug]N","{ŋeš}emerah",0,"emerah[jug]N"
"P273880",535,"c iii 20","izzi[wall]N kiri[orchard]N ŋešnimbar[palm]N","iz-zi {ŋeš}kiri₆ ŋešnimbar",0,"izzi[wall]N_kiri[orchard]N_ŋešnimbar[palm]N"
"Q000001",223,"223","amar[young]N ga[milk]N","amar ga",0,"amar[young]N_ga[milk]N"
"Q000001",83,"83","udu[sheep]N zilkum[~animal]N","udu zi-il-kum",0,"udu[sheep]N_zilkum[~animal]N"
"P225062",5,"o i 2","zumdianum[tree]N","{ŋeš}zum-di-a-num₂",0,"zumdianum[tree]N"
"P437074",156,"c i 21'","ŋešdi[rung]N ŋešnud[bed]N","ŋeš-di₅ nud",0,"ŋešdi[rung]N_ŋešnud[bed]N"
"P271301",58,"o ii 6","šimgig[tree]N","{ŋeš}šim-gig",0,"šimgig[tree]N"
"Q000039",306,"269","maʾu[barge]N","{ŋeš}ma₂-u₅",0,"maʾu[barge]N"
"P271911",170,"unknown","unknown","unknown",1,"unknown"
"P437074",7,"unknown","unknown","unknown",999,"unknown"
"P273880",501,"c ii 46","emesig[plank]N ma[ship]N","{ŋeš}eme-sig ma₂",0,"emesig[plank]N_ma[ship]N"
"Q000039",771,"700","ur[dog]N","{ŋeš}ur",0,"ur[dog]N"
"P271911",128,"o ii 48","ala[drum]N","a₂-la₂",0,"ala[drum]N"
"P447996",30,"unknown","unknown","unknown",999,"unknown"
"P271771",72,"o v 2","gizulumma[nettle?]N","{ŋeš}gi-zu₂-lum-ma",0,"gizulumma[nettle?]N"
"P370399",195,"o vii 7'","{ŋeš}x[NA]NA magid[boatman]N","{ŋeš}x ma₂-gid₂",0,"{ŋeš}x[NA]NA_magid[boatman]N"
"P459218",30,"o ii 9'","{ŋeš}il₂-sik₂[NA]NA","{ŋeš}il₂-sik₂",0,"{ŋeš}il₂-sik₂[NA]NA"
"P272532",4,"o 2","guza[chair]N esi[tree]N","{ŋeš}gu-za {ŋeš}esi",0,"guza[chair]N_esi[tree]N"
"P247864",33,"o i 30","{ŋeš}x[NA]NA x[NA]NA","{ŋeš}x x",0,"{ŋeš}x[NA]NA_x[NA]NA"
"P271911",624,"r v 3'","ŋeš[tree]N šuniŋin[total]N","ŋeš šu-niŋ₂-niŋin₂",0,"ŋeš[tree]N_šuniŋin[total]N"
"P429503",184,"r iii' 27'","igi[eye]N margida[cart]N","{ŋeš}igi mar-gid₂-da",0,"igi[eye]N_margida[cart]N"
"P332934",341,"unknown","unknown","unknown",1,"unknown"
"P346714",37,"r ii 05'","da[side-board]N apin[plow]N","{ŋeš}da apin",0,"da[side-board]N_apin[plow]N"
"P459217",21,"i 20'","šinig[tamarisk]N dili[single]V/i","{ŋeš}šinig dili",0,"šinig[tamarisk]N_dili[single]V/i"
"P447996",192,"r ii 29","magurgur[large-boat]N","{ŋeš}ma₂-gur-gur",0,"magurgur[large-boat]N"
"P271301",379,"r iii 12","ma[ship]N dim[post]N dug[speak]V/t","{ŋeš}ma₂ dim₃ dug₄",0,"ma[ship]N_dim[post]N_dug[speak]V/t"
"P272243",35,"r i 15","ŋešnimbar[palm]N uhin[date]N duru[wet]V/i","{ŋeš}ŋešnimbar u₄-hi-in duru₅",0,"ŋešnimbar[palm]N_uhin[date]N_duru[wet]V/i"
"Q000039",579,"522","ŋeš[tree]N šušana[fraction]N sila[unit]N","ŋeš šušana sila₃",0,"ŋeš[tree]N_šušana[fraction]N_sila[unit]N"
"P250736",255,"r iii 16","{dug}URU[NA]NA DUN₃[NA]NA sa[net]N","{dug}URU DUN₃ sa",0,"{dug}URU[NA]NA_DUN₃[NA]NA_sa[net]N"
"P271911",236,"o iv 9","namnutare[~irrigation]N","nam-lu₂-da-ri-a",0,"namnutare[~irrigation]N"
"P409465",1,"1","ma[ship]N {d}ti-il[NA]NA Enlil[1]DN","{ŋeš}ma₂ {d}ti-il {d}en-lil₂",0,"ma[ship]N_{d}ti-il[NA]NA_Enlil[1]DN"
"P332934",271,"unknown","unknown","unknown",999,"unknown"
"P250370",7,"7","zarsi[plant]N","{ŋeš}zar-si",0,"zarsi[plant]N"
"P346714",153,"r iv 36'","{ŋeš}$LAGAB[NA]NA illar[weapon]N","{ŋeš}$LAGAB illar",0,"{ŋeš}$LAGAB[NA]NA_illar[weapon]N"
"P247864",32,"o i 29","{ŋeš}x[NA]NA","{ŋeš}x",0,"{ŋeš}x[NA]NA"
"P250736",83,"o iii 17","gigur[container]N ki[place]N gub[stand]V/i","gi-gur ki gub",0,"gigur[container]N_ki[place]N_gub[stand]V/i"
"P388265",384,"r vi 25","ba[tool]N GIN₂[NA]NA","{ŋeš}ba GIN₂",0,"ba[tool]N_GIN₂[NA]NA"
"P250736",316,"r iv 34","sahar[dust]N DU-DU[NA]NA","sahar DU-DU",0,"sahar[dust]N_DU-DU[NA]NA"
"P250364",113,"r i 13'","{ŋeš}x[NA]NA","{ŋeš}x",0,"{ŋeš}x[NA]NA"
"P459218",106,"o iv 27","ušub[brick-mold]N sal[thin]V/i","{ŋeš}u₃-šub sal",0,"ušub[brick-mold]N_sal[thin]V/i"
"P273880",462,"c ii 6","e[house]N ma[ship]N","{ŋeš}e₂ ma₂",0,"e[house]N_ma[ship]N"
"P429503",168,"r iii' 11'","gu[neck]N margida[cart]N","{ŋeš}gu₂ mar-gid₂-da",0,"gu[neck]N_margida[cart]N"
"P437074",32,"unknown","unknown","unknown",999,"unknown"
"Q000001",375,"374a","x-LAGAB[NA]NA","x-LAGAB",0,"x-LAGAB[NA]NA"
"P273880",328,"b iii 56","{ŋeš}$RU[NA]NA ra-x[NA]NA","{ŋeš}$RU ra-x",0,"{ŋeš}$RU[NA]NA_ra-x[NA]NA"
"P247864",59,"o i 56","hašhur[apple]N dar[split]V/t","{ŋeš}hašhur dar",0,"hašhur[apple]N_dar[split]V/t"
"Q000001",447,"446","uzu[flesh]N mur[lung]N","uzu mur",0,"uzu[flesh]N_mur[lung]N"
"P247864",401,"o vii 20'","{ŋeš}še-x[NA]NA","{ŋeš}še-x",0,"{ŋeš}še-x[NA]NA"
"P273880",703,"d ii 47'","{ŋeš}x-x[NA]NA","{ŋeš}x-x",0,"{ŋeš}x-x[NA]NA"
"Q000039",383,"340","šudul[yoke]N gigir[chariot]N","{ŋeš}šu₂-dul₄ gigir",0,"šudul[yoke]N_gigir[chariot]N"
"P388265",335,"r v 20","murgu[shoulder]N gud.si.AŠ[ram]N","{ŋeš}murgu₂ gud-si-AŠ",0,"murgu[shoulder]N_gud.si.AŠ[ram]N"
"P370399",185,"o vi 32'","harmušen[snare]N","{ŋeš}har-mušen",0,"harmušen[snare]N"
"P332934",96,"o ii 13","manu[wood]N ŋeškal[club?]N","{ŋeš}ma-nu ŋeš-kal",0,"manu[wood]N_ŋeškal[club?]N"
"P347814",140,"b ii 24'","kakpana[arrow]N","{ŋeš}kak-pana",0,"kakpana[arrow]N"
"P332939",33,"o ii 11","{ŋeš}x[NA]NA","{ŋeš}x",0,"{ŋeš}x[NA]NA"
"P250364",68,"o iv 8","al[hoe]N saŋ[head]N","{ŋeš}al saŋ",0,"al[hoe]N_saŋ[head]N"
"P459217",145,"r ii 14'","sumungi[tool]N","{ŋeš}sumun-gi₄",0,"sumungi[tool]N"
"P250736",153,"r i 7","gi[reed]N x-x[NA]NA","gi x-x",0,"gi[reed]N_x-x[NA]NA"
"P250736",102,"o iii 36","mansim[sieve]N hal[divide]V/t","{gi}ma-an-sim hal",0,"mansim[sieve]N_hal[divide]V/t"
"P273880",488,"c ii 32","ma[ship]N 15[NA]NA gur[unit]N","{ŋeš}ma₂ 15 gur",0,"ma[ship]N_15[NA]NA_gur[unit]N"
"P347814",8,"a i 6'","ig[door]N gi[reed]N GAM-ma[NA]NA","{ŋeš}ig gi GAM-ma",0,"ig[door]N_gi[reed]N_GAM-ma[NA]NA"
"P459218",91,"o iv 9","{ŋeš}x[NA]NA","{ŋeš}x",0,"{ŋeš}x[NA]NA"
"P247864",47,"o i 44","usuh[tree]N","{ŋeš}u₃-suh₅(EŠ₂)",0,"usuh[tree]N"
"P347814",100,"b i 25'","{ŋeš}x[NA]NA apin[plow]N","{ŋeš}x apin",0,"{ŋeš}x[NA]NA_apin[plow]N"
"P370399",24,"o i 21'","x[NA]NA ŋešnimbar[palm]N","x ŋešnimbar",0,"x[NA]NA_ŋešnimbar[palm]N"
"Q000001",40,"40","udu[sheep]N saʾadnim[disease]N","udu sa-ad-nim",0,"udu[sheep]N_saʾadnim[disease]N"
"P429503",129,"r ii' 5'","ma[ship]N hedu[ornament]N","{ŋeš}ma₂ {d}he₂-du₇",0,"ma[ship]N_hedu[ornament]N"
"P346714",87,"r iii 09'","{ŋeš}KAL[NA]NA","{ŋeš}KAL",0,"{ŋeš}KAL[NA]NA"
"P273880",198,"b i 48'","bulug[needle]N","{ŋeš}bulug",0,"bulug[needle]N"
"P332934",346,"r iv 3","gigir[chariot]N mah[great]V/i","{ŋeš}gigir {d}mah",0,"gigir[chariot]N_mah[great]V/i"
"P437074",122,"b iii 8''","guza[chair]N x[NA]NA","{ŋeš}gu-za x",0,"guza[chair]N_x[NA]NA"
"P459218",110,"o iv 31","gag[nail]N dud[mound]N šum[garlic]N bal[dig]V/t","{ŋeš}gag du₆ šum₂ ba-l·a₂",0,"gag[nail]N_dud[mound]N_šum[garlic]N_bal[dig]V/t"
"P370399",147,"unknown","unknown","unknown",1,"unknown"
"Q000039",754,"683","nisiki[comb]N","{ŋeš}niŋ₂-sigₓ(UMBIN)",0,"nisiki[comb]N"
"P388265",54,"iii 3","eren[cedar]N","{ŋeš}eren",0,"eren[cedar]N"
"Q000039",367,"325","gabar[herder]N","{ŋeš}kab-bar",0,"gabar[herder]N"
"P437074",151,"c i 16'","ŋešnud[bed]N Uri[Akkad]GN","ŋeš-nud uri{ki}",0,"ŋešnud[bed]N_Uri[Akkad]GN"
"P447996",186,"r ii 23","ma[ship]N si[horn]N limmu[four]NU","{ŋeš}ma₂ si limmu₂",0,"ma[ship]N_si[horn]N_limmu[four]NU"
"P229426",13,"o 12","sila[unit]N si-la[NA]NA SILA₃[NA]NA","sila₃ si-la SILA₃",0,"sila[unit]N_si-la[NA]NA_SILA₃[NA]NA"
"P253866",59,"o ii 23'","guza[chair]N niŋšu[goods]N","{ŋeš}gu-za niŋ₂-šu",0,"guza[chair]N_niŋšu[goods]N"
"P388265",340,"r v 25","ušub[brick-mold]N šeg[brick]N","{ŋeš}u₃-šub sig₄",0,"ušub[brick-mold]N_šeg[brick]N"
"P277271",6,"o 4'","x[NA]NA","x",0,"x[NA]NA"
"P447996",220,"r iii 21","antibal[sign]N ma[ship]N","{ŋeš}an-ti-bal ma₂",0,"antibal[sign]N_ma[ship]N"
"P459216",142,"r iii 9'","murgu[shoulder]N ma[ship]N","{ŋeš}murgu₂ ma₂",0,"murgu[shoulder]N_ma[ship]N"
"P347814",19,"unknown","unknown","unknown",17,"unknown"
"P253866",73,"o iii 6'","ŋešŋiri[fetters]N","ŋeš-ŋiri₃",0,"ŋešŋiri[fetters]N"
"P437074",82,"b ii 6''","ŋešnaruak[~stele]N","ŋeš-na-ru₂-a",0,"ŋešnaruak[~stele]N"
"P271301",188,"o iv 22","su[fibers]N kiri[orchard]N ŋešnimbar[palm]N","{ŋeš}zi {ŋeš}kiri₆ ŋešnimbar",0,"su[fibers]N_kiri[orchard]N_ŋešnimbar[palm]N"
"P250736",291,"r iv 9","im[clay]N U[NA]NA","im U",0,"im[clay]N_U[NA]NA"
"P271911",139,"o ii 58","a[arm]N ŋešrin[scales]N","a₂ rin₂",0,"a[arm]N_ŋešrin[scales]N"
"Q000039",417,"372","manhara[vessel]N margida[cart]N","{ŋeš}nam-ha-ru-um mar-gid₂-da",0,"manhara[vessel]N_margida[cart]N"
"P253228",20,"o ii 1","saŋkul[bolt]N gigir[chariot]N","{ŋeš}sag-gul gigir₂",0,"saŋkul[bolt]N_gigir[chariot]N"
"P347814",114,"b i 44'","x-bala[NA]NA","x-bala",0,"x-bala[NA]NA"
"P271301",159,"o iii 47","ŋešnimbar[palm]N gighab[disease]N","{ŋeš}ŋešnimbar gig-hab₂",0,"ŋešnimbar[palm]N_gighab[disease]N"
"P250736",64,"o ii 38","muru[mat]N","{gi}muruₓ(|KID.MAH|)",0,"muru[mat]N"
"P332934",316,"r iii 19'","{ŋeš}ad-du₅-gi[NA]NA ma[ship]N","{ŋeš}ad-du₅-gi ma₂",0,"{ŋeš}ad-du₅-gi[NA]NA_ma[ship]N"
"P250736",19,"o i 15","gi[reed]N niŋ[thing]N tur[small]V/i","gi niŋ₂ tur-tur",0,"gi[reed]N_niŋ[thing]N_tur[small]V/i"
"P271320",21,"o i 14'","guza[chair]N niŋ[thing]N unkin[assembly]N","{ŋeš}gu-za niŋ₂ unkin",0,"guza[chair]N_niŋ[thing]N_unkin[assembly]N"
"P347814",120,"b ii 4'","gur[rim]N harmušen[snare]N","{ŋeš}gur₂ har-mušen-na",0,"gur[rim]N_harmušen[snare]N"
"P459217",55,"iii 5","eren[cedar]N","{ŋeš}eren",0,"eren[cedar]N"
"P228096",18,"o i 16","garig[comb]N munus[woman]N","{ŋeš}ga-rig₂ munus",0,"garig[comb]N_munus[woman]N"
"P273880",278,"b iii 2","dilim[spoon]N banšur[table]N","{ŋeš}dilim₂ {ŋeš}banšurₓ(|URU×IGI.URUDA|)",0,"dilim[spoon]N_banšur[table]N"
"P253228",8,"o i 5","al[hoe]N zu[tooth]N min[two]NU","{ŋeš}al zu₂ min",0,"al[hoe]N_zu[tooth]N_min[two]NU"
"Q000039",682,"614","tigidlu[instrument]N kaskal[way]N","{ŋeš}tigidla kaskal",0,"tigidlu[instrument]N_kaskal[way]N"
"P273880",343,"b iv 6","ama[mother]N zamin[lyre]N","{ŋeš}ama za₃-mi₂",0,"ama[mother]N_zamin[lyre]N"
"Q000039",731,"658","{ŋeš}EN[NA]NA ninda[vessel]N","{ŋeš}EN ninda₂",0,"{ŋeš}EN[NA]NA_ninda[vessel]N"
"P247864",9,"o i 6","ŋešaʾabak[tree]N","ŋeš-ab-ba",0,"ŋešaʾabak[tree]N"
"P253233",25,"o ii 8","dilim[spoon]N dug[speak]V/t","{ŋeš}dilim₂ dug₄",0,"dilim[spoon]N_dug[speak]V/t"
"P247864",98,"o ii 35","ildag[poplar]N kur[mountain]N","{ŋeš}ildag₂ kur",0,"ildag[poplar]N_kur[mountain]N"
"Q000039",613,"551a","luguda[object]N","{ŋeš}lugud₂-da",0,"luguda[object]N"
"Q000039",105,"84","{ŋeš}KU[NA]NA kiri[orchard]N ŋešnimbar[palm]N","{ŋeš}KU {ŋeš}kiri₆ ŋešnimbar",0,"{ŋeš}KU[NA]NA_kiri[orchard]N_ŋešnimbar[palm]N"
"P388265",73,"iii 23","an[sky]N usuh[tree]N","{ŋeš}an u₃-suh₅",0,"an[sky]N_usuh[tree]N"
"P492330",21,"o ii 4","tukul[weapon]N saŋ[head]N gaz[kill]V/t","{ŋeš}tukul saŋ gaz-gaz",0,"tukul[weapon]N_saŋ[head]N_gaz[kill]V/t"
"P271301",354,"r ii 38","{ŋeš}e₂-bal[NA]NA","{ŋeš}e₂-bal",0,"{ŋeš}e₂-bal[NA]NA"
"P271301",182,"o iv 16","peš[frond]N ŋešnimbar[palm]N","{ŋeš}peš ŋešnimbar",0,"peš[frond]N_ŋešnimbar[palm]N"
"Q000001",192,"192","gud[ox]N a₂.gur.X[~oxen]N","gud a₂-gur-X",0,"gud[ox]N_a₂.gur.X[~oxen]N"
"P271771",108,"r i 14'","šuʾa[stool]N šuʾi[barber]N","{ŋeš}šuaₓ(|ŠU₂×(A.DIŠ)|) šu-i",0,"šuʾa[stool]N_šuʾi[barber]N"
"P250364",94,"o v 15","gur[rim]N harmušen[snare]N","{ŋeš}gur₂ har-mušen-na",0,"gur[rim]N_harmušen[snare]N"
"P253228",44,"r i 8","šedug[tree]N","{ŋeš}še-dug₃",0,"šedug[tree]N"
"Q000001",505,"501","uzu[flesh]N umbin[nail]N gud[ox]N","uzu umbin gud",0,"uzu[flesh]N_umbin[nail]N_gud[ox]N"
"P271911",593,"r iv 49","x[NA]NA","x",0,"x[NA]NA"
"P346714",166,"r v 02'","mar[shovel]N ninda[bread]N gur[thick]V/i","{ŋeš}mar ninda gur₄",0,"mar[shovel]N_ninda[bread]N_gur[thick]V/i"
"P273880",347,"b iv 10","tigidlu[instrument]N","{ŋeš}tigidla",0,"tigidlu[instrument]N"
"Q000001",264,"264","muš[snake]N huš[reddish]V/i","muš huš",0,"muš[snake]N_huš[reddish]V/i"
"P271301",409,"r iii 42","mete[appropriate-thing]N ma[ship]N","{ŋeš}me-te ma₂",0,"mete[appropriate-thing]N_ma[ship]N"
"P271911",251,"o iv 21","a[arm]N DIŠ[NA]NA","a₂ DIŠ",0,"a[arm]N_DIŠ[NA]NA"
"P253228",10,"o i 7","al[hoe]N zu[tooth]N diš[one]NU","{ŋeš}al zu₂ diš",0,"al[hoe]N_zu[tooth]N_diš[one]NU"
"P370399",81,"o iii 20'","banšurzaggula[table]N","{ŋeš}banšur-zag-gub-ba",0,"banšurzaggula[table]N"
"P459217",17,"i 16'","šedug[tree]N","{ŋeš}še-dug₃",0,"šedug[tree]N"
"P273880",193,"b i 43'","ŋešnud[bed]N kuš[hide]N du[build]V/t","ŋeš-nud kuš du₃",0,"ŋešnud[bed]N_kuš[hide]N_du[build]V/t"
"P271911",140,"o ii 59","dilim[spoon]N ŋešrin[scales]N","dilim₂ rin₂",0,"dilim[spoon]N_ŋešrin[scales]N"
"P253228",66,"r ii 5'","{ŋeš}x[NA]NA x[NA]NA","{ŋeš}x x",0,"{ŋeš}x[NA]NA_x[NA]NA"
"Q000039",742,"671","{ŋeš}URI[NA]NA","{ŋeš}URI",0,"{ŋeš}URI[NA]NA"
"P253866",73,"o iii 6'","ŋešŋiri[fetters]N","ŋeš-ŋiri₃",0,"ŋešŋiri[fetters]N"
"P388265",426,"t.e. ii 5","arina[madder]N","{ŋeš}i-ri₉-na",0,"arina[madder]N"
"P271549",14,"9'","x[NA]NA","x",0,"x[NA]NA"
"P271301",37,"o i 34","peš[fig]N Uri[Akkad]GN","{ŋeš}peš₃ uri{ki}",0,"peš[fig]N_Uri[Akkad]GN"
"P247864",383,"o vii 2'","{ŋeš}x[NA]NA","{ŋeš}x",0,"{ŋeš}x[NA]NA"
"P459216",97,"r i 2'","{ŋeš}x[NA]NA","{ŋeš}x",0,"{ŋeš}x[NA]NA"
"P271301",393,"r iii 26","{ŋeš}x[NA]NA","{ŋeš}x",0,"{ŋeš}x[NA]NA"
"Q000039",770,"699","nemur[leopard]N","{ŋeš}nemur",0,"nemur[leopard]N"
"P273880",668,"d ii 3'","ŋeš[tree]N dim[create]V/t","ŋeš dim₂",0,"ŋeš[tree]N_dim[create]V/t"
"P388265",130,"r i 8","apin[plow]N a[arm]N gud[ox]N","{ŋeš}apin a₂ gud",0,"apin[plow]N_a[arm]N_gud[ox]N"
"Q000039",657,"591","kul[handle]N mar[shovel]N","{ŋeš}kul mar",0,"kul[handle]N_mar[shovel]N"
"P271911",476,"r iii 15","tukul[weapon]N Damu[1]DN","tukul {d}da-mu",0,"tukul[weapon]N_Damu[1]DN"
"P370399",174,"o v 28'","ebir[vessel-stand]N gub[stand]V/i a[water]N","{ŋeš}ebir gub a",0,"ebir[vessel-stand]N_gub[stand]V/i_a[water]N"
"P382665",2,"2","šedug[tree]N","{ŋeš}še-dug₃",0,"šedug[tree]N"
"P332934",391,"r iv 25'","x[NA]NA margida[cart]N","x mar-gid₂-da",0,"x[NA]NA_margida[cart]N"
"P273880",6,"a i 2'","{ŋeš}x-x[NA]NA","{ŋeš}x-x",0,"{ŋeš}x-x[NA]NA"
"Q000001",287,"287","urnig[lioness]N","ur-nig",0,"urnig[lioness]N"
"Q000039",254,"218","ŋešnud[bed]N umbin[nail]N","ŋeš-nud umbin",0,"ŋešnud[bed]N_umbin[nail]N"
"P429504",49,"unknown","unknown","unknown",1,"unknown"
"P247864",190,"o iv 1","saŋkul[bolt]N gigir[chariot]N","{ŋeš}saŋ-kul gigir",0,"saŋkul[bolt]N_gigir[chariot]N"
"P459217",102,"iv 24","hara[shoot]N ŋešnimbar[palm]N","{ŋeš}ha-ra ŋešnimbar",0,"hara[shoot]N_ŋešnimbar[palm]N"
"P437074",53,"b i 14''","tulubum[tree]N","{ŋeš}dal-bu-um",0,"tulubum[tree]N"
"P388265",23,"i 25","{ŋeš}nam[NA]NA","{ŋeš}nam",0,"{ŋeš}nam[NA]NA"
"P437074",100,"b iii 4'","guza[chair]N anše[equid]N","{ŋeš}gu-za anše",0,"guza[chair]N_anše[equid]N"
"P459216",42,"ii 10","KID.da[twig]N","{ŋeš}E₂-da",0,"KID.da[twig]N"
"P459222",3,"2","ŋušur[harrow]N","{ŋeš}gana₂-ur₃",0,"ŋušur[harrow]N"
"P271301",390,"r iii 23","dim[post]N ma[ship]N","{ŋeš}dim₃ ma₂",0,"dim[post]N_ma[ship]N"
"P332939",30,"o ii 8","{ŋeš}x[NA]NA","{ŋeš}x",0,"{ŋeš}x[NA]NA"
"P459226",13,"o i 10'","peš[fig]N da-di[NA]NA","{ŋeš}peš₃ da-di",0,"peš[fig]N_da-di[NA]NA"
"P447996",92,"o v 17","šennur[plum]N","{ŋeš}šennur",0,"šennur[plum]N"
"P459217",91,"iv 13","su[fibers]N ŋešnimbar[palm]N","{ŋeš}su₁₁ ŋešnimbar",0,"su[fibers]N_ŋešnimbar[palm]N"
"P332934",172,"o iii 8","ŋešnimbar[palm]N lul[false]V/i","{ŋeš}ŋešnimbar lul",0,"ŋešnimbar[palm]N_lul[false]V/i"
"P228096",17,"o i 15","garig[comb]N šuʾi[barber]N","{ŋeš}ga-rig₂ šu-i",0,"garig[comb]N_šuʾi[barber]N"
"P389511",14,"o 13","urnum[cedar]N","{ŋeš}ur-nu-um",0,"urnum[cedar]N"
"P459218",106,"o iv 27","ušub[brick-mold]N sal[thin]V/i","{ŋeš}u₃-šub sal",0,"ušub[brick-mold]N_sal[thin]V/i"
"P388265",88,"iv 5","KID.da[twig]N","{ŋeš}KID-da",0,"KID.da[twig]N"
"P235262",21,"unknown","unknown","unknown",999,"unknown"
"P332934",133,"o ii 50","zirdum[olive]N","{ŋeš}zi-ir-dum",0,"zirdum[olive]N"
"Q000001",94,"94","udu[sheep]N kadra[gift]N","udu kadra(|GAR.ŠA₃.A|)",0,"udu[sheep]N_kadra[gift]N"
"Q000039",141,"118","ŠU.KAL[tree]N","{ŋeš}|ŠU.KAL|",0,"ŠU.KAL[tree]N"
"P250736",201,"r ii 5","{dug}x-x[NA]NA","{dug}x-x",0,"{dug}x-x[NA]NA"
"P271911",514,"unknown","unknown","unknown",1,"unknown"
"P271301",5,"o i 2","taškarin[boxwood]N buluh[tree]N","{ŋeš}taškarin buluh{šim}",0,"taškarin[boxwood]N_buluh[tree]N"
"P250736",53,"o ii 27","x-x[NA]NA","x-x",0,"x-x[NA]NA"
"P459216",89,"iv 3'","{ŋeš}x[NA]NA","{ŋeš}x",0,"{ŋeš}x[NA]NA"
"P459218",75,"o iii 26","niŋŋeštug[~plow]N apin[plow]N","{ŋeš}niŋ₂-ŋeštug apin",0,"niŋŋeštug[~plow]N_apin[plow]N"
"P247864",46,"o i 43","manu[wood]N izi[fire]N","{ŋeš}ma-nu izi",0,"manu[wood]N_izi[fire]N"
"P271301",166,"o iii 54","andul[shade]N nud[lie]V/t ŋešnimbar[palm]N","{ŋeš}an-dul nud ŋešnimbar",0,"andul[shade]N_nud[lie]V/t_ŋešnimbar[palm]N"
"X100003",7,"o 6","ŋešgana[tree]N","ŋeš-kin₂",0,"ŋešgana[tree]N"
"Q000001",282,"282","muš[snake]N šagsig[weft]N","muš šag₄-sig",0,"muš[snake]N_šagsig[weft]N"
"P429503",16,"o i 13","ŋeš[tree]N su[red]V/i","ŋeš sa₅",0,"ŋeš[tree]N_su[red]V/i"
"P271301",104,"o ii 52","mes[tree]N","{ŋeš}mes",0,"mes[tree]N"
"P347814",181,"c i 37'","al[hoe]N zu[tooth]N limmu[four]NU","{ŋeš}al zu₂ limmu₅",0,"al[hoe]N_zu[tooth]N_limmu[four]NU"
"P332934",73,"o i 17'","ildag[poplar]N kug[pure]V/i","{ŋeš}ildag₂ kug",0,"ildag[poplar]N_kug[pure]V/i"
"P273880",149,"a iv 46'","x-x-x[NA]NA","x-x-x",0,"x-x-x[NA]NA"
"P459217",158,"r iii 15","guza[chair]N x[NA]NA","{ŋeš}gu-za x",0,"guza[chair]N_x[NA]NA"
"P447996",78,"o v 3","hašhur[apple]N armanu[tree]N","{ŋeš}hašhur ar-ma-nu",0,"hašhur[apple]N_armanu[tree]N"
"P271911",368,"r i 51'","igi[eye]N mar[shovel]N","igi mar",0,"igi[eye]N_mar[shovel]N"
"P271911",89,"o ii 16","x[NA]NA","x",0,"x[NA]NA"
"Q000039",747,"676","dih[weed]N","{ŋeš}dih₃",0,"dih[weed]N"
"P250736",97,"o iii 31","mansim[sieve]N","{gi}ma-an-sim",0,"mansim[sieve]N"
"Q000001",262,"262","eme[donkey]N šag[heart]N sur[press]V/t","eme₅ šag₄ sur",0,"eme[donkey]N_šag[heart]N_sur[press]V/t"
"P388265",294,"r iv 34","ilila[lever]N","{ŋeš}il₂-il₂",0,"ilila[lever]N"
"P271301",93,"o ii 41","tir[forest]N kug[pure]V/i","{ŋeš}tir kug",0,"tir[forest]N_kug[pure]V/i"
"P347814",158,"c i 13'","{ŋeš}x[NA]NA gimuš[pole]N","{ŋeš}x gi-muš",0,"{ŋeš}x[NA]NA_gimuš[pole]N"
"P429503",79,"o iii 18","ŋešnimbar[palm]N x[NA]NA","{ŋeš}ŋešnimbar x",0,"ŋešnimbar[palm]N_x[NA]NA"
"P271911",531,"r iii 58","GIŠ[NA]NA","GIŠ",0,"GIŠ[NA]NA"
"P271320",35,"r i' 3'","suhur[tool]N gigir[chariot]N","{ŋeš}suhur gigir",0,"suhur[tool]N_gigir[chariot]N"
"P271301",180,"o iv 14","tubala[harness]N ŋešnimbar[palm]N","{ŋeš}tug₂ ŋešnimbar",0,"tubala[harness]N_ŋešnimbar[palm]N"
"Q000001",449,"448","uzu[flesh]N ur[root]N","uzu ur₂",0,"uzu[flesh]N_ur[root]N"
"Q000001",421,"420","uzu[flesh]N gubalŋešdua[hump]N","uzu gu₂-bal-ŋeš-du₃-a",0,"uzu[flesh]N_gubalŋešdua[hump]N"
"P437074",138,"c i 3'","ŋirigub[footstool]N zu[tooth]N amsi[elephant]N sig[put]V/t","{ŋeš}ŋiri₃-gub zu₉ am-si sig₉",0,"ŋirigub[footstool]N_zu[tooth]N_amsi[elephant]N_sig[put]V/t"
"P271911",608,"r v 4","ganum[stand]N tur[small]V/i","ŋa₂-an-nu tur",0,"ganum[stand]N_tur[small]V/i"
"P459217",88,"iv 10","dala[thorn]N ŋešnimbar[palm]N","{ŋeš}dala₂ ŋešnimbar",0,"dala[thorn]N_ŋešnimbar[palm]N"
"P429504",7,"o ii' 1","ŋešnimbar[palm]N uhin[date]N saŋ[choose]V/t","{ŋeš}ŋešnimbar u₄-hi-in zag",0,"ŋešnimbar[palm]N_uhin[date]N_saŋ[choose]V/t"
"P235262",40,"unknown","unknown","unknown",4,"unknown"
"P370399",136,"o iv 33'","ig[door]N uma[triumph]N","{ŋeš}ig u₃-ma",0,"ig[door]N_uma[triumph]N"
"Q000039",16,"14","hašhur[apple]N kur[mountain]N","{ŋeš}hašhur kur",0,"hašhur[apple]N_kur[mountain]N"
"P228105",23,"r ii 3","namuzum[a-tool]N","{ŋeš}na-mu-zum",0,"namuzum[a-tool]N"
"P250364",10,"o i 7","si[horn]N gigir[chariot]N","{ŋeš}si gigir",0,"si[horn]N_gigir[chariot]N"
"P459216",106,"r i 11'","ŋešdi[rung]N guza[chair]N","ŋeš-di₅ gu-za",0,"ŋešdi[rung]N_guza[chair]N"
"P271301",165,"o iii 53","ŋešnimbar[palm]N ŋeštin[vine]N","{ŋeš}ŋešnimbar ŋeštin",0,"ŋešnimbar[palm]N_ŋeštin[vine]N"
"P250363",5,"o 4'","ig[door]N eren[cedar]N","{ŋeš}ig {ŋeš}eren",0,"ig[door]N_eren[cedar]N"
"P429503",13,"o i 10","{ŋeš}bar-ŋeš[NA]NA gunu[speckled]V/i","{ŋeš}bar-ŋeš gun₃",0,"{ŋeš}bar-ŋeš[NA]NA_gunu[speckled]V/i"
"P273880",210,"b i 60'","saŋ[head]N balak[spindle]N","{ŋeš}saŋ balak",0,"saŋ[head]N_balak[spindle]N"
"P271911",453,"r ii 54","ŋisal[rudder]N ŋiri[foot]N","ŋisal ŋiri₃",0,"ŋisal[rudder]N_ŋiri[foot]N"
"P271911",192,"o iii 36'","gag[nail]N sala[~plow]N apin[plow]N","gag sal-la apin",0,"gag[nail]N_sala[~plow]N_apin[plow]N"
"P447996",171,"r ii 8","ma[ship]N hili[attractiveness]N","{ŋeš}ma₂ hi-li",0,"ma[ship]N_hili[attractiveness]N"
"Q000001",108,"108","u[ewe]N šag[heart]N","u₈ šag₄",0,"u[ewe]N_šag[heart]N"
"P447996",145,"r i 27","{ŋeš}LAGAB[NA]NA ŋešnimbar[palm]N","{ŋeš}LAGAB ŋešnimbar",0,"{ŋeš}LAGAB[NA]NA_ŋešnimbar[palm]N"
"P447996",50,"o iv 19","manu[wood]N du[build]V/t","{ŋeš}ma-nu du₃-du₃",0,"manu[wood]N_du[build]V/t"
"P437074",61,"b ii 4'","pa[branch]N kud[cut]V/t","{ŋeš}pa kud",0,"pa[branch]N_kud[cut]V/t"
"Q000039",467,"418","garig[comb]N","{ŋeš}ga-rig₂",0,"garig[comb]N"
"P271911",590,"unknown","unknown","unknown",1,"unknown"
"P228096",18,"o i 16","garig[comb]N munus[woman]N","{ŋeš}ga-rig₂ munus",0,"garig[comb]N_munus[woman]N"
"P271911",87,"unknown","unknown","unknown",1,"unknown"
"P235262",53,"c ii 31'","tukul[weapon]N naŋasikaz[pestle]N","{ŋeš}tukul naŋa₃-si₃-gaz",0,"tukul[weapon]N_naŋasikaz[pestle]N"
"Q000001",47,"47","udu[sheep]N mašdarea[payment]N","udu maš₂-da-ri",0,"udu[sheep]N_mašdarea[payment]N"
"P247864",267,"o v 15","niŋ[thing]N ya[five]NU giŋ[unit]N","{ŋeš}niŋ₂ ia₂ giŋ₄",0,"niŋ[thing]N_ya[five]NU_giŋ[unit]N"
"P250364",153,"r iii 19'","{ŋeš}zi-da-ne[NA]NA","{ŋeš}zi-da-ne",0,"{ŋeš}zi-da-ne[NA]NA"
"P388265",426,"t.e. ii 5","arina[madder]N","{ŋeš}i-ri₉-na",0,"arina[madder]N"
"Q000001",277,"277","muš[snake]N saŋ[head]N imin[seven]NU","muš saŋ imin",0,"muš[snake]N_saŋ[head]N_imin[seven]NU"
"P250736",31,"o ii 3","enbar[reed]N e[chaff]N","{gi}en₃-bar e₃",0,"enbar[reed]N_e[chaff]N"
"P447996",119,"r i 1","ŋešnimbar[palm]N izi[fire]N gu[eat]V/t","{ŋeš}ŋešnimbar izi gu₇",0,"ŋešnimbar[palm]N_izi[fire]N_gu[eat]V/t"
"P459216",33,"ii 1","ŋešaʾabak[tree]N","ŋeš-ab-ba",0,"ŋešaʾabak[tree]N"
"P250736",181,"r i 35","pa[branch]N gi[reed]N","{gi}pa gi",0,"pa[branch]N_gi[reed]N"
"P437074",87,"b ii 11''","guza[chair]N gid[long]V/i","{ŋeš}gu-za gid₂",0,"guza[chair]N_gid[long]V/i"
"P271320",38,"r i' 5'","gabaŋal[guard]N gigir[chariot]N","{ŋeš}gaba-gal gigir",0,"gabaŋal[guard]N_gigir[chariot]N"
"P253228",28,"o ii 9","al[hoe]N","{ŋeš}al",0,"al[hoe]N"
"Q000039",725,"653","halba[bucket]N","{ŋeš}halba₅",0,"halba[bucket]N"
"P447996",172,"r ii 9","Madurahabzu[1]ON","{ŋeš}ma₂-durah-abzu",0,"Madurahabzu[1]ON"
"P332939",63,"r ii' 7'","gag[nail]N ašte[chair]N margida[cart]N","{ŋeš}gag al-te mar-gid₂-da",0,"gag[nail]N_ašte[chair]N_margida[cart]N"
"P388265",339,"r v 24","ušub[brick-mold]N","{ŋeš}u₃-šub",0,"ušub[brick-mold]N"
"P273880",188,"b i 38'","ŋešnud[bed]N dih[weed]N","ŋeš-nud {ŋeš}dih₃",0,"ŋešnud[bed]N_dih[weed]N"
"P271911",281,"o iv 45","sa[net]N lagab[block]N","sa lagab",0,"sa[net]N_lagab[block]N"
"P346714",175,"r v 11'","kul[handle]N mar[shovel]N","{ŋeš}kul mar",0,"kul[handle]N_mar[shovel]N"
"P271771",89,"o v 19","suhur[tuft]N x[NA]NA","{ŋeš}suhur x",0,"suhur[tuft]N_x[NA]NA"
"Q000039",674,"608","{ŋeš}NIG₂-kinkin[NA]NA","{ŋeš}NIG₂-kinkin",0,"{ŋeš}NIG₂-kinkin[NA]NA"
"P332934",329,"r iii 32'","madu[~boat]N","{ŋeš}ma₂-du-uš",0,"madu[~boat]N"
"P250364",148,"r iii 14'","{ŋeš}ra-x-x[NA]NA","{ŋeš}ra-x-x",0,"{ŋeš}ra-x-x[NA]NA"
"P273880",220,"b ii 9","emerah[jug]N ŋeštug[ear]N","{ŋeš}emerahₓ(|U.U.HUB₂|) ŋeštug",0,"emerah[jug]N_ŋeštug[ear]N"
"P388265",434,"t.e. iii 6","{ŋeš}x-x[NA]NA","{ŋeš}x-x",0,"{ŋeš}x-x[NA]NA"
"P271301",449,"r iv 30","gag[nail]N umbin[nail]N gigir[chariot]N","{ŋeš}gag umbin gigir",0,"gag[nail]N_umbin[nail]N_gigir[chariot]N"
"P370399",92,"o iii 31'","apin[plow]N","{ŋeš}apin",0,"apin[plow]N"
"P388265",267,"r iv 7","šuʾa[stool]N dus[bathroom]N","{ŋeš}šu₂-a du₁₀-us₂",0,"šuʾa[stool]N_dus[bathroom]N"
"P332934",365,"unknown","unknown","unknown",999,"unknown"
"P437074",38,"b i 6'","x[NA]NA ŋešnimbar[palm]N","x ŋešnimbar",0,"x[NA]NA_ŋešnimbar[palm]N"
"P271771",30,"o iii 7","eren[cedar]N babbar[white]V/i","{ŋeš}eren babbar",0,"eren[cedar]N_babbar[white]V/i"
"P459217",37,"ii 13'","ŋešaʾabak[tree]N Meluhha[1]GN","ŋeš-ab-ba me-luh-ha",0,"ŋešaʾabak[tree]N_Meluhha[1]GN"
"P271771",100,"r i 6'","na[box]N","{ŋeš}na",0,"na[box]N"
"Q000039",102,"81","šag[heart]N ŋešnimbar[palm]N","{ŋeš}šag₄ ŋešnimbar",0,"šag[heart]N_ŋešnimbar[palm]N"
"P370399",167,"o v 21'","naŋa[mortar]N","{ŋeš}naŋa₃",0,"naŋa[mortar]N"
"P271911",187,"o iii 32'","sudin[bat]N apin[plow]N","su-din apin",0,"sudin[bat]N_apin[plow]N"
"P273880",271,"b ii 64","banšur[table]N tur[small]V/i","{ŋeš}banšurₓ(|URU×IGI.URUDA|) tur",0,"banšur[table]N_tur[small]V/i"
"P429503",46,"o ii 15","ildag[poplar]N tur[small]V/i","{ŋeš}ildag₂ tur",0,"ildag[poplar]N_tur[small]V/i"
"P273880",648,"unknown","unknown","unknown",4,"unknown"
"P250364",7,"o i 4","gaba[chest]N gigir[chariot]N","{ŋeš}gaba gigir",0,"gaba[chest]N_gigir[chariot]N"
"P492330",12,"o i 10","ŋeš[tree]N x-x-bi[NA]NA","ŋeš x-x-bi",0,"ŋeš[tree]N_x-x-bi[NA]NA"
"P273880",589,"c iv 23","{ŋeš}x[NA]NA","{ŋeš}x",0,"{ŋeš}x[NA]NA"
"P271911",130,"o ii 50","ŋešrin[scales]N tur[small]V/i","rin₂ tur",0,"ŋešrin[scales]N_tur[small]V/i"
"P388265",55,"iii 4","eren[cedar]N mes[blackness]N","{ŋeš}eren mes",0,"eren[cedar]N_mes[blackness]N"
"P250736",235,"r ii 39","niŋna[incense-(burner)]N BAD[NA]NA","{dug}niŋ₂-na BAD",0,"niŋna[incense-(burner)]N_BAD[NA]NA"
"P247864",258,"o v 6","bariga[unit]N","{ŋeš}ba-an-ri₂-ga",0,"bariga[unit]N"
"P332930",4,"o 2","magur[barge]N","{ŋeš}ma₂-gur",0,"magur[barge]N"
"P346714",76,"r ii 44'","garig[comb]N x[NA]NA","{ŋeš}ga-rig₂ x",0,"garig[comb]N_x[NA]NA"
"P271911",451,"r ii 52","ŋisal[rudder]N šu[hand]N","ŋisal šu",0,"ŋisal[rudder]N_šu[hand]N"
"P247543",3,"o 1","ma[ship]N u[ten]NU gur[unit]N","{ŋeš}ma₂ u gur",0,"ma[ship]N_u[ten]NU_gur[unit]N"
"P271301",197,"o iv 31","asal[poplar]N","{ŋeš}asal₂",0,"asal[poplar]N"
"P388265",42,"ii 25","lam[tree]N","{ŋeš}lam",0,"lam[tree]N"
"Q000001",313,"313","durah[goat]N","durah",0,"durah[goat]N"
"P388265",310,"r iv 51","{ŋeš}x[NA]NA","{ŋeš}x",0,"{ŋeš}x[NA]NA"
"P273880",304,"b iii 32","dilim[spoon]N mar[shovel]N","{ŋeš}dilim₂ mar",0,"dilim[spoon]N_mar[shovel]N"
"P370399",80,"o iii 19'","banšur[table]N hu-un-nu-um[NA]NA","{ŋeš}banšur hu-un-nu-um",0,"banšur[table]N_hu-un-nu-um[NA]NA"
"Q000039",311,"273a","ma[ship]N X-LAGAB[NA]NA","{ŋeš}ma₂ X-LAGAB",0,"ma[ship]N_X-LAGAB[NA]NA"
"P370399",49,"o ii 22'","{ŋeš}me-ta-DIM₂[NA]NA","{ŋeš}me-ta-DIM₂",0,"{ŋeš}me-ta-DIM₂[NA]NA"
"P254360",5,"o 3","saŋkul[bolt]N apin[plow]N","{ŋeš}saŋ-kul apin",0,"saŋkul[bolt]N_apin[plow]N"
"P332934",255,"o iv 26'","{ŋeš}luh-x[NA]NA","{ŋeš}luh-x",0,"{ŋeš}luh-x[NA]NA"
"P271301",407,"r iii 40","ma[ship]N u[ten]NU gur[unit]N","{ŋeš}ma₂ u gur",0,"ma[ship]N_u[ten]NU_gur[unit]N"
"Q000001",79,"79","udu[sheep]N šum[slaughter]V/t","udu šum",0,"udu[sheep]N_šum[slaughter]V/t"
"P253874",12,"o 9","gabaŋal[guard]N gigir[chariot]N","{ŋeš}gaba-ŋal₂ gigir",0,"gabaŋal[guard]N_gigir[chariot]N"
"P332934",94,"o ii 11","manu[wood]N muran[tree]N","{ŋeš}ma-nu mur-ra-an",0,"manu[wood]N_muran[tree]N"
"Q000039",630,"564","igiŋal[weapon]N","{ŋeš}igi-ŋal₂",0,"igiŋal[weapon]N"
"Q000039",198,"164","guza[chair]N malah[sailor]N","{ŋeš}gu-za ma₂-lah₅",0,"guza[chair]N_malah[sailor]N"
"P303955",5,"o 3","he₂.BAD[trimmings]N ŋešnimbar[palm]N","{ŋeš}he₂-BAD ŋešnimbar",0,"he₂.BAD[trimmings]N_ŋešnimbar[palm]N"
"P271911",344,"r i 30'","niŋgul[hatchet]N","niŋ₂-gul",0,"niŋgul[hatchet]N"
"P235262",112,"d ii 17'","dub[knee]N bar[outside]V/t margida[cart]N","{ŋeš}dub₃ bar mar-gid₂-da",0,"dub[knee]N_bar[outside]V/t_margida[cart]N"
"P235262",71,"d i 14'","ma[ship]N nimin[forty]NU gur[unit]N","{ŋeš}ma₂ nimin gur",0,"ma[ship]N_nimin[forty]NU_gur[unit]N"
"P437074",125,"b iii 11''","{ŋeš}x-x[NA]NA","{ŋeš}x-x",0,"{ŋeš}x-x[NA]NA"
"P273880",688,"d ii 24'","gu₂.NE.saŋ.ŋa₂[container]N","{ŋeš}gu₂-ne-saŋ",0,"gu₂.NE.saŋ.ŋa₂[container]N"
"Q000001",459,"458","uzu[flesh]N ŋiripadra[bone]N hulu[bad]V/i gig[sick]V/i","uzu ŋiri₃-pad-ra₂ hul gig",0,"uzu[flesh]N_ŋiripadra[bone]N_hulu[bad]V/i_gig[sick]V/i"
"P271771",52,"o iv 8","pa[branch]N ŋešnimbar[palm]N","{ŋeš}pa ŋešnimbar",0,"pa[branch]N_ŋešnimbar[palm]N"
"P346714",130,"r iv 10'","niŋ[thing]N diš[one]NU giŋ[unit]N","{ŋeš}niŋ₂ diš giŋ₄",0,"niŋ[thing]N_diš[one]NU_giŋ[unit]N"
"P250736",110,"o iv 3","bisaŋ[basket]N x-x-x[NA]NA","{gi}bisaŋ x-x-x",0,"bisaŋ[basket]N_x-x-x[NA]NA"
"P247864",445,"r i 5","saŋ[head]N ŋešnud[bed]N","{ŋeš}saŋ nud",0,"saŋ[head]N_ŋešnud[bed]N"
"Q000001",365,"365","pešgigua[rodent]N","peš₂-{ŋeš}gi-e-gu₇-a",0,"pešgigua[rodent]N"
"P370399",58,"o ii 31'","ŋešnud[bed]N umbin[nail]N gud[ox]N","ŋeš-nud umbin gud",0,"ŋešnud[bed]N_umbin[nail]N_gud[ox]N"
"P250364",113,"r i 13'","{ŋeš}x[NA]NA","{ŋeš}x",0,"{ŋeš}x[NA]NA"
"P297194",7,"o 6","numun[seed]N usuh[tree]N","{ŋeš}numun u₃-suh₅",0,"numun[seed]N_usuh[tree]N"
"P332934",382,"r iv 16'","usakar[moon]N margida[cart]N","{ŋeš}u₄-sakar mar-gid₂-da",0,"usakar[moon]N_margida[cart]N"
"Q000039",168,"142a","{ŋeš}x-gu₂[NA]NA","{ŋeš}x-gu₂",0,"{ŋeš}x-gu₂[NA]NA"
"P388265",84,"iv 1","asal[poplar]N","{ŋeš}asal₂",0,"asal[poplar]N"
"P273880",275,"b ii 68","banšur[table]N kamisarru[pear-tree]N umbin[base]N tiʾarum[tree]N","{ŋeš}banšurₓ(|URU×IGI.URUDA|) ka-mi-sar-ru umbin ti-a-ru-um",0,"banšur[table]N_kamisarru[pear-tree]N_umbin[base]N_tiʾarum[tree]N"
"P459217",36,"ii 12'","ŋešaʾabak[tree]N","ŋeš-ab-ba",0,"ŋešaʾabak[tree]N"
"P250364",5,"o i 2","e[house]N gigir[chariot]N","{ŋeš}e₂ gigir",0,"e[house]N_gigir[chariot]N"
"P271792",7,"o 4'","x[NA]NA","x",0,"x[NA]NA"
"P253238",34,"r 11","manu[wood]N x[NA]NA sag[good]V/i","{ŋeš}ma-nu x sag₁₀",0,"manu[wood]N_x[NA]NA_sag[good]V/i"
"P253866",10,"o i 5'","ilila[lever]N","{ŋeš}il₂-il₂",0,"ilila[lever]N"
"P370399",125,"o iv 22'","{ŋeš}x[NA]NA gigir[chariot]N","{ŋeš}x gigir",0,"{ŋeš}x[NA]NA_gigir[chariot]N"
"P271771",127,"r ii 14'","emerah[jug]N tu[soup]N","{ŋeš}emerahₓ(|UD.HUB₂|) tu₇",0,"emerah[jug]N_tu[soup]N"
"P346714",88,"r iii 10'","{ŋeš}URI[NA]NA","{ŋeš}URI",0,"{ŋeš}URI[NA]NA"
"P224980",5,"o i 2","e[house]N gigir[chariot]N","{ŋeš}e₂ gigir",0,"e[house]N_gigir[chariot]N"
"P437074",85,"b ii 9''","guza[chair]N","{ŋeš}gu-za",0,"guza[chair]N"
"P247864",198,"o iv 9","gigir[chariot]N x-tum[NA]NA","{ŋeš}gigir x-tum",0,"gigir[chariot]N_x-tum[NA]NA"
"P370399",110,"o iv 7'","umbin[wheel]N gagsila[harness]N","{ŋeš}umbin gag-sal₄",0,"umbin[wheel]N_gagsila[harness]N"
"P429503",72,"o iii 11","ŋešnimbar[palm]N","{ŋeš}ŋešnimbar",0,"ŋešnimbar[palm]N"
"P429503",53,"o ii 22","manu[wood]N duru[wet]V/i","{ŋeš}ma-nu duru₅",0,"manu[wood]N_duru[wet]V/i"
"P347814",191,"c i 47'","dur[board]N gi-x[NA]NA","{ŋeš}dur₂ gi-x",0,"dur[board]N_gi-x[NA]NA"
"P388265",268,"r iv 8","šuʾa[stool]N kaskal[way]N","{ŋeš}šu₂-a kaskal",0,"šuʾa[stool]N_kaskal[way]N"
"P459226",35,"unknown","unknown","unknown",1,"unknown"
"P250736",238,"r ii 42","silim[vessel]N","{dug}{+silim}silim₂",0,"silim[vessel]N"
"P273880",382,"b iv 49","pana[bow]N","{ŋeš}pana",0,"pana[bow]N"
"P346714",165,"r v 01'","mar[shovel]N ninda[bread]N","{ŋeš}mar ninda",0,"mar[shovel]N_ninda[bread]N"
"P370399",196,"o vii 8'","{ŋeš}TU[NA]NA magid[boatman]N","{ŋeš}TU ma₂-gid₂",0,"{ŋeš}TU[NA]NA_magid[boatman]N"
"Q000001",272,"272","muš[snake]N ribba[plant]N","muš {u₂}rib-ba",0,"muš[snake]N_ribba[plant]N"
"P253866",75,"o iii 8'","{ŋeš}HI-KU[NA]NA","{ŋeš}HI-KU",0,"{ŋeš}HI-KU[NA]NA"
"P332934",221,"o iii 59","peš[frond]N tur[small]V/i mu-kun[NA]NA ŋešnimbar[palm]N","{ŋeš}peš tur mu-kun ŋešnimbar",0,"peš[frond]N_tur[small]V/i_mu-kun[NA]NA_ŋešnimbar[palm]N"
"P271911",170,"unknown","unknown","unknown",1,"unknown"
"P332934",370,"r iv 4'","usan[whip]N gud[ox]N","{ŋeš}usan₃ gud",0,"usan[whip]N_gud[ox]N"
"P273880",423,"c i 26","dur[board]N šeg[brick]N alura[baked]AJ","{ŋeš}dur₂ šeg₁₂ al-ur₃-ra",0,"dur[board]N_šeg[brick]N_alura[baked]AJ"
"P437074",111,"b iii 15'","guza[chair]N gar[knob]N kugbabbar[silver]N ŋar[place]V/t","{ŋeš}gu-za gar₃ kug-babbar ŋar",0,"guza[chair]N_gar[knob]N_kugbabbar[silver]N_ŋar[place]V/t"
"P247864",234,"o iv 45","ig[door]N papah[cella]N","{ŋeš}ig pa-pah",0,"ig[door]N_papah[cella]N"
"Q000039",110,"88","dala[thorn]N ŋešnimbar[palm]N","{ŋeš}dala₂ ŋešnimbar",0,"dala[thorn]N_ŋešnimbar[palm]N"
"P447996",64,"o iv 33","ŋeštin[vine]N babbar[white]V/i","{ŋeš}ŋeštin babbar",0,"ŋeštin[vine]N_babbar[white]V/i"
"P250736",86,"o iii 20","gigur[container]N libir[old]V/i","gi-gur libir",0,"gigur[container]N_libir[old]V/i"
"P271771",88,"o v 18","gurun[fruit]N","{ŋeš}gurun-na",0,"gurun[fruit]N"
"Q000001",425,"424","uzu[flesh]N si[horn]N masila[heel]N","uzu si ma-sila₃",0,"uzu[flesh]N_si[horn]N_masila[heel]N"
"P250736",182,"r i 36","guhšu[altar]N","{gi}gum₂-gum₂-šu₂",0,"guhšu[altar]N"
"P459216",5,"i 3","ŋešnu[tree]N","ŋeš-nu₁₁",0,"ŋešnu[tree]N"
"P273880",512,"c ii 57","ŋešnimbar[palm]N suhuš[offshoot]N","{ŋeš}ŋešnimbar suhušₓ(TUR)",0,"ŋešnimbar[palm]N_suhuš[offshoot]N"
"P271911",421,"r ii 29","x[NA]NA","x",0,"x[NA]NA"
"P346714",92,"r iii 14'","madal[pole]N","{ŋeš}mudla(BU)",0,"madal[pole]N"
"P250364",59,"unknown","unknown","unknown",999,"unknown"
"P346714",71,"r ii 39'","ŋešgina[~loom]N","ŋeš-gi-na",0,"ŋešgina[~loom]N"
"Q000039",611,"550","šunir[emblem]N","{ŋeš}šu-nir",0,"šunir[emblem]N"
"P429503",27,"o i 24","garan[bunch]N ŋeštin[vine]N","{ŋeš}ga-ra-na ŋeštin",0,"garan[bunch]N_ŋeštin[vine]N"
"P273880",550,"c iii 35","ŋešnimbar[palm]N x[NA]NA x-x[NA]NA","{ŋeš}ŋešnimbar x x-x",0,"ŋešnimbar[palm]N_x[NA]NA_x-x[NA]NA"
"P332930",15,"o 13","magilum[boat]N","{ŋeš}ma₂-gi-lum",0,"magilum[boat]N"
"P250364",91,"o v 12","sa[net]N gal[big]V/i","{ŋeš}sa gal",0,"sa[net]N_gal[big]V/i"
"P459217",14,"i 13'","hašhur[apple]N baza[dwarf]N","{ŋeš}hašhur ba-za",0,"hašhur[apple]N_baza[dwarf]N"
"P447996",179,"r ii 16","Mabarmul[1]ON","{ŋeš}ma₂-bar-mul",0,"Mabarmul[1]ON"
"Q000039",425,"380","ig[door]N sah[mat]N","{ŋeš}ig sah",0,"ig[door]N_sah[mat]N"
"P273712",4,"o 3'","ŋešrin[scales]N manala[weighmaster]N","ŋeš-rin₂ ma-na-la₂",0,"ŋešrin[scales]N_manala[weighmaster]N"
"P388265",257,"r iii 44","x[NA]NA gigir[chariot]N","x gigir",0,"x[NA]NA_gigir[chariot]N"
"P247864",363,"o vi 47","banšur[table]N dilim[spoon]N","{ŋeš}banšur dilim₂",0,"banšur[table]N_dilim[spoon]N"
"P250736",134,"o iv 27","gi[reed]N kud[cut]V/t","gi kud",0,"gi[reed]N_kud[cut]V/t"
"P388265",284,"r iv 24","ig[door]N eren[cedar]N","{ŋeš}ig {ŋeš}eren",0,"ig[door]N_eren[cedar]N"
"P250364",108,"r i 8'","balaŋdi[instrument]N","{ŋeš}balaŋ-di",0,"balaŋdi[instrument]N"
"P297185",5,"3","ilianum[tree]N","{ŋeš}i-li-a-nu-um",0,"ilianum[tree]N"
"P253228",69,"r ii 8'","šennur[plum]N","{ŋeš}šennur",0,"šennur[plum]N"
"P332934",43,"o i 39","hašhur[apple]N kurdilum[fruit-tree]N","{ŋeš}hašhur gur-di-mi-an-nu-um",0,"hašhur[apple]N_kurdilum[fruit-tree]N"
"P370399",135,"o iv 32'","ig[door]N miriza[plank]N","{ŋeš}ig ma-ri₂-za",0,"ig[door]N_miriza[plank]N"
"Q000039",70,"53","šurmen[cypress]N","{ŋeš}šu-ur₂-min₃",0,"šurmen[cypress]N"
"P332934",20,"o i 16","ŋeštinkira[berry]N","{ŋeš}ŋeštin-ŋir₂-ri-a",0,"ŋeštinkira[berry]N"
"P228596",2,"2","ganum[stand]N gal[big]V/i","{ŋeš}gan-nu-um gu-la",0,"ganum[stand]N_gal[big]V/i"
"P235262",117,"d ii 22'","gag[nail]N x[NA]NA x[NA]NA margida[cart]N","{ŋeš}gag x x mar-gid₂-da",0,"gag[nail]N_x[NA]NA_x[NA]NA_margida[cart]N"
"P332934",25,"o i 21","ŋeštin[vine]N sur[press]V/t","{ŋeš}ŋeštin sur",0,"ŋeštin[vine]N_sur[press]V/t"
"P429503",65,"o iii 4","urzinum[tree]N","{ŋeš}ur₂-zi-nu-um",0,"urzinum[tree]N"
"P271320",19,"o i 12'","guza[chair]N Magan[1]GN","{ŋeš}gu-za ma₂-gan-na",0,"guza[chair]N_Magan[1]GN"
"P253228",67,"r ii 6'","{ŋeš}x-x-x[NA]NA","{ŋeš}x-x-x",0,"{ŋeš}x-x-x[NA]NA"
"P492330",41,"unknown","unknown","unknown",999,"unknown"
"P271771",101,"r i 7'","na[box]N gal[big]V/i","{ŋeš}na gal",0,"na[box]N_gal[big]V/i"
"P271911",397,"r ii 12","x[NA]NA","x",0,"x[NA]NA"
"Q000001",379,"378","šah[pig]N gi[thicket]N","šah₂ {ŋeš}gi",0,"šah[pig]N_gi[thicket]N"
"P250370",5,"5","samana[tree]N","{ŋeš}sa-ma-num₂",0,"samana[tree]N"
"P271911",258,"o iv 25","šušana[fraction]N sila[unit]N","šušana sila₃",0,"šušana[fraction]N_sila[unit]N"
"P271301",198,"o iv 32","asal[poplar]N kur[mountain]N","{ŋeš}asal₂ kur",0,"asal[poplar]N_kur[mountain]N"
"P271301",313,"r i 41","{ŋeš}kab[NA]NA ŋešnud[bed]N","{ŋeš}kab nud",0,"{ŋeš}kab[NA]NA_ŋešnud[bed]N"
"P271301",336,"r ii 20","kuŋ[stair]N bad[wall]N","{ŋeš}kuŋ₄ bad₃",0,"kuŋ[stair]N_bad[wall]N"
"P271301",96,"o ii 44","tir[forest]N šen[pure]V/i","{ŋeš}tir šen-šen",0,"tir[forest]N_šen[pure]V/i"
"P271301",196,"o iv 30","tubala[harness]N ŋešnimbar[palm]N","{ŋeš}tubaₓ(EŠ₂)-la₂ ŋešnimbar",0,"tubala[harness]N_ŋešnimbar[palm]N"
"P253866",61,"o ii 25'","guza[chair]N šah[pig]N šum[slaughter]V/t","{ŋeš}gu-za šah₂ šum",0,"guza[chair]N_šah[pig]N_šum[slaughter]V/t"
"P253238",11,"o 8'","usuh[tree]N","{ŋeš}u₃-suh₅",0,"usuh[tree]N"
"P459218",35,"o ii 15'","garig[comb]N pamušenak[wing]N","{ŋeš}ga-rig₂ pa-mušen-na",0,"garig[comb]N_pamušenak[wing]N"
"P388265",43,"ii 26","eš[tree]N","{ŋeš}eš₂₂",0,"eš[tree]N"
"P271911",114,"o ii 37","gazinbu[pole]N","{+ki-ši-mu}BU",0,"gazinbu[pole]N"
"P447996",92,"o v 17","šennur[plum]N","{ŋeš}šennur",0,"šennur[plum]N"
"Q000039",511,"458","gag[nail]N nig[~plow]N apin[plow]N","{ŋeš}gag nig apin",0,"gag[nail]N_nig[~plow]N_apin[plow]N"
"P273880",272,"b ii 65","banšur[table]N gag[nail]N la[hang]V/t","{ŋeš}banšurₓ(|URU×IGI.URUDA|) gag{+gu} la₂",0,"banšur[table]N_gag[nail]N_la[hang]V/t"
"P271911",334,"unknown","unknown","unknown",1,"unknown"
"P253866",108,"r i 11","ma[ship]N x[NA]NA","{ŋeš}ma₂ x",0,"ma[ship]N_x[NA]NA"
"P332934",152,"o ii 68","ŋešnimbar[palm]N x[NA]NA","{ŋeš}ŋešnimbar x",0,"ŋešnimbar[palm]N_x[NA]NA"
"P247864",23,"o i 20","x[NA]NA","x",0,"x[NA]NA"
"Q000039",464,"415","ŋešgina[~loom]N","{ŋeš}niŋ₂-gi-na",0,"ŋešgina[~loom]N"
"P347814",232,"c ii 38'","miritum[instrument]N","{ŋeš}mi-ri₂-tum",0,"miritum[instrument]N"
"P271301",277,"r i 5","guza[chair]N UR-x-x[NA]NA","{ŋeš}gu-za UR-x-x",0,"guza[chair]N_UR-x-x[NA]NA"
"Q000039",765,"694","dur[balk]N si[horn]N","{ŋeš}dur si",0,"dur[balk]N_si[horn]N"
"P250736",79,"o iii 13","gigur[container]N še[barley]N amuš[unmng]N","gi-gur še a-muš",0,"gigur[container]N_še[barley]N_amuš[unmng]N"
"P447996",97,"o v 22","ŠU.KAL[tree]N","{ŋeš}|ŠU.KAL|",0,"ŠU.KAL[tree]N"
"P271301",33,"o i 30","peš[fig]N","{ŋeš}peš₃",0,"peš[fig]N"
"P332934",340,"r iii 43'","{ŋeš}x[NA]NA","{ŋeš}x",0,"{ŋeš}x[NA]NA"
"P388265",132,"r i 10","kag[mouth]N apin[plow]N","{ŋeš}ka apin",0,"kag[mouth]N_apin[plow]N"
"P228596",4,"4","ganum[stand]N a[water]N","{ŋeš}gan-nu-um a",0,"ganum[stand]N_a[water]N"
"P273880",526,"c iii 11","suhur[tuft]N ŋešnimbar[palm]N","{ŋeš}suhur ŋešnimbar",0,"suhur[tuft]N_ŋešnimbar[palm]N"
"P250364",148,"r iii 14'","{ŋeš}ra-x-x[NA]NA","{ŋeš}ra-x-x",0,"{ŋeš}ra-x-x[NA]NA"
"P273880",575,"c iv 7","{ŋeš}UD-x-x[NA]NA","{ŋeš}UD-x-x",0,"{ŋeš}UD-x-x[NA]NA"
"P271911",23,"o i 15'","ig[door]N libir[old]V/i","ig libir-ra",0,"ig[door]N_libir[old]V/i"
"P429504",31,"o iii' 12","zarsi[plant]N","{ŋeš}zar",0,"zarsi[plant]N"
"Q000039",21,"19","šinig[tamarisk]N dili[single]V/i","{ŋeš}šinig dili",0,"šinig[tamarisk]N_dili[single]V/i"
"P429503",11,"o i 8","ŋešgana[tree]N giggi[black]V/i","ŋeš-kin₂ giggi",0,"ŋešgana[tree]N_giggi[black]V/i"
"P273880",363,"unknown","unknown","unknown",5,"unknown"
"P271771",114,"r ii 1'","x[NA]NA x[NA]NA x[NA]NA","x x x",0,"x[NA]NA_x[NA]NA_x[NA]NA"
"P332934",154,"o ii 70","ŋešnimbar[palm]N al-x[NA]NA","{ŋeš}ŋešnimbar al-x",0,"ŋešnimbar[palm]N_al-x[NA]NA"
"P253238",4,"o 1'","šinig[tamarisk]N","{ŋeš}šinig",0,"šinig[tamarisk]N"
"P271911",233,"unknown","unknown","unknown",1,"unknown"
"Q000039",292,"256","naŋa[mortar]N še[barley]N","{ŋeš}naŋa₃ še",0,"naŋa[mortar]N_še[barley]N"
"P251649",10,"o 9","{ŋeš}šu-DU[NA]NA","{ŋeš}šu-DU",0,"{ŋeš}šu-DU[NA]NA"
"P253230",32,"o ii 10","apin[plow]N zir[break]V/t","{ŋeš}apin zi",0,"apin[plow]N_zir[break]V/t"
"P388265",157,"r i 35","esi[tree]N","{ŋeš}esi",0,"esi[tree]N"
"Q000039",43,"36","ildag[poplar]N bur[spread]V/t","{ŋeš}ildag₂ bur-ra",0,"ildag[poplar]N_bur[spread]V/t"
"P459218",24,"o ii 3'","barbar[shuttle]N","{ŋeš}bar-bar",0,"barbar[shuttle]N"
"P459216",169,"unknown","unknown","unknown",1,"unknown"
"Q000039",21,"19","šinig[tamarisk]N dili[single]V/i","{ŋeš}šinig dili",0,"šinig[tamarisk]N_dili[single]V/i"
"P273880",481,"c ii 25","{ŋeš}ma₂-HU[NA]NA nu-ub-sa[NA]NA","{ŋeš}ma₂-HU nu-ub-sa",0,"{ŋeš}ma₂-HU[NA]NA_nu-ub-sa[NA]NA"
"P250736",132,"o iv 25","endur[navel?]N kud[cut]V/t","{gi}en₃-dur kud",0,"endur[navel?]N_kud[cut]V/t"
"P271301",63,"o ii 11","lamtur[nut]N","{ŋeš}lam-tur",0,"lamtur[nut]N"
"Q000039",32,"27","pa[branch]N usuh[tree]N","{ŋeš}pa u₃-suh₅",0,"pa[branch]N_usuh[tree]N"
"P247864",153,"o iii 27","{ŋeš}x-x[NA]NA margida[cart]N","{ŋeš}x-x mar-gid₂-da",0,"{ŋeš}x-x[NA]NA_margida[cart]N"
"P459226",29,"o ii 9'","manu[wood]N","{ŋeš}ma-nu",0,"manu[wood]N"
"P273880",197,"b i 47'","saŋdu[beam]N","{ŋeš}saŋ-du",0,"saŋdu[beam]N"
"P273880",353,"b iv 16","{ŋeš}niŋ₂-x[NA]NA","{ŋeš}niŋ₂-x",0,"{ŋeš}niŋ₂-x[NA]NA"
"Q000039",225,"190","guza[chair]N esi[tree]N","{ŋeš}gu-za {ŋeš}esi",0,"guza[chair]N_esi[tree]N"
"P229426",9,"o 8","pap[relation]N pa-a[NA]NA PAP[NA]NA","pap pa-a PAP",0,"pap[relation]N_pa-a[NA]NA_PAP[NA]NA"
"P271301",348,"r ii 32","naŋa[mortar]N ŋeši[sesame]N","{ŋeš}naŋa₃ {še}ŋeš-i₃",0,"naŋa[mortar]N_ŋeši[sesame]N"
"P271301",324,"r ii 8","emerah[jug]N","{ŋeš}emerah",0,"emerah[jug]N"
"Q000039",266,"230","dilimgal[dish]N","{ŋeš}dilim₂-gal",0,"dilimgal[dish]N"
"P271301",22,"o i 19","ŋešbargana[bark]N","ŋeš-babbar",0,"ŋešbargana[bark]N"
"P273880",35,"a ii 2'","gag[nail]N dub[knee]N bar[outside]V/t apin[plow]N","{ŋeš}gag dub₃ bar apin",0,"gag[nail]N_dub[knee]N_bar[outside]V/t_apin[plow]N"
"P447996",218,"r iii 19","x-la[NA]NA ma[ship]N","x-la ma₂",0,"x-la[NA]NA_ma[ship]N"
"P271911",417,"r ii 26","sa[sinew]N eš[three]NU","sa uš",0,"sa[sinew]N_eš[three]NU"
"P459216",147,"r iii 14'","pešeš[~boat]N ma[ship]N","{ŋeš}peš-eš₃ ma₂",0,"pešeš[~boat]N_ma[ship]N"
"P388265",208,"r ii 35","niŋ[thing]N ya[five]NU giŋ[unit]N","{ŋeš}niŋ₂ ia₂ giŋ₄",0,"niŋ[thing]N_ya[five]NU_giŋ[unit]N"
"P229173",3,"o 2","mes[tree]N Kiʾengir[Sumer]GN","{ŋeš}mes ki-in-gi-ra",0,"mes[tree]N_Kiʾengir[Sumer]GN"
"P273880",274,"b ii 67","banšur[table]N murzanum[wooden-object]N","{ŋeš}banšurₓ(|URU×IGI.URUDA|) u₄-ru-za-nu-um",0,"banšur[table]N_murzanum[wooden-object]N"
"P492330",41,"unknown","unknown","unknown",999,"unknown"
"Q000039",616,"553","illar[weapon]N šub[fall]V/t","{ŋeš}illar šub",0,"illar[weapon]N_šub[fall]V/t"
"X100003",31,"r 15","peš[fig]N šergu[string]N","{ŋeš}peš₃ še-er-kum",0,"peš[fig]N_šergu[string]N"
"P247864",38,"o i 35","dih[weed]N hursaŋ[mountain]N","{ŋeš}dih₃ hur-saŋ",0,"dih[weed]N_hursaŋ[mountain]N"
"P250736",277,"r iii 38","gir[oven]N ŋeši[sesame]N","gir₄ {še}ŋeš-i₃",0,"gir[oven]N_ŋeši[sesame]N"
"P273880",24,"unknown","unknown","unknown",20,"unknown"
"P271301",464,"r iv 45","margida[cart]N Subir[1]GN","{ŋeš}mar-gid₂-da su-bir₄{ki}",0,"margida[cart]N_Subir[1]GN"
"P273880",347,"b iv 10","tigidlu[instrument]N","{ŋeš}tigidla",0,"tigidlu[instrument]N"
"Q000039",744,"673","gidubak[stylus]N","{ŋeš}gi-dub",0,"gidubak[stylus]N"
"P247864",198,"o iv 9","gigir[chariot]N x-tum[NA]NA","{ŋeš}gigir x-tum",0,"gigir[chariot]N_x-tum[NA]NA"
"Q000001",201,"201","gud[ox]N ki[place]N ŋar[place]V/t","gud ki ŋar",0,"gud[ox]N_ki[place]N_ŋar[place]V/t"
"Q000039",58,"50","mes[tree]N Magan[1]GN","{ŋeš}mes ma₂-gan-na",0,"mes[tree]N_Magan[1]GN"
"Q000039",223,"188","guza[chair]N silim[healthy]V/i","{ŋeš}gu-za silim",0,"guza[chair]N_silim[healthy]V/i"
"P346714",10,"r i 06'","{ŋeš}x[NA]NA","{ŋeš}x",0,"{ŋeš}x[NA]NA"
"P370399",112,"o iv 9'","DUB.du₃[~vehicle]N bar[outside]V/t","{ŋeš}ŠID bar",0,"DUB.du₃[~vehicle]N_bar[outside]V/t"
"P271301",239,"o v 12'","ŋešnaruak[~stele]N","ŋeš-na-ru₂-a",0,"ŋešnaruak[~stele]N"
"P459216",63,"iii 2","šag[heart]N ŋešnimbar[palm]N","{ŋeš}šag₄ ŋešnimbar",0,"šag[heart]N_ŋešnimbar[palm]N"
"P273880",655,"d i 38'","{ŋeš}TU-TU[NA]NA","{ŋeš}TU-TU",0,"{ŋeš}TU-TU[NA]NA"
"P273880",533,"c iii 18","kita[basket]N zulum[date]N ŋešnimbar[palm]N","{ŋeš}kid-da zu₂-lum ŋešnimbar",0,"kita[basket]N_zulum[date]N_ŋešnimbar[palm]N"
"Q000001",404,"403","uzu[flesh]N saŋdu[head]N","uzu saŋ-du",0,"uzu[flesh]N_saŋdu[head]N"
"P459227",7,"unknown","unknown","unknown",999,"unknown"
"P247864",50,"o i 47","pa[branch]N usuh[tree]N","{ŋeš}pa u₃-suh₅",0,"pa[branch]N_usuh[tree]N"
"P273880",348,"b iv 11","tigidlu[instrument]N kaskal[way]N","{ŋeš}tigidla kaskal",0,"tigidlu[instrument]N_kaskal[way]N"
"P459225",16,"r ii 3'","šukara[tool]N","{ŋeš}šu-kara₂",0,"šukara[tool]N"
"P271301",172,"o iv 6","{ŋeš}zi-x[NA]NA","{ŋeš}zi-x",0,"{ŋeš}zi-x[NA]NA"
"Q000039",413,"368","umbin[wheel]N margida[cart]N","{ŋeš}umbin mar-gid₂-da",0,"umbin[wheel]N_margida[cart]N"
"P388265",7,"i 9","mes.TU[tree]N","{ŋeš}mes-TU",0,"mes.TU[tree]N"
"P247864",173,"o iii 47","ŋušur[harrow]N NE[~reed]AJ du[all]V/i","{ŋeš}gana₂-ur₃ NE du₃",0,"ŋušur[harrow]N_NE[~reed]AJ_du[all]V/i"
"P253866",45,"o ii 9'","guza[chair]N sirda[cnne]N","{ŋeš}gu-za sir₃-da",0,"guza[chair]N_sirda[cnne]N"
"Q000039",74,"57","girim[flower]N","{ŋeš}gi-rim",0,"girim[flower]N"
"P253228",6,"o i 3","zu[tooth]N al[hoe]N","{ŋeš}zu₂ al",0,"zu[tooth]N_al[hoe]N"
"P332934",23,"o i 19","ŋeštin[vine]N garan[bunch]N","{ŋeš}ŋeštin ga-ra-an",0,"ŋeštin[vine]N_garan[bunch]N"
"Q000039",528,"472","u[ride]V/t ŋušur[harrow]N","{ŋeš}u₅ gana₂-ur₃",0,"u[ride]V/t_ŋušur[harrow]N"
"P388265",93,"iv 10","ŋešnimbar[palm]N kur[burn]V/t","{ŋeš}ŋešnimbar kur",0,"ŋešnimbar[palm]N_kur[burn]V/t"
"P332934",181,"o iii 17","ŋešnimbar[palm]N uhin[date]N ah[dry]V/i","{ŋeš}ŋešnimbar u₄-hi-in e₃",0,"ŋešnimbar[palm]N_uhin[date]N_ah[dry]V/i"
"P271771",9,"o ii 7","pa[branch]N usuh[tree]N","{ŋeš}pa u₃-suh₅",0,"pa[branch]N_usuh[tree]N"
"P253866",6,"o i 1'","{ŋeš}x[NA]NA balak[spindle]N","{ŋeš}x balak",0,"{ŋeš}x[NA]NA_balak[spindle]N"
"P271301",312,"r i 40","ŋešdi[rung]N ŋešnud[bed]N","ŋeš-di₅ nud",0,"ŋešdi[rung]N_ŋešnud[bed]N"
"P253233",41,"r i 9'","dada[tree]N","{ŋeš}da-da",0,"dada[tree]N"
"P429504",8,"o ii' 2","ŋešnimbar[palm]N uhin[date]N dug[good]V/i","{ŋeš}ŋešnimbar u₄-hi-in dug₃",0,"ŋešnimbar[palm]N_uhin[date]N_dug[good]V/i"
"P273880",400,"c i 3","gag[nail]N siŋar[bolt]N","{ŋeš}gag si-ŋar",0,"gag[nail]N_siŋar[bolt]N"
"P250736",123,"o iv 16","masab[basket]N šu[hand]N","{gi}ma-sa₂-ab šu",0,"masab[basket]N_šu[hand]N"
"P253863",5,"o 2","zu[tooth]N ŋušur[harrow]N","{ŋeš}zu₂ gana₂-ur₃",0,"zu[tooth]N_ŋušur[harrow]N"
"P429504",39,"r i 2'","guza[chair]N x[NA]NA","{ŋeš}gu-za x",0,"guza[chair]N_x[NA]NA"
"P250736",74,"o iii 8","kid[mat]N esir[bitumen]N šub[fall]V/t","{gi}kid esir šub",0,"kid[mat]N_esir[bitumen]N_šub[fall]V/t"
"P273880",160,"b i 3'","guza[chair]N gidim[ghost]N","{ŋeš}gu-za gidim",0,"guza[chair]N_gidim[ghost]N"
"P228596",10,"10","ebir[vessel-stand]N","{ŋeš}e-bi-ir",0,"ebir[vessel-stand]N"
"P273880",42,"a ii 9'","a[arm]N apin[plow]N","{ŋeš}a₂ apin",0,"a[arm]N_apin[plow]N"
"P332934",149,"o ii 65","ŋešnimbar[palm]N x[NA]NA","{ŋeš}ŋešnimbar x",0,"ŋešnimbar[palm]N_x[NA]NA"
"P388265",184,"r ii 11","DUB.du₃[~vehicle]N ŋar[place]V/t","{ŋeš}kišib₃-du₃ ŋar",0,"DUB.du₃[~vehicle]N_ŋar[place]V/t"
"P235262",122,"d ii 27'","KI.KAL[bottom]N margida[cart]N","{ŋeš}|KI.KAL| mar-gid₂-da",0,"KI.KAL[bottom]N_margida[cart]N"
"P429503",90,"o iii 29","ŋešnimbar[palm]N x[NA]NA","{ŋeš}ŋešnimbar x",0,"ŋešnimbar[palm]N_x[NA]NA"
"P271911",410,"r ii 21","dimlumagurak[instrument]N","dim₃-ma-mar-kur₄-ra",0,"dimlumagurak[instrument]N"
"P447996",105,"o v 30","ŋešnimbar[palm]N","{ŋeš}ŋešnimbar",0,"ŋešnimbar[palm]N"
"P349173",5,"unknown","unknown","unknown",999,"unknown"
"P253866",113,"unknown","unknown","unknown",999,"unknown"
"P459216",51,"ii 19","šennur[plum]N","{ŋeš}šennur",0,"šennur[plum]N"
"P271911",23,"o i 15'","ig[door]N libir[old]V/i","ig libir-ra",0,"ig[door]N_libir[old]V/i"
"Q000039",776,"705","argibil[structure]N","{ŋeš}ar-gibil₂",0,"argibil[structure]N"
"P253866",69,"o iii 2'","murgu[shoulder]N gud.si.AŠ[ram]N","{ŋeš}murgu₂ gud-si-AŠ",0,"murgu[shoulder]N_gud.si.AŠ[ram]N"
"P332934",217,"o iii 55","peš[frond]N ŋešnimbar[palm]N","{ŋeš}peš ŋešnimbar",0,"peš[frond]N_ŋešnimbar[palm]N"
"Q000039",433,"386","ig[door]N kan[gate]N tilla[street]N","{ŋeš}ig kan₄ tilla₂",0,"ig[door]N_kan[gate]N_tilla[street]N"
"Q000039",514,"460a","muš[snake]N apin[plow]N","{ŋeš}muš apin",0,"muš[snake]N_apin[plow]N"
"P388265",31,"ii 14","{ŋeš}NE-dar[NA]NA","{ŋeš}NE-dar",0,"{ŋeš}NE-dar[NA]NA"
"P247864",426,"o vii 45'","guza[chair]N gid[drag]V/t u[ten]NU kuš[skin]N","{ŋeš}gu-za gid₂ u kuš",0,"guza[chair]N_gid[drag]V/t_u[ten]NU_kuš[skin]N"
"P273880",254,"b ii 47","ŋeš[tree]N ya[five]NU giŋ[unit]N","ŋeš ia₂ giŋ₄",0,"ŋeš[tree]N_ya[five]NU_giŋ[unit]N"
"P332934",233,"o iv 4'","zarsi[plant]N","{ŋeš}zar",0,"zarsi[plant]N"
"P271301",47,"o i 44","hašhur[apple]N damšelum[plant]N","{ŋeš}hašhur dam-ši-lum",0,"hašhur[apple]N_damšelum[plant]N"
"P271911",205,"o iii 47'","gag[nail]N zara[pivot]N ŋušur[harrow]N","gag za-ra niŋ₂-gan₂-ur₃",0,"gag[nail]N_zara[pivot]N_ŋušur[harrow]N"
"P271771",100,"r i 6'","na[box]N","{ŋeš}na",0,"na[box]N"
"P225132",4,"o i 1","e[house]N ma[ship]N x[NA]NA","{ŋeš}e₂ ma₂ x",0,"e[house]N_ma[ship]N_x[NA]NA"
"P459217",28,"ii 4'","lamtur[nut]N","{ŋeš}lam-tur",0,"lamtur[nut]N"
"P247864",47,"o i 44","usuh[tree]N","{ŋeš}u₃-suh₅(EŠ₂)",0,"usuh[tree]N"
"P225033",4,"o i 1","targul[pole]N","{ŋeš}dar-gul",0,"targul[pole]N"
"P247864",124,"o ii 61","sala[~plow]N apin[plow]N","{ŋeš}sal-la apin",0,"sala[~plow]N_apin[plow]N"
"P459216",135,"r iii 2'","ma[ship]N x[NA]NA","{ŋeš}ma₂ x",0,"ma[ship]N_x[NA]NA"
"P459218",91,"o iv 9","{ŋeš}x[NA]NA","{ŋeš}x",0,"{ŋeš}x[NA]NA"
"P271911",492,"r iii 28","zirigum[irrigation-device]N","zi-ri-kum",0,"zirigum[irrigation-device]N"
"P347814",53,"a ii 24'","{ŋeš}x[NA]NA","{ŋeš}x",0,"{ŋeš}x[NA]NA"
"P459216",5,"i 3","ŋešnu[tree]N","ŋeš-nu₁₁",0,"ŋešnu[tree]N"
"P459217",57,"iii 7","zabalum[juniper]N","{ŋeš}za-ba-lum",0,"zabalum[juniper]N"
"P273880",283,"b iii 7","kaŋeškarak[table]N","{ŋeš}ka-kara₄",0,"kaŋeškarak[table]N"
"P459220",2,"1","ig[door]N","{ŋeš}ig",0,"ig[door]N"
"P349171",8,"o ii 3'","ŋešnud[bed]N Uri[Akkad]GN x[NA]NA ba-am₃-x[NA]NA","ŋeš-nud uri x ba-am₃-x",0,"ŋešnud[bed]N_Uri[Akkad]GN_x[NA]NA_ba-am₃-x[NA]NA"
"P271301",199,"o iv 33","asal[poplar]N hili[attractiveness]N","{ŋeš}asal₂ hi-li",0,"asal[poplar]N_hili[attractiveness]N"
"P459218",92,"o iv 13","{ŋeš}x[NA]NA","{ŋeš}x",0,"{ŋeš}x[NA]NA"
"P271911",206,"o iii 48'","u[ride]V/t ŋušur[harrow]N","u₅ niŋ₂-gan₂-ur₃",0,"u[ride]V/t_ŋušur[harrow]N"
"P253874",5,"o 2","mud[tube]N gigir[chariot]N","{ŋeš}mud₂ gigir",0,"mud[tube]N_gigir[chariot]N"
"P253228",54,"r i 18","{ŋeš}gi-gid₂[NA]NA","{ŋeš}gi-gid₂",0,"{ŋeš}gi-gid₂[NA]NA"
"P332939",32,"o ii 10","ildag[poplar]N x[NA]NA","{ŋeš}ildag₂ x",0,"ildag[poplar]N_x[NA]NA"
"Q000001",155,"155","sila[lamb]N gaba[chest]N","sila₄ gaba",0,"sila[lamb]N_gaba[chest]N"
"P459226",26,"o ii 6'","{ŋeš}x[NA]NA","{ŋeš}x",0,"{ŋeš}x[NA]NA"
"P346714",54,"r ii 22'","tugsaga[plow]N apin[plow]N","{ŋeš}tug₂-{+sa}saga₁₁ apin",0,"tugsaga[plow]N_apin[plow]N"
"P250736",125,"o iv 18","masab[basket]N ninda[bread]N gur[thick]V/i","{gi}ma-sa₂-ab ninda gur₄",0,"masab[basket]N_ninda[bread]N_gur[thick]V/i"
"P253228",63,"r ii 2'","{ŋeš}x[NA]NA","{ŋeš}x",0,"{ŋeš}x[NA]NA"
"Q000039",305,"268","ma[ship]N x[NA]NA","{ŋeš}ma₂ x",0,"ma[ship]N_x[NA]NA"
"P273880",7,"a i 3'","{ŋeš}x-x[NA]NA","{ŋeš}x-x",0,"{ŋeš}x-x[NA]NA"
"P273880",202,"b i 52'","targul[pole]N","{ŋeš}dar-dar-kak",0,"targul[pole]N"
"Q000001",480,"477","uzu[flesh]N ellaŋgun[kidney]N šag[heart]N","uzu ellaŋ₂-gun₃ šag₄",0,"uzu[flesh]N_ellaŋgun[kidney]N_šag[heart]N"
"P273880",18,"a i 15'","ŋeštinkaʾa[grape]N","{ŋeš}ŋeštin-ka₅-a",0,"ŋeštinkaʾa[grape]N"
"P247864",42,"o i 39","{ŋeš}mar-ra-tum[NA]NA","{ŋeš}mar-ra-tum",0,"{ŋeš}mar-ra-tum[NA]NA"
"P271911",524,"r iii 53","ubila[charcoal]N","u₅-bil₂-la₂",0,"ubila[charcoal]N"
"Q000039",213,"179","guza[chair]N Magan[1]GN","{ŋeš}gu-za ma₂-gan-na",0,"guza[chair]N_Magan[1]GN"
"P235262",83,"d i 26'","{ŋeš}šag₄-hi-li-a[NA]NA","{ŋeš}šag₄-hi-li-a",0,"{ŋeš}šag₄-hi-li-a[NA]NA"
"P332934",57,"o i 1'","aʾan[spadix]N usuh[tree]N","{ŋeš}an-na u₃-suh₅",0,"aʾan[spadix]N_usuh[tree]N"
"P250736",25,"o i 21","gi[reed]N x[NA]NA","gi x",0,"gi[reed]N_x[NA]NA"
"P271301",175,"o iv 9","mud[stump]N gaz[kill]V/t ŋešnimbar[palm]N","{ŋeš}mud gaz ŋešnimbar",0,"mud[stump]N_gaz[kill]V/t_ŋešnimbar[palm]N"
"P235262",9,"a i 5'","peš[fig]N","{ŋeš}peš₃",0,"peš[fig]N"
"P459217",18,"i 17'","šeše[tree]N","{ŋeš}še₃-še₃",0,"šeše[tree]N"
"P273880",619,"c iv 53","esi[tree]N","{ŋeš}esi",0,"esi[tree]N"
"P273880",716,"d iii 7'","e[house]N zana[doll]N","{ŋeš}e₂ za-na",0,"e[house]N_zana[doll]N"
"P229426",27,"r ii 1","ma[ship]N ušu[thirty]NU gur[unit]N","{ŋeš}ma₂ ušu₃ gur",0,"ma[ship]N_ušu[thirty]NU_gur[unit]N"
"P250736",168,"r i 22","{gi}x-an-sud[NA]NA","{gi}x-an-sud",0,"{gi}x-an-sud[NA]NA"
"P273880",114,"a iv 2'","nukušu[~door]N ana[upper]AJ","{ŋeš}nu-kuš₂ an-na",0,"nukušu[~door]N_ana[upper]AJ"
"Q000039",538,"482","al[hoe]N zu[tooth]N limmu[four]NU","{ŋeš}al zu₂ limmu",0,"al[hoe]N_zu[tooth]N_limmu[four]NU"
"P250736",13,"o i 9","saŋ[head]N ga-RI-a[NA]NA","{gi}saŋ ga-RI-a",0,"saŋ[head]N_ga-RI-a[NA]NA"
"P271301",452,"r iv 33","umbin[wheel]N gagsila[harness]N","{ŋeš}umbin gag-sal₄",0,"umbin[wheel]N_gagsila[harness]N"
"P332930",5,"o 3","maʾu[barge]N","{ŋeš}ma₂-u₅",0,"maʾu[barge]N"
"P228683",7,"r 4","hašhur[apple]N šeʾeštub[barley]N","{ŋeš}hašhur še-eštub",0,"hašhur[apple]N_šeʾeštub[barley]N"
"P247864",399,"o vii 18'","{ŋeš}x-a[NA]NA","{ŋeš}x-a",0,"{ŋeš}x-a[NA]NA"
"Q000001",190,"190","gud[ox]N kur[mountain]N","gud kur",0,"gud[ox]N_kur[mountain]N"
"P437074",57,"unknown","unknown","unknown",999,"unknown"
"P225126",5,"o i 3","ma[ship]N {ŋeš}x[NA]NA","{ŋeš}ma₂ {ŋeš}x",0,"ma[ship]N_{ŋeš}x[NA]NA"
"P247864",332,"o vi 16","gagsisa[arrow]N","{ŋeš}gag-si-sa₂",0,"gagsisa[arrow]N"
"P332934",364,"r iv 21","gag[nail]N zara[pivot]N gigir[chariot]N","{ŋeš}gag za-ra gigir",0,"gag[nail]N_zara[pivot]N_gigir[chariot]N"
"P271911",259,"o iv 26","eš[three]NU sila[unit]N","eš₅ sila₃",0,"eš[three]NU_sila[unit]N"
"P432448",13,"o 7'","ŋešgana[tree]N babbar[white]V/i","ŋeš-kin₂ babbar",0,"ŋešgana[tree]N_babbar[white]V/i"
"P271301",174,"o iv 8","mud[stump]N ŋešnimbar[palm]N","{ŋeš}mud ŋešnimbar",0,"mud[stump]N_ŋešnimbar[palm]N"
"P459216",10,"i 8","šagkal[tree]N","{ŋeš}šag₄-kal",0,"šagkal[tree]N"
"P347814",231,"c ii 37'","sabitum[instrument]N","{ŋeš}sa-bi₂-tum",0,"sabitum[instrument]N"
"P271911",153,"unknown","unknown","unknown",1,"unknown"
"P271301",385,"r iii 18","ma[ship]N Mari[1]SN","{ŋeš}ma₂ ma₂-ri₂{ki}",0,"ma[ship]N_Mari[1]SN"
"P271301",275,"r i 3","guza[chair]N x[NA]NA","{ŋeš}gu-za x",0,"guza[chair]N_x[NA]NA"
"P447996",123,"r i 5","ŋešnimbar[palm]N lipiš[innards]N bur[tear]V/t","{ŋeš}ŋešnimbar lipiš bur₁₂",0,"ŋešnimbar[palm]N_lipiš[innards]N_bur[tear]V/t"
"P459217",176,"r iv 10","guza[chair]N mes[tree]N","{ŋeš}gu-za {ŋeš}mes",0,"guza[chair]N_mes[tree]N"
"P247864",375,"o vi 59","bisaŋ[basket]N","{ŋeš}bisaŋ",0,"bisaŋ[basket]N"
"P247543",4,"o 2","ma[ship]N x[NA]NA gur[unit]N","{ŋeš}ma₂ x gur",0,"ma[ship]N_x[NA]NA_gur[unit]N"
"P347814",96,"b i 21'","{ŋeš}x[NA]NA apin[plow]N","{ŋeš}x apin",0,"{ŋeš}x[NA]NA_apin[plow]N"
"P437074",180,"unknown","unknown","unknown",2,"unknown"
"P250362",1,"1","ba[tool]N šab[cut]V/t","{ŋeš}ba šab",0,"ba[tool]N_šab[cut]V/t"
"Q000001",177,"177","gud[ox]N ŋeštaga[sacrifice]N","gud ŋeš-tag-ga",0,"gud[ox]N_ŋeštaga[sacrifice]N"
"P253245",14,"o 10","eškiri[rope]N","{ŋeš}eškiri₂",0,"eškiri[rope]N"
"Q000039",111,"89","mud[stump]N ŋešnimbar[palm]N","{ŋeš}mud ŋešnimbar",0,"mud[stump]N_ŋešnimbar[palm]N"
"P253233",60,"r ii 10'","šimgig[tree]N","{ŋeš}šim-gig",0,"šimgig[tree]N"
"P346872",3,"o 2","na[box]N gal[big]V/i","{ŋeš}na₅ gal",0,"na[box]N_gal[big]V/i"
"P347516",2,"o 1","ŋešnud[bed]N","ŋeš-nud",0,"ŋešnud[bed]N"
"P225059",6,"o i 3","emerah[jug]N x[NA]NA","{ŋeš}emerah x",0,"emerah[jug]N_x[NA]NA"
"P347814",261,"d i 16'","{ŋeš}x-giŋ₄-x-si[NA]NA","{ŋeš}x-giŋ₄-x-si",0,"{ŋeš}x-giŋ₄-x-si[NA]NA"
"P273880",612,"c iv 46","maš[plant]N","{ŋeš}maš",0,"maš[plant]N"
"P247864",383,"o vii 2'","{ŋeš}x[NA]NA","{ŋeš}x",0,"{ŋeš}x[NA]NA"
"P273880",101,"a iii 40'","ig[door]N i[oil]N","{ŋeš}ig i₃",0,"ig[door]N_i[oil]N"
"Q000039",686,"618","dua[instrument]N","{ŋeš}du₃-a",0,"dua[instrument]N"
"Q000001",300,"300","nig[dog]N amar[young]N","nig amar",0,"nig[dog]N_amar[young]N"
"P271301",115,"o iii 3","eren[cedar]N","{ŋeš}eren",0,"eren[cedar]N"
"P388265",139,"r i 17","a[arm]N apin[plow]N","{ŋeš}a₂ apin",0,"a[arm]N_apin[plow]N"
"P346869",3,"o 2","ŋešdal[crossbar]N guza[chair]N","ŋeš-dal gu-za",0,"ŋešdal[crossbar]N_guza[chair]N"
"P271301",94,"o ii 42","tir[forest]N eren[cedar]N","{ŋeš}tir {ŋeš}eren",0,"tir[forest]N_eren[cedar]N"
"P253228",72,"r ii 11'","ŋeštinguruma[~vine]N","{ŋeš}ŋeštin-GAM",0,"ŋeštinguruma[~vine]N"
"Q000039",573,"516","bariga[unit]N","{ŋeš}ba-ri₂-ga",0,"bariga[unit]N"
"P459226",37,"o iii 1'","{ŋeš}x[NA]NA","{ŋeš}x",0,"{ŋeš}x[NA]NA"
"Q000039",590,"531","sa[net]N gi[thicket]N","{ŋeš}sa {ŋeš}gi",0,"sa[net]N_gi[thicket]N"
"P299494",1,"1","na[box]N","{ŋeš}na",0,"na[box]N"
"Q000039",605,"545","ligima[shoot]N","{ŋeš}ligima(|IGI.TUR.TUR|)",0,"ligima[shoot]N"
"P429503",104,"r i' 8'","{ŋeš}x[NA]NA","{ŋeš}x",0,"{ŋeš}x[NA]NA"
"P273880",172,"b i 15'","saŋ[head]N guza[chair]N","{ŋeš}saŋ gu-za",0,"saŋ[head]N_guza[chair]N"
"Q000039",406,"361","saŋkul[bolt]N margida[cart]N","{ŋeš}saŋ-kul mar-gid₂-da",0,"saŋkul[bolt]N_margida[cart]N"
"P235262",53,"c ii 31'","tukul[weapon]N naŋasikaz[pestle]N","{ŋeš}tukul naŋa₃-si₃-gaz",0,"tukul[weapon]N_naŋasikaz[pestle]N"
"P370399",62,"o iii 1'","guza[chair]N taškarin[boxwood]N","{ŋeš}gu-za {ŋeš}taškarin",0,"guza[chair]N_taškarin[boxwood]N"
"P271911",91,"o ii 17","balak[spindle]N","balak",0,"balak[spindle]N"
"P346714",144,"r iv 24'","x[NA]NA igi-x[NA]NA","x igi-x",0,"x[NA]NA_igi-x[NA]NA"
"P347814",285,"d ii 13'","{ŋeš}al-x-MA[NA]NA","{ŋeš}al-x-MA",0,"{ŋeš}al-x-MA[NA]NA"
"P228196",12,"12","matgan[stand]N","{ŋeš}mat-gan",0,"matgan[stand]N"
"P492330",36,"r i 6'","{ŋeš}saŋ-x[NA]NA","{ŋeš}saŋ-x",0,"{ŋeš}saŋ-x[NA]NA"
"Q000039",224,"189","guza[chair]N taškarin[boxwood]N","{ŋeš}gu-za {ŋeš}taškarin",0,"guza[chair]N_taškarin[boxwood]N"
"P271911",290,"o iv 52","saʾad[trap?]N","sa-ad",0,"saʾad[trap?]N"
"P250364",143,"r iii 9'","{ŋeš}x-x[NA]NA","{ŋeš}x-x",0,"{ŋeš}x-x[NA]NA"
"P247864",208,"o iv 19","ilila[lever]N","{ŋeš}il₂-il₂",0,"ilila[lever]N"
"P250736",42,"o ii 14","gi[reed]N kešed[bind]V/t","gi keš₂",0,"gi[reed]N_kešed[bind]V/t"
"P370399",34,"unknown","unknown","unknown",1,"unknown"
"P273880",613,"c iv 47","sugin[rot]N","{ŋeš}sugin",0,"sugin[rot]N"
"P429503",122,"r i' 26'","emesig[plank]N","{ŋeš}eme-sig-ga",0,"emesig[plank]N"
"P459216",50,"ii 18","mes[tree]N halub[tree]N harran[route]N","{ŋeš}mes ha-lu-ub₂ har-ra-an",0,"mes[tree]N_halub[tree]N_harran[route]N"
"Q000039",663,"597","balaŋ[instrument]N","{ŋeš}balaŋ",0,"balaŋ[instrument]N"
"P346714",163,"unknown","unknown","unknown",2,"unknown"
"P459217",179,"unknown","unknown","unknown",2,"unknown"
"P247864",25,"o i 22","x-um[NA]NA","x-um",0,"x-um[NA]NA"
"P347814",215,"c ii 21'","maršebad[winnowing-shovel]N","{ŋeš}mar-še-bad",0,"maršebad[winnowing-shovel]N"
"Q000039",764,"693","dur[balk]N","{ŋeš}dur",0,"dur[balk]N"
"P492330",28,"unknown","unknown","unknown",999,"unknown"
"P459216",82,"iii 21","pešbandazi[offshoot]N ŋešnimbar[palm]N","{ŋeš}peš-banda₃-zi ŋešnimbar",0,"pešbandazi[offshoot]N_ŋešnimbar[palm]N"
"P253228",42,"r i 6","ŋipar[tree]N ah[dry]V/i","{ŋeš}ŋi₆-par₄ e₃",0,"ŋipar[tree]N_ah[dry]V/i"
"Q000039",254,"218","ŋešnud[bed]N umbin[nail]N","ŋeš-nud umbin",0,"ŋešnud[bed]N_umbin[nail]N"
"P388265",18,"i 20","urzinum[tree]N","{ŋeš}ur-zi-nu-um",0,"urzinum[tree]N"
"P273880",690,"d ii 26'","šu[handle]N kin[sickle]N","{ŋeš}šu kin",0,"šu[handle]N_kin[sickle]N"
"P253233",41,"r i 9'","dada[tree]N","{ŋeš}da-da",0,"dada[tree]N"
"P271301",293,"r i 21","šuʾa[stool]N tibira[sculptor]N","{ŋeš}šuaₓ(|ŠU₂×(A.DIŠ)|) tibira(|URUDA.NAGAR|)",0,"šuʾa[stool]N_tibira[sculptor]N"
"P347814",228,"c ii 34'","dupsik[basket]N zala[smashed]N","{ŋeš}dupsik za-lal₂",0,"dupsik[basket]N_zala[smashed]N"
"Q000039",714,"645","ŋisal[rudder]N","{ŋeš}ŋisal",0,"ŋisal[rudder]N"
"P332934",191,"o iii 27","ŋešnimbar[palm]N uhin[date]N sissig[green]V/i","{ŋeš}ŋešnimbar u₄-hi-in sig₇-sig₇",0,"ŋešnimbar[palm]N_uhin[date]N_sissig[green]V/i"
"P447996",14,"o iii 10'","samana[tree]N","{ŋeš}sa-ma-num₂",0,"samana[tree]N"
"P271320",59,"r ii' 7'","umbin[wheel]N margida[cart]N","{ŋeš}umbin mar-gid₂-da",0,"umbin[wheel]N_margida[cart]N"
"P247864",45,"o i 42","manu[wood]N šub[fall]V/t","{ŋeš}ma-nu šub",0,"manu[wood]N_šub[fall]V/t"
"P388265",338,"r v 23","ŋešpu[rim]N","{ŋeš}ŋešpu₂",0,"ŋešpu[rim]N"
"P459216",41,"ii 9","nurma[pomegranate]N","{ŋeš}nu-ur₂-ma",0,"nurma[pomegranate]N"
"P271771",59,"o iv 15","mud[tube]N gaz[kill]V/t ŋešnimbar[palm]N","{ŋeš}mud gaz ŋešnimbar",0,"mud[tube]N_gaz[kill]V/t_ŋešnimbar[palm]N"
"P271911",477,"r iii 16","tukul[weapon]N manu[wood]N","tukul {ŋeš}ma-nu",0,"tukul[weapon]N_manu[wood]N"
"P347814",138,"b ii 22'","pana[bow]N","{ŋeš}pana",0,"pana[bow]N"
"P332934",206,"o iii 42","gag[nail]N zena[midrib]N ŋešnimbar[palm]N","{ŋeš}gag zi-na-na ŋešnimbar",0,"gag[nail]N_zena[midrib]N_ŋešnimbar[palm]N"
"P447996",16,"o iii 12'","tulubum[tree]N","{ŋeš}dili-bu",0,"tulubum[tree]N"
"P247864",91,"o ii 28","{ŋeš}x[NA]NA x[NA]NA","{ŋeš}x x",0,"{ŋeš}x[NA]NA_x[NA]NA"
"P271911",616,"unknown","unknown","unknown",1,"unknown"
"P253228",56,"r i 20","{ŋeš}x[NA]NA x-gid₂[NA]NA","{ŋeš}x x-gid₂",0,"{ŋeš}x[NA]NA_x-gid₂[NA]NA"
"P370399",67,"o iii 6'","guza[chair]N malah[sailor]N","{ŋeš}gu-za ma₂-lah₅",0,"guza[chair]N_malah[sailor]N"
"P332934",115,"o ii 32","mes[tree]N","{ŋeš}mes",0,"mes[tree]N"
"P437074",67,"b ii 10'","kila[weight]N","{ŋeš}ki-la₂-bi",0,"kila[weight]N"
"P388265",276,"r iv 16","ig[door]N","{ŋeš}ig",0,"ig[door]N"
"P273880",640,"d i 20'","{ŋeš}AŠ-GIŠ[NA]NA","{ŋeš}AŠ-GIŠ",0,"{ŋeš}AŠ-GIŠ[NA]NA"
"P492330",9,"o i 7","ŋeš[tree]N šuš[cut]V/t","ŋeš šu₄",0,"ŋeš[tree]N_šuš[cut]V/t"
"P459217",8,"i 7'","peš[fig]N","{ŋeš}peš₃",0,"peš[fig]N"
"P273244",11,"r 4","ig[door]N ŋešnimbar[palm]N","{ŋeš}ig {ŋeš}ŋešnimbar",0,"ig[door]N_ŋešnimbar[palm]N"
"P250736",98,"o iii 32","mansim[sieve]N niŋara[groats]N","{gi}ma-an-sim niŋ₂-ar₃-ra",0,"mansim[sieve]N_niŋara[groats]N"
"P273880",178,"unknown","unknown","unknown",8,"unknown"
"Q000039",211,"177","guza[chair]N kadu[cover]N du[build]V/t","{ŋeš}gu-za ka-dug₃ du₃",0,"guza[chair]N_kadu[cover]N_du[build]V/t"
"P347814",53,"a ii 24'","{ŋeš}x[NA]NA","{ŋeš}x",0,"{ŋeš}x[NA]NA"
"P235262",85,"d i 28'","gigir[chariot]N","{ŋeš}gigir",0,"gigir[chariot]N"
"P247864",218,"o iv 29","balak[spindle]N","{ŋeš}balak",0,"balak[spindle]N"
"P459216",65,"iii 4","suhur[tuft]N ŋešnimbar[palm]N","{ŋeš}suhur ŋešnimbar",0,"suhur[tuft]N_ŋešnimbar[palm]N"
"P235262",40,"unknown","unknown","unknown",4,"unknown"
"Q000039",437,"390","usakar[moon]N ig[door]N","{ŋeš}u₄-sakar ig",0,"usakar[moon]N_ig[door]N"
"P429504",48,"r i 11'","guza[chair]N gar[knob]N x[NA]NA","{ŋeš}gu-za gar₃ x",0,"guza[chair]N_gar[knob]N_x[NA]NA"
"P250364",77,"o iv 17","{ŋeš}x[NA]NA","{ŋeš}x",0,"{ŋeš}x[NA]NA"
"P250736",61,"o ii 35","dur[bond]N aŋi[wave]N","{gi}dur a-ŋi₆",0,"dur[bond]N_aŋi[wave]N"
"Q000001",330,"330","eh[insect]N","eh",0,"eh[insect]N"
"P250736",139,"o iv 32","zu[tooth]N","{gi}zu₂",0,"zu[tooth]N"
"P271911",110,"unknown","unknown","unknown",1,"unknown"
"P250736",162,"r i 16","gihan[basket]N siki[hair]N","gi-ha-an siki",0,"gihan[basket]N_siki[hair]N"
"P253238",30,"r 7","ŋipar[tree]N","{ŋeš}ŋi₆-par₄",0,"ŋipar[tree]N"
"P271911",72,"o i 50'","x[NA]NA","x",0,"x[NA]NA"
"Q000001",462,"460","uzu[flesh]N terzum[presentation]N","uzu te-er-zum",0,"uzu[flesh]N_terzum[presentation]N"
"Q000039",507,"454","niŋŋeštug[~plow]N apin[plow]N","{ŋeš}niŋ₂-ŋeštug apin",0,"niŋŋeštug[~plow]N_apin[plow]N"
"Q000039",654,"588","mar[shovel]N zabar[bronze]N","{ŋeš}mar zabar",0,"mar[shovel]N_zabar[bronze]N"
"P388265",119,"iv 36","suhur[tuft]N ŋešnimbar[palm]N","{ŋeš}suhur ŋešnimbar",0,"suhur[tuft]N_ŋešnimbar[palm]N"
"P271320",11,"unknown","unknown","unknown",1,"unknown"
"P429503",128,"r ii' 4'","ma[ship]N Šaghula[1]ON","{ŋeš}ma₂ {d}šag₄-hul₂-a",0,"ma[ship]N_Šaghula[1]ON"
"P332930",4,"o 2","magur[barge]N","{ŋeš}ma₂-gur",0,"magur[barge]N"
"P253923",3,"o 1","endur[navel?]N margida[cart]N","{ŋeš}en₃-dur mar-gid₂-da",0,"endur[navel?]N_margida[cart]N"
"P249383",4,"o 2","e[house]N usan[whip]N la[hang]V/t gigir[chariot]N","{ŋeš}e₂ usan₃ la₂ gigir",0,"e[house]N_usan[whip]N_la[hang]V/t_gigir[chariot]N"
"P271911",605,"r v 1","ganum[stand]N ga[milk]N","{ŋeš}ŋa₂-an-nu ga",0,"ganum[stand]N_ga[milk]N"
"P437074",70,"b ii 13'","tun[container]N","{ŋeš}{gi}tun₃",0,"tun[container]N"
"P388265",267,"r iv 7","šuʾa[stool]N dus[bathroom]N","{ŋeš}šu₂-a du₁₀-us₂",0,"šuʾa[stool]N_dus[bathroom]N"
"P271301",136,"o iii 24","ŋešnimbar[palm]N kur[mountain]N","{ŋeš}ŋešnimbar kur",0,"ŋešnimbar[palm]N_kur[mountain]N"
"P459216",121,"r ii 6'","{ŋeš}x[NA]NA","{ŋeš}x",0,"{ŋeš}x[NA]NA"
"P271301",161,"o iii 49","ŋešnimbar[palm]N maštab[twin]N","{ŋeš}ŋešnimbar maš-tab",0,"ŋešnimbar[palm]N_maštab[twin]N"
"P271911",185,"o iii 30'","leʾum[board]N apin[plow]N","le-u₅-um apin",0,"leʾum[board]N_apin[plow]N"
"P388265",157,"r i 35","esi[tree]N","{ŋeš}esi",0,"esi[tree]N"
"P250370",2,"2","kišig[acacia]N","{ŋeš}kišig",0,"kišig[acacia]N"
"P332934",335,"r iii 38'","{ŋeš}x[NA]NA","{ŋeš}x",0,"{ŋeš}x[NA]NA"
"P447996",37,"o iv 6","šinig[tamarisk]N dili[single]V/i","{ŋeš}šinig dili",0,"šinig[tamarisk]N_dili[single]V/i"
"P370399",108,"o iv 5'","zara[pivot]N gagsila[harness]N","{ŋeš}za-ra gag-sal₄",0,"zara[pivot]N_gagsila[harness]N"
"P332939",12,"o i 9","ŋešgana[tree]N su[red]V/i","ŋeš-kin₂ sa₅",0,"ŋešgana[tree]N_su[red]V/i"
"P250368",5,"o 3","ama[mother]N ŋešnimbar[palm]N","{ŋeš}ama ŋešnimbar",0,"ama[mother]N_ŋešnimbar[palm]N"
"P347814",10,"a i 8'","ig[door]N zena[midrib]N","{ŋeš}ig ze₂-na",0,"ig[door]N_zena[midrib]N"
"P273880",19,"a i 16'","ŋeštin[vine]N nim[high]V/i","{ŋeš}ŋeštin nim",0,"ŋeštin[vine]N_nim[high]V/i"
"P429503",111,"r i' 15'","buniŋ[trough]N x[NA]NA","{ŋeš}buniŋ x",0,"buniŋ[trough]N_x[NA]NA"
"P229426",7,"o 6","laʾu[arrears]N la-u₂[NA]NA |LAL₂.KAK|[NA]NA","laʾu₄ la-u₂ |LAL₂.KAK|",0,"laʾu[arrears]N_la-u₂[NA]NA_|LAL₂.KAK|[NA]NA"
"P273712",5,"o 4'","e[house]N ŋešrin[scales]N","{ŋeš}e₂ rin₂",0,"e[house]N_ŋešrin[scales]N"
"P346714",82,"r iii 04'","kur[wood]N","{ŋeš}kur",0,"kur[wood]N"
"P429503",80,"o iii 19","ŋešnimbar[palm]N x[NA]NA","{ŋeš}ŋešnimbar x",0,"ŋešnimbar[palm]N_x[NA]NA"
"Q000001",502,"498","uzu[flesh]N ŋeš[penis]N","uzu ŋeš₃",0,"uzu[flesh]N_ŋeš[penis]N"
"P370399",127,"o iv 24'","{ŋeš}x[NA]NA","{ŋeš}x",0,"{ŋeš}x[NA]NA"
"P273880",439,"c i 44","miriza[plank]N","{ŋeš}mi-ri₂-za",0,"miriza[plank]N"
"Q000001",23,"23","udu[sheep]N diŋir[deity]N gu[eat]V/t","udu diŋir gu₇",0,"udu[sheep]N_diŋir[deity]N_gu[eat]V/t"
"P271301",4,"o i 1","taškarin[boxwood]N","{ŋeš}taškarin",0,"taškarin[boxwood]N"
"Q000001",254,"254","eme[donkey]N","eme₅",0,"eme[donkey]N"
"P253238",30,"r 7","ŋipar[tree]N","{ŋeš}ŋi₆-par₄",0,"ŋipar[tree]N"
"P271771",46,"o iv 2","ŋešnimbar[palm]N munus[woman]N","{ŋeš}ŋešnimbar mi",0,"ŋešnimbar[palm]N_munus[woman]N"
"P273880",717,"d iii 8'","ŋeš[tree]N zu[tooth]N kešed[bind]V/t","ŋeš zu₂ keš₂",0,"ŋeš[tree]N_zu[tooth]N_kešed[bind]V/t"
"P247864",245,"o iv 56","{ŋeš}|ŠE.KIN|[NA]NA","{ŋeš}|ŠE.KIN|",0,"{ŋeš}|ŠE.KIN|[NA]NA"
"P332934",244,"o iv 15'","maš[plant]N","{ŋeš}maš-maš",0,"maš[plant]N"
"P247864",255,"o v 3","sumungi[tool]N","{ŋeš}sumun-gi",0,"sumungi[tool]N"
"P271911",614,"r v 11","alan[statue]N","alan",0,"alan[statue]N"
"P459216",50,"ii 18","mes[tree]N halub[tree]N harran[route]N","{ŋeš}mes ha-lu-ub₂ har-ra-an",0,"mes[tree]N_halub[tree]N_harran[route]N"
"P271911",195,"o iii 39'","da[line]N apin[plow]N","da-da apin",0,"da[line]N_apin[plow]N"
"P459217",119,"r i 5'","{ŋeš}pa-sikil-x[NA]NA","{ŋeš}pa-sikil-x",0,"{ŋeš}pa-sikil-x[NA]NA"
"P347814",273,"d ii 1'","{ŋeš}x[NA]NA","{ŋeš}x",0,"{ŋeš}x[NA]NA"
"P247864",253,"o v 1","{ŋeš}x-x[NA]NA","{ŋeš}x-x",0,"{ŋeš}x-x[NA]NA"
"P429503",160,"r iii' 3'","usan[whip]N anše[equid]N","{ŋeš}usan₃ anše",0,"usan[whip]N_anše[equid]N"
"P273880",163,"b i 6'","guza[chair]N x-x[NA]NA","{ŋeš}gu-za x-x",0,"guza[chair]N_x-x[NA]NA"
"P332934",271,"unknown","unknown","unknown",999,"unknown"
"Q000001",402,"401","šaran[pestle-bottom]N","|DAG.KISIM₅×SI|",0,"šaran[pestle-bottom]N"
"P273880",446,"c i 51","{ŋeš}x-ga[NA]NA","{ŋeš}x-ga",0,"{ŋeš}x-ga[NA]NA"
"Q000039",9,"7","ŋeš[tree]N giggi[black]V/i","ŋeš giggi",0,"ŋeš[tree]N_giggi[black]V/i"
"P250736",268,"r iii 29","dug[pot]N zur[break]V/t","dug zur-zur",0,"dug[pot]N_zur[break]V/t"
"P225126",5,"o i 3","ma[ship]N {ŋeš}x[NA]NA","{ŋeš}ma₂ {ŋeš}x",0,"ma[ship]N_{ŋeš}x[NA]NA"
"P271911",499,"r iii 34","x-x[NA]NA","x-x",0,"x-x[NA]NA"
"P250364",66,"o iv 6","al[hoe]N","{ŋeš}al",0,"al[hoe]N"
"P388265",323,"r v 8","naŋa[mortar]N ŋeši[sesame]N","{ŋeš}naŋa₄ {še}ŋeš-i₃",0,"naŋa[mortar]N_ŋeši[sesame]N"
"P388265",303,"r iv 44","SAL.UŠ[sheath]N x[NA]NA","{ŋeš}|SAL.UŠ| x",0,"SAL.UŠ[sheath]N_x[NA]NA"
"P271301",141,"o iii 29","ŋešnimbar[palm]N šab[cut]V/t","{ŋeš}ŋešnimbar šab",0,"ŋešnimbar[palm]N_šab[cut]V/t"
"P459226",32,"o ii 12'","manu[wood]N lu[mix]V/t","{ŋeš}ma-nu lu₂",0,"manu[wood]N_lu[mix]V/t"
"P228105",16,"unknown","unknown","unknown",999,"unknown"
"P253866",65,"o ii 29'","{ŋeš}x[NA]NA guza[chair]N","{ŋeš}x gu-za",0,"{ŋeš}x[NA]NA_guza[chair]N"
"P271911",269,"o iv 35","1/2[NA]NA giŋ[unit]N","1/2 giŋ₄",0,"1/2[NA]NA_giŋ[unit]N"
"P332934",90,"o ii 7","manu[wood]N šu[hand]N ak[do]V/t","{ŋeš}ma-nu šu ak",0,"manu[wood]N_šu[hand]N_ak[do]V/t"
"Q000001",228,"228","amar[young]N lirum[strength]N","amar lirum",0,"amar[young]N_lirum[strength]N"
"P271320",53,"r ii' 2'","niŋgida[rod?]N margida[cart]N","{ŋeš}niŋ₂-gid₂-da mar-gid₂-da",0,"niŋgida[rod?]N_margida[cart]N"
"P271301",172,"o iv 6","{ŋeš}zi-x[NA]NA","{ŋeš}zi-x",0,"{ŋeš}zi-x[NA]NA"
"P271301",303,"r i 31","ŋešnud[bed]N zig[rise]V/t","ŋeš-nud zig₃",0,"ŋešnud[bed]N_zig[rise]V/t"
"Q000001",373,"373","niŋbuna[turtle]N","niŋ₂-bun₂-na",0,"niŋbuna[turtle]N"
"P273880",546,"c iii 31","ŋešnimbar[palm]N šab[cut]V/t","{ŋeš}ŋešnimbar šu-ub",0,"ŋešnimbar[palm]N_šab[cut]V/t"
"P388265",413,"r vi 57","kinud[bedroom]N","{ŋeš}ki-nu₂",0,"kinud[bedroom]N"
"Q000039",52,"44a","manu[wood]N kal[rare]V/i","{ŋeš}ma-nu kal",0,"manu[wood]N_kal[rare]V/i"
"Q000001",345,"345","nim[fly]N sahar[dust]N","nim sahar",0,"nim[fly]N_sahar[dust]N"
"P332934",161,"o ii 77","ŋešnimbar[palm]N x[NA]NA","{ŋeš}ŋešnimbar x",0,"ŋešnimbar[palm]N_x[NA]NA"
"Q000001",119,"119","u[ewe]N si[horn]N mu[grow]V/t","u₈ si mu₂",0,"u[ewe]N_si[horn]N_mu[grow]V/t"
"P271301",35,"o i 32","peš[fig]N Subir[1]GN","{ŋeš}peš₃ su-bir₄{ki}",0,"peš[fig]N_Subir[1]GN"
"P459217",5,"i 4'","ŋeštinkira[berry]N","{ŋeš}ŋeštin-kir₄",0,"ŋeštinkira[berry]N"
"P388265",190,"r ii 17","zu[tooth]N ŋušur[harrow]N","{ŋeš}zu₂ gana₂-ur₃",0,"zu[tooth]N_ŋušur[harrow]N"
"Q000039",618,"554a","illar[weapon]N NUN[NA]NA dili[single]V/i","{ŋeš}illar NUN dili",0,"illar[weapon]N_NUN[NA]NA_dili[single]V/i"
"Q000039",554,"498","tukul[weapon]N ur[root]N","{ŋeš}tukul ur₂",0,"tukul[weapon]N_ur[root]N"
"P347814",275,"d ii 3'","{ŋeš}x[NA]NA","{ŋeš}x",0,"{ŋeš}x[NA]NA"
"Q000001",118,"118","u[ewe]N sila[lamb]N šub[fall]V/t","u₈ sila₄ šub",0,"u[ewe]N_sila[lamb]N_šub[fall]V/t"
"P253238",15,"o 12'","an[sky]N usuh[tree]N","{ŋeš}an u₃-suh₅",0,"an[sky]N_usuh[tree]N"
"P437074",136,"c i 1'","ŋirigub[footstool]N","{ŋeš}ŋiri₃-gub",0,"ŋirigub[footstool]N"
"P235262",122,"d ii 27'","KI.KAL[bottom]N margida[cart]N","{ŋeš}|KI.KAL| mar-gid₂-da",0,"KI.KAL[bottom]N_margida[cart]N"
"P271911",510,"r iii 42","x[NA]NA limmu[four]NU","x limmu₂",0,"x[NA]NA_limmu[four]NU"
"Q000001",279,"279","muš[snake]N saŋkal[foremost]AJ","muš saŋ-kal",0,"muš[snake]N_saŋkal[foremost]AJ"
"P271911",168,"o iii 16'","saŋ[head]N apin[plow]N","saŋ apin",0,"saŋ[head]N_apin[plow]N"
"P247864",208,"o iv 19","ilila[lever]N","{ŋeš}il₂-il₂",0,"ilila[lever]N"
"P429504",45,"r i 8'","guza[chair]N gar[knob]N urud[copper]N ŋar[place]V/t","{ŋeš}gu-za gar₃ uruda ŋar",0,"guza[chair]N_gar[knob]N_urud[copper]N_ŋar[place]V/t"
"Q000001",103,"103","udu[sheep]N su[red]V/i","udu su₄",0,"udu[sheep]N_su[red]V/i"
"P253228",103,"r iii 20'","tiʾarum[tree]N","{ŋeš}ti-a-ru-um",0,"tiʾarum[tree]N"
"P388265",345,"r v 30","dimlumagurak[instrument]N","{ŋeš}du₃-ma₂-kar-re",0,"dimlumagurak[instrument]N"
"P250736",33,"o ii 5","enbar[reed]N adagur[pot]N","{gi}en₃-bar a-da-gur",0,"enbar[reed]N_adagur[pot]N"
"P235262",86,"d i 29'","e[house]N gigir[chariot]N","{ŋeš}e₂ gigir",0,"e[house]N_gigir[chariot]N"
"P247864",128,"o iii 2","gag[nail]N leʾum[board]N apin[plow]N","{ŋeš}gag li apin",0,"gag[nail]N_leʾum[board]N_apin[plow]N"
"P388265",45,"ii 28","šennur[plum]N","{ŋeš}šennur",0,"šennur[plum]N"
"P273880",563,"c iii 48","ŋešnimbar[palm]N sag[good]V/i","{ŋeš}ŋešnimbar sag₉",0,"ŋešnimbar[palm]N_sag[good]V/i"
"P271911",395,"r ii 10","zanaru[instrument]N","zanaruₓ(|ZA.AN.MUŠ₃|)",0,"zanaru[instrument]N"
"P273712",11,"r i 1","al[hoe]N saŋ[head]N ŋal[be]V/i","{ŋeš}al saŋ ŋal₂",0,"al[hoe]N_saŋ[head]N_ŋal[be]V/i"
"P459217",109,"iv 31","ŋešnimbar[palm]N SI-DU₃-X[NA]NA x[NA]NA","{ŋeš}ŋešnimbar SI-DU₃-X x",0,"ŋešnimbar[palm]N_SI-DU₃-X[NA]NA_x[NA]NA"
"P271911",433,"r ii 37","x[NA]NA","x",0,"x[NA]NA"
"P271911",448,"r ii 50","mete[appropriate-thing]N gud.si.AŠ[ram]N","me-te gud-si-AŠ",0,"mete[appropriate-thing]N_gud.si.AŠ[ram]N"
"P247864",303,"o v 51","gimuš[pole]N ma[ship]N","{ŋeš}gi-muš ma₂",0,"gimuš[pole]N_ma[ship]N"
"P429503",166,"r iii' 9'","margida[cart]N Martu[1]GN","{ŋeš}mar-gid₂-da mar-tu{ki}",0,"margida[cart]N_Martu[1]GN"
"P250736",204,"r ii 8","sab[jar]N","{dug}sab",0,"sab[jar]N"
"P253233",51,"r ii 1'","lamgal[nut]N","{ŋeš}lam-gal",0,"lamgal[nut]N"
"P459217",125,"r i 12'","tulubum[tree]N","{ŋeš}dili-bu-ma",0,"tulubum[tree]N"
"P247864",329,"o vi 13","{ŋeš}x[NA]NA","{ŋeš}x",0,"{ŋeš}x[NA]NA"
"P250736",230,"r ii 34","burzi[bowl]N niŋzid[righteousness]N","{dug}bur-zi niŋ₂-zid-da",0,"burzi[bowl]N_niŋzid[righteousness]N"
"P388265",412,"r vi 56","gida[spear]N","{ŋeš}gid₂-da",0,"gida[spear]N"
"Q000001",369,"369","pešniŋgilima[rodent]N","peš₂-niŋ₂-gilim-gilim-ma",0,"pešniŋgilima[rodent]N"
"P271911",444,"r ii 46","anše[equid]N gud.si.AŠ[ram]N","anše gud-si-AŠ",0,"anše[equid]N_gud.si.AŠ[ram]N"
"P247864",81,"o ii 18","{ŋeš}x[NA]NA","{ŋeš}x",0,"{ŋeš}x[NA]NA"
"P332934",39,"o i 35","hašhur[apple]N x[NA]NA","{ŋeš}hašhur x",0,"hašhur[apple]N_x[NA]NA"
"P247864",180,"o iii 54","ŋirigub[footstool]N gigir[chariot]N","{ŋeš}ŋiri₃-gub gigir",0,"ŋirigub[footstool]N_gigir[chariot]N"
"P332930",13,"o 11","ma[ship]N Uri[Akkad]GN Ištar[1]DN","{ŋeš}ma₂ uri-a{ki} {d}iš₈-tar₂",0,"ma[ship]N_Uri[Akkad]GN_Ištar[1]DN"
"P447996",62,"o iv 31","ŋeštin[vine]N x-x-um[NA]NA","{ŋeš}ŋeštin x-x-um",0,"ŋeštin[vine]N_x-x-um[NA]NA"
"Q000001",191,"191","gud[ox]N hunu[weak]V/i","gud hu-nu",0,"gud[ox]N_hunu[weak]V/i"
"P253887",4,"o 1","ma[ship]N u[ten]NU gur[unit]N","ma₂ u gur",0,"ma[ship]N_u[ten]NU_gur[unit]N"
"P437074",163,"c i 28'","dilim[spoon]N x-x[NA]NA","{ŋeš}dilim₂ x-x",0,"dilim[spoon]N_x-x[NA]NA"
"P346714",69,"r ii 37'","tugtug[~loom]N","{ŋeš}tug₂-tug₂",0,"tugtug[~loom]N"
"P273880",682,"unknown","unknown","unknown",2,"unknown"
"P273880",174,"b i 17'","ŋešdi[rung]N guza[chair]N","ŋeš-di₅ gu-za",0,"ŋešdi[rung]N_guza[chair]N"
"P247864",355,"o vi 39","al[hoe]N","{ŋeš}al",0,"al[hoe]N"
"P271911",379,"unknown","unknown","unknown",3,"unknown"
"P271301",460,"r iv 41","usan[whip]N anše[equid]N","{ŋeš}usan₃ anše",0,"usan[whip]N_anše[equid]N"
"Q000039",765,"694","dur[balk]N si[horn]N","{ŋeš}dur si",0,"dur[balk]N_si[horn]N"
"P271911",605,"r v 1","ganum[stand]N ga[milk]N","{ŋeš}ŋa₂-an-nu ga",0,"ganum[stand]N_ga[milk]N"
"P492330",19,"o ii 2","tukul[weapon]N {ŋeš}bar-x[NA]NA","{ŋeš}tukul {ŋeš}bar-x",0,"tukul[weapon]N_{ŋeš}bar-x[NA]NA"
"P253233",66,"r ii 16'","peš[fig]N","{ŋeš}peš₃",0,"peš[fig]N"
"P271911",239,"o iv 11","dupsik[basket]N zala[smashed]N","dupsik zag-lal₂",0,"dupsik[basket]N_zala[smashed]N"
"P250364",100,"unknown","unknown","unknown",999,"unknown"
"P271320",21,"o i 14'","guza[chair]N niŋ[thing]N unkin[assembly]N","{ŋeš}gu-za niŋ₂ unkin",0,"guza[chair]N_niŋ[thing]N_unkin[assembly]N"
"P332939",54,"r i' 13'","gigir[chariot]N x[NA]NA","{ŋeš}gigir x",0,"gigir[chariot]N_x[NA]NA"
"Q000001",236,"236","amar[young]N sissig[green]V/i","amar sig₇-sig₇",0,"amar[young]N_sissig[green]V/i"
"P249383",5,"o 3","e[house]N gigir[chariot]N","{ŋeš}e₂ gigir",0,"e[house]N_gigir[chariot]N"
"P250364",9,"o i 6","sahargi[dust-guard]N gigir[chariot]N","{ŋeš}sahar-gi gigir",0,"sahargi[dust-guard]N_gigir[chariot]N"
"P271301",279,"r i 7","saŋ[head]N guza[chair]N","{ŋeš}saŋ gu-za",0,"saŋ[head]N_guza[chair]N"
"P271911",334,"unknown","unknown","unknown",1,"unknown"
"P429503",27,"o i 24","garan[bunch]N ŋeštin[vine]N","{ŋeš}ga-ra-na ŋeštin",0,"garan[bunch]N_ŋeštin[vine]N"
"P271911",48,"o i 32'","gag[nail]N mud[tube]N","gag mud",0,"gag[nail]N_mud[tube]N"
"P253228",31,"o ii 12","al[hoe]N zu[tooth]N min[two]NU","{ŋeš}al zu₂ min",0,"al[hoe]N_zu[tooth]N_min[two]NU"
"P459218",57,"o iii 8","ŋešrin[scales]N lib-bi[NA]NA","ŋeš-rin₂ lib-bi",0,"ŋešrin[scales]N_lib-bi[NA]NA"
"Q000039",25,"23","lam[tree]N","{ŋeš}lam",0,"lam[tree]N"
"P250736",214,"r ii 18","{dug}x-x[NA]NA","{dug}x-x",0,"{dug}x-x[NA]NA"
"P273712",3,"o 2'","ŋešrin[scales]N 1(aš)[NA]NA gun[load]N","ŋeš-rin₂ 1(aš) gun",0,"ŋešrin[scales]N_1(aš)[NA]NA_gun[load]N"
"P273880",460,"c ii 4","dilim[spoon]N ŋisal[rudder]N","{ŋeš}dilim₂ ŋisal",0,"dilim[spoon]N_ŋisal[rudder]N"
"P273880",286,"b iii 10","kaŋeškarak[table]N urud[copper]N","{ŋeš}ka-kara₄ urud",0,"kaŋeškarak[table]N_urud[copper]N"
"P250364",150,"r iii 16'","{ŋeš}x-hu[NA]NA","{ŋeš}x-hu",0,"{ŋeš}x-hu[NA]NA"
"P247864",20,"o i 17","ŋešgana[tree]N su[red]V/i","ŋeš-kin₂ su₁₃",0,"ŋešgana[tree]N_su[red]V/i"
"Q000001",424,"423","uzu[flesh]N masila[heel]N","uzu ma-sila₃",0,"uzu[flesh]N_masila[heel]N"
"P388563",4,"o 3","maš[twin]N apin[plow]N","{ŋeš}maš-maš apin",0,"maš[twin]N_apin[plow]N"
"Q000001",66,"66","udu[sheep]N a[water]N ak[do]V/t","udu a ak",0,"udu[sheep]N_a[water]N_ak[do]V/t"
"P332934",346,"r iv 3","gigir[chariot]N mah[great]V/i","{ŋeš}gigir {d}mah",0,"gigir[chariot]N_mah[great]V/i"
"P347814",48,"a ii 19'","{ŋeš}x[NA]NA","{ŋeš}x",0,"{ŋeš}x[NA]NA"
"Q000039",384,"341","gag[nail]N šudul[yoke]N gigir[chariot]N","{ŋeš}gag šudul gigir",0,"gag[nail]N_šudul[yoke]N_gigir[chariot]N"
"P273880",388,"b iv 56","katapum[object]N","{ŋeš}ka-ta-pu-um",0,"katapum[object]N"
"Q000001",489,"486","uzu[flesh]N sa[sinew]N gal[big]V/i","uzu sa gal",0,"uzu[flesh]N_sa[sinew]N_gal[big]V/i"
"P271911",498,"r iii 33","x-x[NA]NA","x-x",0,"x-x[NA]NA"
"P447996",165,"r ii 2","ŋešla[key]N ŋešnimbar[palm]N","{ŋeš}ŋeš-la₂ ŋešnimbar",0,"ŋešla[key]N_ŋešnimbar[palm]N"
"Q000001",152,"152","maš[goat]N kiŋgia[~animal]N","maš₂ kiŋ₂-gi₄-a",0,"maš[goat]N_kiŋgia[~animal]N"
"P228096",13,"o i 11","garig[comb]N","{ŋeš}ga-rig₂",0,"garig[comb]N"
"P332934",202,"o iii 38","pa[branch]N x-x-na[NA]NA ŋešnimbar[palm]N","{ŋeš}pa x-x-na ŋešnimbar",0,"pa[branch]N_x-x-na[NA]NA_ŋešnimbar[palm]N"
"P247864",211,"o iv 22","{ŋeš}x[NA]NA","{ŋeš}x",0,"{ŋeš}x[NA]NA"
"P271301",320,"r ii 4","kaŋeškarak[table]N","{ŋeš}ka-kara₄",0,"kaŋeškarak[table]N"
"P347814",77,"b i 2'","{ŋeš}x[NA]NA apin[plow]N","{ŋeš}x apin",0,"{ŋeš}x[NA]NA_apin[plow]N"
"P273880",490,"c ii 34","maʾaddir[ferryboat]N","{ŋeš}ma₂-addir",0,"maʾaddir[ferryboat]N"
"P347814",213,"c ii 19","niŋ[thing]N x[NA]NA","{ŋeš}niŋ₂ x",0,"niŋ[thing]N_x[NA]NA"
"P247864",436,"o vii 55'","guza[chair]N {ŋeš}x[NA]NA","{ŋeš}gu-za {ŋeš}x",0,"guza[chair]N_{ŋeš}x[NA]NA"
"P250736",257,"r iii 18","amam[jar]N","{dug}am-ma-am",0,"amam[jar]N"
"P347814",136,"b ii 20'","katapum[object]N","{ŋeš}ka-ta-pu-um",0,"katapum[object]N"
"P247864",303,"o v 51","gimuš[pole]N ma[ship]N","{ŋeš}gi-muš ma₂",0,"gimuš[pole]N_ma[ship]N"
"P271911",229,"unknown","unknown","unknown",1,"unknown"
"Q000039",441,"394","suhub[bolt]N ig[door]N","{ŋeš}suhub₄ ig",0,"suhub[bolt]N_ig[door]N"
"P271301",447,"r iv 28","gag[nail]N šudul[yoke]N gigir[chariot]N","{ŋeš}gag šudul₃ gigir",0,"gag[nail]N_šudul[yoke]N_gigir[chariot]N"
"P271301",309,"r i 37","ŋešnud[bed]N šatuku[mattress]N siki[hair]N garig[comb]N","ŋeš-nud šag₄-tuku₅ siki ga-rig₂",0,"ŋešnud[bed]N_šatuku[mattress]N_siki[hair]N_garig[comb]N"
"P235262",80,"d i 23'","gag[nail]N eškiri[rope]N","{ŋeš}gag eškiri₂",0,"gag[nail]N_eškiri[rope]N"
"P459223",1,"1","ušub[brick-mold]N ab[window]N","{ŋeš}u₃-šub ab",0,"ušub[brick-mold]N_ab[window]N"
"P247864",427,"o vii 46'","guza[chair]N zag[side]N us[follow]V/t","{ŋeš}gu-za zag us₂",0,"guza[chair]N_zag[side]N_us[follow]V/t"
"Q000039",565,"508","dur[board]N","{ŋeš}dur₂",0,"dur[board]N"
"P271301",288,"r i 16","na[box]N A-TE{ki}[NA]NA","{ŋeš}na A-TE{ki}",0,"na[box]N_A-TE{ki}[NA]NA"
"P388265",304,"r iv 45","SAL.UŠ[sheath]N x[NA]NA","{ŋeš}|SAL.UŠ| x",0,"SAL.UŠ[sheath]N_x[NA]NA"
"P273880",313,"b iii 41","ušub[brick-mold]N ab[window]N","{ŋeš}u₃-šub ab",0,"ušub[brick-mold]N_ab[window]N"
"P347814",253,"d i 8'","šul[youth]V/i katar[praise]N","{ŋeš}šul ka-tar",0,"šul[youth]V/i_katar[praise]N"
"P228683",6,"r 3","hašhur[apple]N aʾabak[sea]N","{ŋeš}hašhur a-ab-ba",0,"hašhur[apple]N_aʾabak[sea]N"
"Q000001",346,"346","nim[fly]N urmah[lion]N","nim ur-mah",0,"nim[fly]N_urmah[lion]N"
"P388265",73,"iii 23","an[sky]N usuh[tree]N","{ŋeš}an u₃-suh₅",0,"an[sky]N_usuh[tree]N"
"P271301",138,"o iii 26","ŋešnimbar[palm]N dar[split]V/t","{ŋeš}ŋešnimbar da-r·a",0,"ŋešnimbar[palm]N_dar[split]V/t"
"P492330",32,"r i 2'","{ŋeš}GAR-x[NA]NA","{ŋeš}GAR-x",0,"{ŋeš}GAR-x[NA]NA"
"P429504",16,"o ii' 10","ŋešnimbar[palm]N uhin[date]N sissig[green]V/i šeŋ[cook]V/t","{ŋeš}ŋešnimbar u₄-hi-in sig₇-sig₇ šeŋ₆",0,"ŋešnimbar[palm]N_uhin[date]N_sissig[green]V/i_šeŋ[cook]V/t"
"P437074",35,"b i 3'","x[NA]NA ŋešnimbar[palm]N","x ŋešnimbar",0,"x[NA]NA_ŋešnimbar[palm]N"
"P347814",114,"b i 44'","x-bala[NA]NA","x-bala",0,"x-bala[NA]NA"
"P447996",20,"o iii 16","dih[weed]N","{ŋeš}dih₃",0,"dih[weed]N"
"P271911",612,"r v 10","antibal[sign]N niŋin[encircle]V/t","an-ti-ib-la₂ niŋin",0,"antibal[sign]N_niŋin[encircle]V/t"
"P247864",220,"o iv 31","saŋ[head]N balak[spindle]N","{ŋeš}saŋ balak",0,"saŋ[head]N_balak[spindle]N"
"P437074",190,"unknown","unknown","unknown",999,"unknown"
"P247864",62,"o i 59","šenu[tree]N","{ŋeš}še-nud-a",0,"šenu[tree]N"
"P347814",239,"c ii 45'","dimdim[instrument]N","{ŋeš}dim₃-dim₃",0,"dimdim[instrument]N"
"P388265",75,"iii 25","hašhur[apple]N","{ŋeš}hašhur",0,"hašhur[apple]N"
"P459216",189,"r iv 21'","da[side-board]N umbin[wheel]N margida[cart]N","{ŋeš}da umbin mar-gid₂-da",0,"da[side-board]N_umbin[wheel]N_margida[cart]N"
"P271911",316,"r i 7'","zamrutum[lance]N","za-ri₂-ša",0,"zamrutum[lance]N"
"P250736",244,"r iii 5","utul[tureen]N na[stone]N","{dug}utul₂ na₄",0,"utul[tureen]N_na[stone]N"
"P247864",108,"o ii 45","{ŋeš}ša-wi-lum[NA]NA","{ŋeš}ša-wi-lum",0,"{ŋeš}ša-wi-lum[NA]NA"
"P247864",193,"o iv 4","{ŋeš}x-x[NA]NA gigir[chariot]N","{ŋeš}x-x gigir",0,"{ŋeš}x-x[NA]NA_gigir[chariot]N"
"Q000001",189,"189","gud[ox]N dalla[bright]V/i","gud dalla",0,"gud[ox]N_dalla[bright]V/i"
"P459217",18,"i 17'","šeše[tree]N","{ŋeš}še₃-še₃",0,"šeše[tree]N"
"P235262",82,"d i 25'","gag[nail]N šibir[staff]N","{ŋeš}gag šibir",0,"gag[nail]N_šibir[staff]N"
"P347814",241,"c ii 47'","dimlumagurak[instrument]N","{ŋeš}dim₃-{lu₂}ma₂-gur₈",0,"dimlumagurak[instrument]N"
"P429503",26,"o i 23","gurum[bend]V/t ŋeštin[vine]N","{ŋeš}gurum ŋeštin",0,"gurum[bend]V/t_ŋeštin[vine]N"
"P247864",422,"o vii 41'","guza[chair]N gid[drag]V/t aš[six]NU kuš[skin]N","{ŋeš}gu-za gid₂ aš₃ kuš",0,"guza[chair]N_gid[drag]V/t_aš[six]NU_kuš[skin]N"
"Q000001",481,"478","uzu[flesh]N ellaŋgun[kidney]N bar[outside]V/t","uzu ellaŋ₂-gun₃ bar",0,"uzu[flesh]N_ellaŋgun[kidney]N_bar[outside]V/t"
"Q000039",713,"644","ŋušur[beam]N tal[broad]V/i","ŋeš-ur₂ tal₂",0,"ŋušur[beam]N_tal[broad]V/i"
"P332939",54,"r i' 13'","gigir[chariot]N x[NA]NA","{ŋeš}gigir x",0,"gigir[chariot]N_x[NA]NA"
"P253228",15,"o i 11","saŋ[head]N al[hoe]N","{ŋeš}saŋ al",0,"saŋ[head]N_al[hoe]N"
"Q000001",144,"144","maš[goat]N kur[mountain]N","maš₂ kur",0,"maš[goat]N_kur[mountain]N"
"P332934",33,"o i 29","peš[fig]N Elam[1]GN","{ŋeš}peš₃ elam-ma{ki}",0,"peš[fig]N_Elam[1]GN"
"Q000039",307,"270","madala[bundle]N","{ŋeš}ma₂-da-la₂",0,"madala[bundle]N"
"P388265",393,"r vi 34","murzanum[wooden-object]N","ur-za-nu-um",0,"murzanum[wooden-object]N"
"P250736",224,"r ii 28","tisa[unmng]N šaŋan[flask]N","{dug}ti-sa₂ šaŋan",0,"tisa[unmng]N_šaŋan[flask]N"
"P459217",37,"ii 13'","ŋešaʾabak[tree]N Meluhha[1]GN","ŋeš-ab-ba me-luh-ha",0,"ŋešaʾabak[tree]N_Meluhha[1]GN"
"P271301",55,"o ii 3","numun[seed]N usuh[tree]N","{ŋeš}numun u₃-suh₅",0,"numun[seed]N_usuh[tree]N"
"P273880",286,"b iii 10","kaŋeškarak[table]N urud[copper]N","{ŋeš}ka-kara₄ urud",0,"kaŋeškarak[table]N_urud[copper]N"
"Q000039",232,"196a","guza[chair]N gar[knob]N kugsig[gold]N ŋar[place]V/t","{ŋeš}gu-za gar₃ kug-sig₁₇ ŋar",0,"guza[chair]N_gar[knob]N_kugsig[gold]N_ŋar[place]V/t"
"P347814",98,"b i 23'","{ŋeš}x[NA]NA apin[plow]N","{ŋeš}x apin",0,"{ŋeš}x[NA]NA_apin[plow]N"
"P271911",181,"o iii 27'","x[NA]NA","x",0,"x[NA]NA"
"P253866",83,"o iii 16'","ba[tool]N","{ŋeš}ba",0,"ba[tool]N"
"P409465",4,"4","ma[ship]N Idlurugu[1]DN","{ŋeš}ma₂ {d}id₂-lu₂-gu₂-ru",0,"ma[ship]N_Idlurugu[1]DN"
"P271911",413,"r ii 23","tigidlu[instrument]N","{+ti-ki-id-la}tigidla",0,"tigidlu[instrument]N"
"P459218",62,"o iii 13","apin[plow]N šu[hand]N","{ŋeš}apin šu",0,"apin[plow]N_šu[hand]N"
"P459217",15,"i 14'","hašhur[apple]N šeʾeštub[barley]N","{ŋeš}hašhur eštub",0,"hašhur[apple]N_šeʾeštub[barley]N"
"P349173",4,"o 3","ig[door]N miriza[plank]N","{ŋeš}ig mi-ri₂-za",0,"ig[door]N_miriza[plank]N"
"Q000039",543,"487","gag[nail]N dud[mound]N bal[dig]V/t","{ŋeš}gag du₆ ba-al",0,"gag[nail]N_dud[mound]N_bal[dig]V/t"
"P459216",166,"r iii 33'","eškiri[rope]N","{ŋeš}eškiri₂",0,"eškiri[rope]N"
"P272243",45,"r ii 11","x[NA]NA","x",0,"x[NA]NA"
"P250736",36,"o ii 8","ubzal[reeds]N","{gi}ub-zal",0,"ubzal[reeds]N"
"Q000039",455,"406","gag[nail]N mud[tube]N","{ŋeš}gag mud",0,"gag[nail]N_mud[tube]N"
"P447996",165,"r ii 2","ŋešla[key]N ŋešnimbar[palm]N","{ŋeš}ŋeš-la₂ ŋešnimbar",0,"ŋešla[key]N_ŋešnimbar[palm]N"
"Q000001",12,"12","udu[sheep]N gukkal[sheep]N","udu gukkal",0,"udu[sheep]N_gukkal[sheep]N"
"P250736",136,"o iv 29","gi[reed]N šu[hand]N ak[do]V/t","gi šu ak",0,"gi[reed]N_šu[hand]N_ak[do]V/t"
"P272243",47,"r ii 16","x[NA]NA","x",0,"x[NA]NA"
"P347814",4,"unknown","unknown","unknown",2,"unknown"
"P271911",50,"o i 33'","aškud[~door]N","aškudₓ(|A₂.ZA.AN.MUŠ₃|)",0,"aškud[~door]N"
"P273880",710,"d iii 1'","{ŋeš}x[NA]NA","{ŋeš}x",0,"{ŋeš}x[NA]NA"
"P447996",144,"r i 26","ligima[shoot]N ŋešnimbar[palm]N","{ŋeš}ligima ŋešnimbar",0,"ligima[shoot]N_ŋešnimbar[palm]N"
"P370399",32,"o ii 4'","x-us₂-a[NA]NA","x-us₂-a",0,"x-us₂-a[NA]NA"
"P253228",97,"r iii 14'","{ŋeš}x-x-bar[NA]NA","{ŋeš}x-x-bar",0,"{ŋeš}x-x-bar[NA]NA"
"P271771",41,"o iii 18","tiʾarum[tree]N","{ŋeš}ti-ia-lum",0,"tiʾarum[tree]N"
"P247543",3,"o 1","ma[ship]N u[ten]NU gur[unit]N","{ŋeš}ma₂ u gur",0,"ma[ship]N_u[ten]NU_gur[unit]N"
"P271771",39,"o iii 16","urnum[cedar]N","{ŋeš}ur-lu-um",0,"urnum[cedar]N"
"P429504",49,"unknown","unknown","unknown",1,"unknown"
"P273880",376,"b iv 43","arina[root]N","{ŋeš}i-ri₉-na",0,"arina[root]N"
"P346714",115,"r iii 37'","ušub[brick-mold]N","{ŋeš}u₃-šub",0,"ušub[brick-mold]N"
"Q000039",538,"482","al[hoe]N zu[tooth]N limmu[four]NU","{ŋeš}al zu₂ limmu",0,"al[hoe]N_zu[tooth]N_limmu[four]NU"
"P459225",17,"r ii 4'","x-nu[NA]NA","x-nu",0,"x-nu[NA]NA"
"P332934",143,"o ii 59","ŋeš[tree]N gibil[sprout]N","ŋeš gibil",0,"ŋeš[tree]N_gibil[sprout]N"
"P332934",354,"r iv 11","KI.KAL[bottom]N gigir[chariot]N","{ŋeš}sasₓ(|KI.KAL|) gigir",0,"KI.KAL[bottom]N_gigir[chariot]N"
"P273880",406,"c i 9","tukul[weapon]N šu[hand]N","{ŋeš}tukul šu",0,"tukul[weapon]N_šu[hand]N"
"P273712",12,"r i 2","al[hoe]N saŋ[head]N ŋal[be]V/i","{ŋeš}al saŋ ŋal₂",0,"al[hoe]N_saŋ[head]N_ŋal[be]V/i"
"P250736",108,"o iv 1","bisaŋ[basket]N x[NA]NA","{gi}bisaŋ x",0,"bisaŋ[basket]N_x[NA]NA"
"P388265",82,"iii 32","ŋipar[tree]N","{ŋeš}ŋi₆-par₄",0,"ŋipar[tree]N"
"P253233",41,"r i 9'","dada[tree]N","{ŋeš}da-da",0,"dada[tree]N"
"Q000039",758,"687","{ŋeš}x[NA]NA","{ŋeš}x",0,"{ŋeš}x[NA]NA"
"P225126",5,"o i 3","ma[ship]N {ŋeš}x[NA]NA","{ŋeš}ma₂ {ŋeš}x",0,"ma[ship]N_{ŋeš}x[NA]NA"
"Q000039",612,"551","gida[spear]N","{ŋeš}gid₂-da",0,"gida[spear]N"
"P370399",91,"o iii 30'","maštakda[wooden-object]N","{ŋeš}maš-tak-da",0,"maštakda[wooden-object]N"
"P346714",118,"r iii 40'","{ŋeš}gi-ra-tum[NA]NA","{ŋeš}gi-ra-tum",0,"{ŋeš}gi-ra-tum[NA]NA"
"P273880",596,"c iv 30","gur[rim]N bandudu[basket]N","{ŋeš}gur₂ ba-an-du₈",0,"gur[rim]N_bandudu[basket]N"
"P346714",52,"r ii 20'","niŋŋeštug[~plow]N apin[plow]N","{ŋeš}niŋ₂-ŋeštug apin",0,"niŋŋeštug[~plow]N_apin[plow]N"
"P429505",9,"7'","ŋešnimbar[palm]N uhin[date]N duru[wet]V/i","{ŋeš}ŋešnimbar u₄-hi-in duru₅",0,"ŋešnimbar[palm]N_uhin[date]N_duru[wet]V/i"
"P271771",65,"o iv 21","peš[frond]N ŋešnimbar[palm]N","{ŋeš}peš ŋešnimbar",0,"peš[frond]N_ŋešnimbar[palm]N"
"P250736",19,"o i 15","gi[reed]N niŋ[thing]N tur[small]V/i","gi niŋ₂ tur-tur",0,"gi[reed]N_niŋ[thing]N_tur[small]V/i"
"P271911",557,"unknown","unknown","unknown",1,"unknown"
"P273880",427,"c i 32","{ŋeš}saŋ-x-x[NA]NA","{ŋeš}saŋ-x-x",0,"{ŋeš}saŋ-x-x[NA]NA"
"P273880",104,"a iii 43'","ig[door]N x-ba[NA]NA","{ŋeš}ig x-ba",0,"ig[door]N_x-ba[NA]NA"
"P273880",481,"c ii 25","{ŋeš}ma₂-HU[NA]NA nu-ub-sa[NA]NA","{ŋeš}ma₂-HU nu-ub-sa",0,"{ŋeš}ma₂-HU[NA]NA_nu-ub-sa[NA]NA"
"P429503",184,"r iii' 27'","igi[eye]N margida[cart]N","{ŋeš}igi mar-gid₂-da",0,"igi[eye]N_margida[cart]N"
"Q000001",239,"239","dusu[equid]N","dusu₂",0,"dusu[equid]N"
"P271301",232,"o v 5'","ba[tool]N x-x[NA]NA","{ŋeš}ba x-x",0,"ba[tool]N_x-x[NA]NA"
"P388330",12,"r 10","peš[fig]N","{ŋeš}peš₃",0,"peš[fig]N"
"Q000039",672,"606","urgula[instrument]N","{ŋeš}ur-gu-la",0,"urgula[instrument]N"
"Q000001",131,"131","uzud[goat]N ib[hips]N gig[sick]V/i","uzud ib₂ gig",0,"uzud[goat]N_ib[hips]N_gig[sick]V/i"
"P437074",169,"c ii 2'","{ŋeš}x[NA]NA","{ŋeš}x",0,"{ŋeš}x[NA]NA"
"P271301",281,"r i 9","bad[leg]N guza[chair]N","{ŋeš}bad gu-za",0,"bad[leg]N_guza[chair]N"
"P459216",131,"r ii 23'","{ŋeš}x[NA]NA","{ŋeš}x",0,"{ŋeš}x[NA]NA"
"P250364",82,"o v 3","sa[net]N","{ŋeš}sa",0,"sa[net]N"
"P429503",32,"o ii 1","šennur[plum]N kur[mountain]N","{ŋeš}šennur kur",0,"šennur[plum]N_kur[mountain]N"
"P459216",138,"r iii 5'","ma[ship]N x[NA]NA","{ŋeš}ma₂ x",0,"ma[ship]N_x[NA]NA"
"P273880",174,"b i 17'","ŋešdi[rung]N guza[chair]N","ŋeš-di₅ gu-za",0,"ŋešdi[rung]N_guza[chair]N"
"Q000039",674,"608","{ŋeš}NIG₂-kinkin[NA]NA","{ŋeš}NIG₂-kinkin",0,"{ŋeš}NIG₂-kinkin[NA]NA"
"P346714",18,"r i 22'","{ŋeš}x[NA]NA margida[cart]N","{ŋeš}x mar-gid₂-da",0,"{ŋeš}x[NA]NA_margida[cart]N"
"P297185",5,"3","ilianum[tree]N","{ŋeš}i-li-a-nu-um",0,"ilianum[tree]N"
"P117404",4,"o 3","ig[door]N i[oil]N","{ŋeš}ig i₃",0,"ig[door]N_i[oil]N"
"P273880",715,"d iii 6'","zana[doll]N","{ŋeš}za-na",0,"zana[doll]N"
"Q000001",297,"297","nemur[leopard]N","nemurₓ(|PIRIG.TUR|)",0,"nemur[leopard]N"
"Q000039",711,"642","ŋušur[beam]N eš[three]NU","ŋeš-ur₂ eš₅",0,"ŋušur[beam]N_eš[three]NU"
"Q000001",168,"168","sila[lamb]N gub[~sheep]V/t","sila₄ gub",0,"sila[lamb]N_gub[~sheep]V/t"
"P277271",2,"unknown","unknown","unknown",999,"unknown"
"P235262",51,"c ii 27'","naŋa[mortar]N","{ŋeš}naŋa₃",0,"naŋa[mortar]N"
"P271301",312,"r i 40","ŋešdi[rung]N ŋešnud[bed]N","ŋeš-di₅ nud",0,"ŋešdi[rung]N_ŋešnud[bed]N"
"P273880",195,"b i 45'","barbar[shuttle]N","{ŋeš}bar-bar",0,"barbar[shuttle]N"
"P459218",50,"unknown","unknown","unknown",1,"unknown"
"P429504",41,"r i 4'","guza[chair]N šag₄[NA]NA hul₂[NA]NA","{ŋeš}gu-za šag₄ hul₂",0,"guza[chair]N_šag₄[NA]NA_hul₂[NA]NA"
"P332934",367,"r iv 1'","x-ga[NA]NA","x-ga",0,"x-ga[NA]NA"
"P346714",143,"r iv 23'","{ŋeš}x[NA]NA harmušen[snare]N","{ŋeš}x har-mušen-na",0,"{ŋeš}x[NA]NA_harmušen[snare]N"
"P332934",66,"o i 10'","šennur[plum]N kur[mountain]N","{ŋeš}šennur kur",0,"šennur[plum]N_kur[mountain]N"
"P250364",9,"o i 6","sahargi[dust-guard]N gigir[chariot]N","{ŋeš}sahar-gi gigir",0,"sahargi[dust-guard]N_gigir[chariot]N"
"P271911",184,"o iii 29'","gag[nail]N muš[snake]N apin[plow]N","gag muš apin",0,"gag[nail]N_muš[snake]N_apin[plow]N"
"P235262",4,"unknown","unknown","unknown",10,"unknown"
"Q000001",508,"504","uzu[flesh]N imma[vulva]N","uzu im-ma",0,"uzu[flesh]N_imma[vulva]N"
"P271301",250,"o v 23'","guza[chair]N niŋšu[goods]N","{ŋeš}gu-za niŋ₂-šu",0,"guza[chair]N_niŋšu[goods]N"
"P271301",142,"o iii 30","ŋešnimbar[palm]N ug[die]V/t","{ŋeš}ŋešnimbar al-ug₅-ga",0,"ŋešnimbar[palm]N_ug[die]V/t"
"Q000001",22,"22","udu[sheep]N HI.gina[unmng]N","udu HI-gi-na",0,"udu[sheep]N_HI.gina[unmng]N"
"P388265",415,"r vi 59","e[house]N bulug[needle]N","{ŋeš}e₂ bulug",0,"e[house]N_bulug[needle]N"
"P253866",67,"unknown","unknown","unknown",999,"unknown"
"Q000039",221,"186a","guza[chair]N gidim[ghost]N","{ŋeš}gu-za gidim",0,"guza[chair]N_gidim[ghost]N"
"Q000039",755,"684","šaŋanla[trader]N","{ŋeš}šaŋan-la₂",0,"šaŋanla[trader]N"
"P271301",208,"o iv 42","peškal[tree]N","{ŋeš}peš-kal",0,"peškal[tree]N"
"P459216",87,"iv 1'","{ŋeš}x[NA]NA","{ŋeš}x",0,"{ŋeš}x[NA]NA"
"P459217",143,"r ii 12'","{ŋeš}šu-ŋal₂[NA]NA","{ŋeš}šu-ŋal₂",0,"{ŋeš}šu-ŋal₂[NA]NA"
"P250364",63,"o iv 3","ŋešrin[scales]N lib-lib-bi[NA]NA","ŋeš-rin₂ lib-lib-bi",0,"ŋešrin[scales]N_lib-lib-bi[NA]NA"
"P271911",116,"o ii 38","gidim[device]N","gi-di₄",0,"gidim[device]N"
"P247864",8,"o i 5","taškarin[boxwood]N","{ŋeš}taškarin",0,"taškarin[boxwood]N"
"P273880",679,"d ii 14'","{ŋeš}x[NA]NA sipad[shepherd]N","{ŋeš}x sipad",0,"{ŋeš}x[NA]NA_sipad[shepherd]N"
"P459217",22,"i 21'","šaršabid[tree]N","{ŋeš}šarₓ(NE)-ša₄-bid₃",0,"šaršabid[tree]N"
"P247864",175,"o iii 49","gigir[chariot]N","{ŋeš}gigir(|LAGAB×BAD|)",0,"gigir[chariot]N"
"P332939",16,"o i 13","ŋeštin[vine]N","{ŋeš}ŋeštin",0,"ŋeštin[vine]N"
"P388265",126,"r i 4","apin[plow]N šu[hand]N","{ŋeš}apin šu",0,"apin[plow]N_šu[hand]N"
"P347814",205,"c ii 11","niŋ[thing]N diš[one]NU sila[unit]N","{ŋeš}niŋ₂ diš sila₃",0,"niŋ[thing]N_diš[one]NU_sila[unit]N"
"Q000001",408,"407","uzu[flesh]N |KA×GAR|[NA]NA","uzu |KA×GAR|",0,"uzu[flesh]N_|KA×GAR|[NA]NA"
"Q000001",375,"374a","x-LAGAB[NA]NA","x-LAGAB",0,"x-LAGAB[NA]NA"
"P459216",9,"i 7","halub[tree]N","{ŋeš}ha-lu-ub₂",0,"halub[tree]N"
"P459217",165,"r iii 22","guza[chair]N gidim[ghost]N","{ŋeš}gu-za gidim",0,"guza[chair]N_gidim[ghost]N"
"Q000001",421,"420","uzu[flesh]N gubalŋešdua[hump]N","uzu gu₂-bal-ŋeš-du₃-a",0,"uzu[flesh]N_gubalŋešdua[hump]N"
"P250364",116,"r ii 1'","{ŋeš}x[NA]NA","{ŋeš}x",0,"{ŋeš}x[NA]NA"
"P271911",179,"o iii 25'","igi-kal[NA]NA apin[plow]N","igi-kal apin",0,"igi-kal[NA]NA_apin[plow]N"
"P271911",43,"o i 29'","eš[rope]N saŋkul[bolt]N","eš₂ saŋ-kul",0,"eš[rope]N_saŋkul[bolt]N"
"P447996",103,"o v 28","ligima[shoot]N","{ŋeš}ligima(|IGI.TUR.TUR|)",0,"ligima[shoot]N"
"Q000039",418,"373","endur[navel?]N margida[cart]N","{ŋeš}en₃-dur mar-gid₂-da",0,"endur[navel?]N_margida[cart]N"
"Q000001",392,"391","dadamul[animal]N","da-da-mul",0,"dadamul[animal]N"
"P253228",14,"o i 10","zu[tooth]N al[hoe]N","{ŋeš}zu₂ al",0,"zu[tooth]N_al[hoe]N"
"Q000001",64,"64","udu[sheep]N ri[unmng]N","udu ri-ri",0,"udu[sheep]N_ri[unmng]N"
"P429504",49,"unknown","unknown","unknown",1,"unknown"
"P253866",53,"o ii 17'","guza[chair]N za-an-x-li[NA]NA","{ŋeš}gu-za za-an-x-li",0,"guza[chair]N_za-an-x-li[NA]NA"
"P247864",233,"o iv 44","ig[door]N i[oil]N šeš[anoint]V/t","{ŋeš}ig i₃ šeš₂",0,"ig[door]N_i[oil]N_šeš[anoint]V/t"
"P273244",10,"r 3","ig[door]N miriza[plank]N","{ŋeš}ig ma₂-ri₂-za",0,"ig[door]N_miriza[plank]N"
"P332939",25,"o ii 3","šennur[plum]N x[NA]NA","{ŋeš}šennur x",0,"šennur[plum]N_x[NA]NA"
"P347814",235,"c ii 41'","{ŋeš}x[NA]NA zamin[lyre]N","{ŋeš}x za₃-mi₂",0,"{ŋeš}x[NA]NA_zamin[lyre]N"
"P271301",212,"o iv 46","zarraštum[plant]N","{ŋeš}zar-aš-tum",0,"zarraštum[plant]N"
"P253866",59,"o ii 23'","guza[chair]N niŋšu[goods]N","{ŋeš}gu-za niŋ₂-šu",0,"guza[chair]N_niŋšu[goods]N"
"P251867",3,"o 2","Maʾašte[1]ON","{ŋeš}ma₂-aš-te",0,"Maʾašte[1]ON"
"P271771",97,"r i 3'","x[NA]NA guza[chair]N","x gu-za",0,"x[NA]NA_guza[chair]N"
"P271301",375,"r iii 8","mala[boat]N","{ŋeš}ma₂-la₂",0,"mala[boat]N"
"P459218",55,"o iii 6","ŋešrin[scales]N","ŋeš-rin₂",0,"ŋešrin[scales]N"
"P332934",184,"o iii 20","ŋešnimbar[palm]N uhin[date]N dug[good]V/i","{ŋeš}ŋešnimbar u₄-hi-in dug₃",0,"ŋešnimbar[palm]N_uhin[date]N_dug[good]V/i"
"P332934",232,"o iv 3'","{ŋeš}SIG₂-LAM-x[NA]NA","{ŋeš}SIG₂-LAM-x",0,"{ŋeš}SIG₂-LAM-x[NA]NA"
"P273880",581,"c iv 14","dim[post]N x[NA]NA","{ŋeš}dim x",0,"dim[post]N_x[NA]NA"
"P388265",415,"r vi 59","e[house]N bulug[needle]N","{ŋeš}e₂ bulug",0,"e[house]N_bulug[needle]N"
"P389437",2,"o 1","ŋeš[tree]N u[ten]NU giŋ[unit]N","ŋeš u giŋ₄",0,"ŋeš[tree]N_u[ten]NU_giŋ[unit]N"
"P271301",352,"r ii 36","ŋešgana[pestle]N","ŋeš-gan-na",0,"ŋešgana[pestle]N"
"P271911",410,"r ii 21","dimlumagurak[instrument]N","dim₃-ma-mar-kur₄-ra",0,"dimlumagurak[instrument]N"
"P332934",391,"r iv 25'","x[NA]NA margida[cart]N","x mar-gid₂-da",0,"x[NA]NA_margida[cart]N"
"P447996",30,"unknown","unknown","unknown",999,"unknown"
"P332934",75,"o i 19'","ildag[poplar]N eden[plain]N","{ŋeš}ildag₂ eden",0,"ildag[poplar]N_eden[plain]N"
"P228105",3,"o i 1'","nisiki[comb]N","{ŋeš}UMBIN",0,"nisiki[comb]N"
"P332934",243,"o iv 14'","{ŋeš}maš-an-ta[NA]NA","{ŋeš}maš-an-ta",0,"{ŋeš}maš-an-ta[NA]NA"
"P224994",5,"o i 2","{ŋeš}SI-x[NA]NA","{ŋeš}SI-x",0,"{ŋeš}SI-x[NA]NA"
"P253238",20,"o 17'","lamtur[nut]N","{ŋeš}lam-tur",0,"lamtur[nut]N"
"P273880",143,"a iv 40'","x[NA]NA","x",0,"x[NA]NA"
"Q000001",96,"96","udu[sheep]N niŋdea[gift]N munus[woman]N","udu niŋ₂-de₂-a munus",0,"udu[sheep]N_niŋdea[gift]N_munus[woman]N"
"P253230",15,"o i 10","apin[plow]N zir[break]V/t","{ŋeš}apin zi",0,"apin[plow]N_zir[break]V/t"
"P271911",153,"unknown","unknown","unknown",1,"unknown"
"P332934",29,"o i 25","garan[bunch]N ŋeštin[vine]N","{ŋeš}ga-ra-an ŋeštin",0,"garan[bunch]N_ŋeštin[vine]N"
"P271911",432,"unknown","unknown","unknown",1,"unknown"
"Q000039",506,"453","niŋkud[~plowshare]N apin[plow]N","{ŋeš}niŋ₂-kud apin",0,"niŋkud[~plowshare]N_apin[plow]N"
"P117395",2,"o 1","ŋešed[key]N","{ŋeš}e₃-a",0,"ŋešed[key]N"
"P271301",16,"o i 13","ŋešgana[tree]N","ŋeš-kin₂",0,"ŋešgana[tree]N"
"P271911",133,"o ii 53","ŋešrin[scales]N 1(AŠ)[NA]NA gun[load]N","rin₂ 1(AŠ) gu₂-un",0,"ŋešrin[scales]N_1(AŠ)[NA]NA_gun[load]N"
"Q000039",81,"64","isimu[sprout]N","{ŋeš}isimu₃{+mu₂}",0,"isimu[sprout]N"
"P247864",373,"o vi 57","{ŋeš}kiŋ₂-BAD[NA]NA","{ŋeš}kiŋ₂-BAD",0,"{ŋeš}kiŋ₂-BAD[NA]NA"
"P273880",404,"c i 7","gag[nail]N kan[gate]N","{ŋeš}gag kan₄",0,"gag[nail]N_kan[gate]N"
"P271771",97,"r i 3'","x[NA]NA guza[chair]N","x gu-za",0,"x[NA]NA_guza[chair]N"
"P273880",194,"b i 44'","namulum[wooden-object]N","{ŋeš}na-mu-lum",0,"namulum[wooden-object]N"
"P271911",231,"o iv 5","gag[nail]N šum[garlic]N sal[thin]V/i","gag šum₂ sal",0,"gag[nail]N_šum[garlic]N_sal[thin]V/i"
"P388265",378,"r vi 19","{ŋeš}ZUM-UL[NA]NA","{ŋeš}ZUM-UL",0,"{ŋeš}ZUM-UL[NA]NA"
"P253233",13,"o i 7","dilim[spoon]N","{ŋeš}dilim₂",0,"dilim[spoon]N"
"P235262",67,"d i 10'","{ŋeš}ŋir₂[NA]NA madu[~boat]N","{ŋeš}ŋir₂ ma₂-du₃",0,"{ŋeš}ŋir₂[NA]NA_madu[~boat]N"
"Q000001",142,"142","maš[goat]N lipiš[innards]N","maš₂ lipiš",0,"maš[goat]N_lipiš[innards]N"
"P447996",122,"r i 4","ŋešnimbar[palm]N šab[cut]V/t","{ŋeš}ŋešnimbar šab",0,"ŋešnimbar[palm]N_šab[cut]V/t"
"P250736",120,"o iv 13","bisaŋ[basket]N zatum[flour]N","{gi}bisaŋ za-tum",0,"bisaŋ[basket]N_zatum[flour]N"
"P271301",297,"r i 25","ŋirigub[footstool]N lammar[deity]N","{ŋeš}ŋiri₃-gub {d}lamma",0,"ŋirigub[footstool]N_lammar[deity]N"
"P346714",50,"r ii 18'","šudul[yoke]N apin[plow]N","{ŋeš}šu₂-dul₄ apin",0,"šudul[yoke]N_apin[plow]N"
"P253866",24,"o i 19'","na[box]N šu[hand]N","{ŋeš}na₅ šu",0,"na[box]N_šu[hand]N"
"P250736",165,"r i 19","{gi}UD-X[NA]NA IG[NA]NA","{gi}UD-X IG",0,"{gi}UD-X[NA]NA_IG[NA]NA"
"P437074",110,"b iii 14'","guza[chair]N gar[knob]N kugsig[gold]N ŋar[place]V/t","{ŋeš}gu-za gar₃ kug-sig₁₇ ŋar",0,"guza[chair]N_gar[knob]N_kugsig[gold]N_ŋar[place]V/t"
"P346714",95,"r iii 17'","gazinbu[pole]N","{ŋeš}gazinbu",0,"gazinbu[pole]N"
"P459217",150,"r ii 19'","tun[container]N muhaldim[cook]N","{ŋeš}tun₃ muhaldim",0,"tun[container]N_muhaldim[cook]N"
"P459218",48,"o ii 28'","malalum[container]N","{ŋeš}malla(BU)",0,"malalum[container]N"
"Q000039",60,"51a","mes[tree]N al₂[NA]NA","{ŋeš}mes al₂",0,"mes[tree]N_al₂[NA]NA"
"P388265",134,"r i 12","šu[hand]N burud[perforate]V/t apin[plow]N","{ŋeš}šu bur₃-bur₃ apin",0,"šu[hand]N_burud[perforate]V/t_apin[plow]N"
"Q000001",352,"352","nim[fly]N mul[star]N","nim mul",0,"nim[fly]N_mul[star]N"
"P388563",3,"o 2","anzam[vessel]N apin[plow]N","{ŋeš}an-za-am apin",0,"anzam[vessel]N_apin[plow]N"
"P332934",262,"o iv 33'","medim[wooden-object]N","{ŋeš}me-dim₂",0,"medim[wooden-object]N"
"P250736",192,"r i 46","dug[pot]N a-x[NA]NA","dug a-x",0,"dug[pot]N_a-x[NA]NA"
"P250364",36,"o ii 11","apin[plow]N","{ŋeš}apin",0,"apin[plow]N"
"P273880",351,"b iv 14","balaŋ[instrument]N x[NA]NA Išbi-Erra[1]PN","{ŋeš}balaŋ x {d}iš-bi-ir₃-ra",0,"balaŋ[instrument]N_x[NA]NA_Išbi-Erra[1]PN"
"P273880",189,"b i 39'","ŋešnud[bed]N siki[hair]N uzud[goat]N sig[put]V/t","ŋeš-nud siki uzud sig₁₀",0,"ŋešnud[bed]N_siki[hair]N_uzud[goat]N_sig[put]V/t"
"P347814",145,"unknown","unknown","unknown",4,"unknown"
"P492330",10,"o i 8","ŋešed[key]N","ŋeš-e₃",0,"ŋešed[key]N"
"P271301",284,"r i 12","na[box]N","{ŋeš}na",0,"na[box]N"
"P332934",333,"r iii 36'","gag[nail]N","{ŋeš}gag",0,"gag[nail]N"
"P347814",250,"d i 5'","gam[crook]N","{ŋeš}gam₃",0,"gam[crook]N"
"Q000001",487,"484","uzu[flesh]N sa[sinew]N","uzu sa",0,"uzu[flesh]N_sa[sinew]N"
"P273880",177,"b i 20'","ŋešnud[bed]N","ŋeš-nud",0,"ŋešnud[bed]N"
"P247864",383,"o vii 2'","{ŋeš}x[NA]NA","{ŋeš}x",0,"{ŋeš}x[NA]NA"
"P388265",266,"r iv 6","šuʾa[stool]N ašgab[leatherworker]N","{ŋeš}šu₂-a ašgab",0,"šuʾa[stool]N_ašgab[leatherworker]N"
"Q000001",67,"67","udu[sheep]N lipiš[innards]N","udu lipiš",0,"udu[sheep]N_lipiš[innards]N"
"P332934",300,"r iii 3'","ma[ship]N {d}illat[NA]NA","{ŋeš}ma₂ {d}illat",0,"ma[ship]N_{d}illat[NA]NA"
"P347814",124,"b ii 8'","{ŋeš}šu-x[NA]NA","{ŋeš}šu-x",0,"{ŋeš}šu-x[NA]NA"
"P429503",17,"o i 14","ŋeštin[vine]N","{ŋeš}ŋeštin",0,"ŋeštin[vine]N"
"P225059",4,"o i 1","emerah[jug]N","{ŋeš}emerah",0,"emerah[jug]N"
"P250736",279,"r iii 40","gir[oven]N sa[roast]V/t še[barley]N","gir₄ sa še-e",0,"gir[oven]N_sa[roast]V/t_še[barley]N"
"P271911",270,"o iv 36","šušana[fraction]N giŋ[unit]N","šušana giŋ₄",0,"šušana[fraction]N_giŋ[unit]N"
"Q000039",350,"309","zag[side]N madu[~boat]N","{ŋeš}zag ma₂-du₃",0,"zag[side]N_madu[~boat]N"
"Q000001",173,"173","ašgar[kid]N ŋeš[penis]N zu[know]V/t","{munus}aš₂-gar₃ ŋeš₃ zu",0,"ašgar[kid]N_ŋeš[penis]N_zu[know]V/t"
"P447996",81,"o v 6","hašhur[apple]N še[barley]N eštub[carp]N","{ŋeš}hašhur še eštub",0,"hašhur[apple]N_še[barley]N_eštub[carp]N"
"P347814",150,"unknown","unknown","unknown",999,"unknown"
"P459225",9,"r i 4'","sa[sinew]N pana[bow]N","{ŋeš}sa pana",0,"sa[sinew]N_pana[bow]N"
"P253228",56,"r i 20","{ŋeš}x[NA]NA x-gid₂[NA]NA","{ŋeš}x x-gid₂",0,"{ŋeš}x[NA]NA_x-gid₂[NA]NA"
"Q000039",439,"392","dula[depth]N ig[door]N","{ŋeš}dun₃-la₂ ig",0,"dula[depth]N_ig[door]N"
"P459217",13,"i 12'","hašhur[apple]N damšelum[plant]N","{ŋeš}hašhur dam-ši-lum",0,"hašhur[apple]N_damšelum[plant]N"
"P332934",224,"o iii 62","ŋali[~palm]N ŋešnimbar[palm]N","{ŋeš}ŋa₂-ŋa₂-na ŋešnimbar",0,"ŋali[~palm]N_ŋešnimbar[palm]N"
"Q000039",171,"145","{ŋeš}u₅[NA]NA","{ŋeš}u₅",0,"{ŋeš}u₅[NA]NA"
"Q000039",238,"202","izzi[wall]N guza[chair]N","{ŋeš}i-zi gu-za",0,"izzi[wall]N_guza[chair]N"
"P332934",317,"r iii 20'","ki[place]N ma[ship]N","{ŋeš}ki ma₂",0,"ki[place]N_ma[ship]N"
"P388265",417,"unknown","unknown","unknown",2,"unknown"
"P447996",187,"r ii 24","ma[ship]N DIM₂[NA]NA","{ŋeš}ma₂ DIM₂",0,"ma[ship]N_DIM₂[NA]NA"
"P447996",204,"unknown","unknown","unknown",5,"unknown"
"P250736",200,"r ii 4","{dug}x-x[NA]NA","{dug}x-x",0,"{dug}x-x[NA]NA"
"Q000039",335,"295","Magurnubzu[1]ON","{ŋeš}ma₂-gur₈-nu-ub-zu",0,"Magurnubzu[1]ON"
"P273880",5,"a i 1'","{ŋeš}x-x[NA]NA","{ŋeš}x-x",0,"{ŋeš}x-x[NA]NA"
"P271911",140,"o ii 59","dilim[spoon]N ŋešrin[scales]N","dilim₂ rin₂",0,"dilim[spoon]N_ŋešrin[scales]N"
"P437074",51,"b i 12''","gizulumma[nettle?]N","{ŋeš}gi-zu₉-lum-ma",0,"gizulumma[nettle?]N"
"P250736",7,"o i 3","gi[reed]N","gi",0,"gi[reed]N"
"P250736",320,"r iv 38","bad[wall]N gal[big]V/i","bad₃ gu-la",0,"bad[wall]N_gal[big]V/i"
"P346714",93,"r iii 15'","madal[pole]N","{ŋeš}madla(BU)",0,"madal[pole]N"
"P273880",623,"c iv 57","ŋeškur[tree]N","ŋeš-kur",0,"ŋeškur[tree]N"
"P332934",289,"r iii 16","ma[ship]N kud[cut]V/t","{ŋeš}ma₂ kud",0,"ma[ship]N_kud[cut]V/t"
"P332934",5,"o i 1","taškarin[boxwood]N","{ŋeš}taškarin",0,"taškarin[boxwood]N"
"P250736",89,"o iii 23","gigur[container]N innu[straw]N","gi-gur in-nu-da",0,"gigur[container]N_innu[straw]N"
"P271911",287,"o iv 50","sa[net]N ŋeš[tree]N","sa ŋeš",0,"sa[net]N_ŋeš[tree]N"
"P370399",88,"o iii 27'","dilim[spoon]N","{ŋeš}dilim₂-dilim₂",0,"dilim[spoon]N"
"P347814",51,"a ii 22'","{ŋeš}x[NA]NA","{ŋeš}x",0,"{ŋeš}x[NA]NA"
"Q000001",457,"456","uzu[flesh]N ŋiripadra[bone]N gid[long]V/i","uzu ŋiri₃-pad-ra₂ gid₂",0,"uzu[flesh]N_ŋiripadra[bone]N_gid[long]V/i"
"Q000039",318,"280","ma[ship]N ninnu[fifty]NU gur[unit]N","{ŋeš}ma₂ ninnu gur",0,"ma[ship]N_ninnu[fifty]NU_gur[unit]N"
